1, -1068.186720, 0.000000, 625, 0.925253 
1, -818.395516, 0.525641, 1251, 2.703142 
2, -403.368250, 0.660333, 1877, 5.409898 
3, -402.361785, 0.590717, 2503, 7.902709 
4, -224.349635, 0.654240, 5633, 30.012618 
5, -110.548203, 0.682427, 6885, 42.716302 
6, -108.083858, 0.647896, 8763, 53.890404 
7, -32.398947, 0.763189, 10015, 67.626017 
8, 42.853164, 0.734584, 10641, 79.405445 
9, 46.897481, 0.689060, 14397, 155.865096 
10, 50.037339, 0.617677, 20031, 378.248993 
11, 82.828563, 0.729490, 37559, 1445.403306 
12, 94.591723, 0.604211, 44445, 2145.536285 
13, 96.631996, 0.486509, 74493, 7006.698129 
14, 96.631996, 0.504999, 75119, 7200.750611 
