1, -129.828485, 0.000000, 625, 0.114821 
1, -113.025936, 0.556401, 6885, 44.310978 
2, -106.096974, 0.541169, 7511, 51.048627 
3, -104.214303, 0.512571, 8763, 62.701003 
4, -83.763544, 0.550739, 25039, 375.110686 
5, -70.802961, 0.554753, 26291, 398.341822 
6, -67.952982, 0.560435, 32551, 598.939058 
7, -65.747392, 0.711082, 33803, 650.156929 
8, -22.670336, 0.618683, 35055, 735.396774 
9, -11.419268, 0.549021, 70111, 4790.702425 
10, -2.157757, 0.547982, 71363, 5003.758421 
11, 19.282304, 0.548950, 72615, 5201.533537 
12, 19.579320, 0.543605, 77623, 6143.935563 
13, 23.694119, 0.541147, 79501, 6510.508265 
14, 23.694119, 0.520776, 83257, 7200.007718 
