1, -566.342763, 0.000000, 625, 0.202721 
1, -530.764341, 0.556122, 3129, 10.331641 
2, -507.076718, 0.514685, 3755, 19.609725 
3, -257.097865, 0.592548, 4381, 31.753274 
4, -231.377155, 0.621986, 5633, 57.032485 
5, -220.668592, 0.554032, 7511, 107.317745 
6, -207.715377, 0.528287, 8137, 123.822698 
7, -195.289443, 0.688431, 11893, 225.499021 
8, -176.902009, 0.712087, 14397, 289.203693 
9, -143.965047, 0.702240, 15023, 293.817718 
10, -133.370388, 0.697259, 15649, 301.133735 
11, -125.280536, 0.662362, 17527, 334.994730 
12, -119.985872, 0.652049, 18153, 341.077709 
13, -111.387699, 0.670222, 28169, 594.125759 
14, -107.226311, 0.665647, 28795, 610.521756 
15, -92.587850, 0.649367, 30047, 647.947756 
16, -90.629799, 0.607209, 35055, 818.275746 
17, -83.249842, 0.568542, 40063, 1008.002812 
18, -79.977337, 0.527010, 48201, 1487.148058 
19, -66.740537, 0.529571, 49453, 1575.598088 
20, -49.212543, 0.480639, 98281, 6636.359745 
21, -33.666898, 0.507289, 101411, 7142.992992 
22, -33.666898, 0.506720, 101411, 7200.187955 
