1, -657.131364, 0.000000, 625, 0.439002 
1, -499.074619, 0.630807, 1877, 4.540185 
2, -429.078139, 0.735922, 2503, 6.879382 
3, -118.659164, 0.722876, 4381, 13.858585 
4, -112.550485, 0.674757, 5007, 19.118697 
5, -108.103210, 0.473590, 25039, 326.483764 
6, -90.045402, 0.495195, 28169, 384.604291 
7, -56.851567, 0.693169, 30673, 464.300198 
8, -28.552325, 0.677806, 31299, 483.122638 
9, -22.791707, 0.680412, 31925, 519.730741 
10, 1.687868, 0.529475, 43819, 1436.612076 
11, 1.687868, 0.427371, 82631, 7200.432030 
