1, -604.585329, 0.000000, 625, 0.306823 
1, -224.439908, 0.584762, 2503, 7.585292 
2, -149.711711, 0.548780, 5007, 20.936492 
3, -147.959685, 0.484496, 16275, 153.035491 
4, -108.767858, 0.614171, 18153, 188.837624 
5, -61.379066, 0.690501, 21283, 269.090044 
6, -43.011505, 0.690212, 21909, 291.849897 
7, -14.090707, 0.657524, 28169, 499.523287 
8, 0.461102, 0.654877, 28795, 519.436356 
9, 10.125145, 0.649063, 30047, 568.563920 
10, 10.163981, 0.602232, 88265, 6763.993600 
11, 10.163981, 0.601984, 90769, 7201.482319 
