1, -636.854979, 0.000000, 625, 0.368355 
1, -581.874208, 0.451282, 1877, 4.102810 
2, -135.854176, 0.493671, 3129, 8.764440 
3, -132.151047, 0.498148, 6259, 28.989156 
4, -122.906844, 0.509939, 6885, 33.262462 
5, -109.507496, 0.600945, 9389, 58.908810 
6, -85.088862, 0.589309, 10015, 62.901187 
7, -76.364568, 0.577792, 10641, 67.759588 
8, -75.092914, 0.708873, 12519, 113.433782 
9, -71.638288, 0.704232, 13145, 122.468196 
10, -55.032401, 0.634595, 15023, 179.011373 
11, -47.060639, 0.847789, 15649, 217.320723 
12, -39.070762, 0.585430, 28169, 1168.744671 
13, -35.608056, 0.496850, 48201, 3879.984546 
14, -23.427072, 0.528679, 49453, 4200.676884 
15, -15.338756, 0.529528, 50705, 4401.599639 
16, -8.057279, 0.535216, 60095, 6134.084531 
17, -8.057279, 0.508941, 64477, 7200.400077 
