1, -118.593123, 0.635281, 5633, 17.983522 
2, -113.742328, 0.613753, 8763, 45.665168 
3, -108.965865, 0.518900, 11893, 91.958549 
4, -102.099279, 0.681729, 17527, 177.212812 
5, -92.329248, 0.618970, 20031, 237.279527 
6, -88.762454, 0.597430, 20657, 245.199514 
7, -49.801436, 0.608104, 21283, 262.644430 
8, -49.293394, 0.603784, 21909, 276.853366 
9, -45.275028, 0.601171, 22535, 283.574484 
10, -37.469128, 0.591045, 23787, 307.057738 
11, -34.717746, 0.507342, 33177, 667.258826 
12, -22.704125, 0.625230, 38811, 1025.668934 
13, 51.294811, 0.664228, 40063, 1133.297552 
14, 51.294811, 0.482438, 85761, 7200.263263 
