1, -803.895254, 0.607143, 1251, 1.985171 
2, -567.290262, 0.507868, 1877, 2.909698 
3, -150.417504, 0.614286, 2503, 7.405019 
4, -143.384542, 0.538291, 3755, 19.501870 
5, -112.898311, 0.565801, 5007, 30.096531 
6, -111.376997, 0.540157, 5633, 32.722533 
7, -110.710378, 0.521803, 6259, 42.576136 
8, -58.726566, 0.581761, 10015, 89.028391 
9, -55.302866, 0.564483, 12519, 135.926651 
10, -40.738807, 0.567720, 36307, 1388.059501 
11, -35.909518, 0.558580, 37559, 1560.089692 
12, -31.008554, 0.551506, 38185, 1582.678425 
13, 11.616059, 0.540852, 41941, 1898.215727 
14, 14.303723, 0.461093, 69485, 5916.048252 
15, 14.303723, 0.440186, 75119, 7200.084948 
