1, -111.744109, 0.427203, 1877, 4.085038 
2, -111.117916, 0.471218, 3755, 10.382684 
3, -106.563201, 0.455755, 8763, 49.934218 
4, -106.499589, 0.475131, 28795, 448.683567 
5, -91.811141, 0.709519, 43193, 1144.044141 
6, -84.602843, 0.696678, 43819, 1159.019141 
7, -77.597539, 0.685834, 47575, 1282.028149 
8, -22.559659, 0.736536, 48827, 1324.185860 
9, -22.006651, 0.721191, 50705, 1415.268913 
10, -21.615213, 0.714286, 51331, 1443.004614 
11, -19.212892, 0.708310, 51957, 1461.734601 
12, -16.880634, 0.691412, 53835, 1546.361294 
13, -7.396073, 0.702305, 58217, 1807.954999 
14, 20.396006, 0.703944, 58843, 1832.553506 
15, 21.690352, 0.687875, 63225, 2139.377555 
16, 25.556131, 0.626776, 69485, 2652.049906 
17, 28.150950, 0.619577, 72615, 2913.169959 
18, 33.464561, 0.640916, 73241, 2973.869098 
19, 36.870907, 0.638703, 74493, 3060.744809 
20, 43.142901, 0.594335, 89517, 4797.384690 
21, 56.976038, 0.579248, 90769, 4980.240222 
22, 64.464938, 0.525461, 95151, 5607.547770 
23, 64.464938, 0.505260, 103915, 7201.052662 
