1, -406.688335, 0.662338, 1251, 2.034105 
2, -339.926288, 0.426230, 2503, 5.405518 
3, -225.493577, 0.512744, 3755, 11.655132 
4, -125.379758, 0.654309, 6259, 22.260632 
5, -124.711319, 0.550672, 20657, 182.584013 
6, -118.432978, 0.545765, 26917, 316.895933 
7, -116.058907, 0.523789, 29421, 410.245744 
8, -113.160086, 0.535521, 33177, 505.003670 
9, -112.805985, 0.513409, 60095, 1546.178441 
10, -112.122543, 0.516276, 77623, 2803.891727 
11, -112.078332, 0.514188, 82005, 3107.087096 
12, -112.078332, 0.535422, 123321, 7200.148324 
