1, -647.467577, 0.610390, 1251, 1.415446 
2, -326.557603, 0.683761, 3129, 8.442931 
3, -127.233808, 0.690909, 4381, 11.483732 
4, -99.332916, 0.720739, 5633, 20.842070 
5, -98.593936, 0.688101, 8137, 43.971219 
6, -95.415700, 0.639388, 9389, 50.462078 
7, -70.951149, 0.656914, 38185, 741.641501 
8, -63.175685, 0.660158, 39437, 786.146775 
9, -62.954599, 0.657001, 40063, 804.870066 
10, -44.930393, 0.652180, 40689, 822.543135 
11, -42.825171, 0.649787, 41315, 855.712384 
12, -42.784958, 0.645420, 43193, 929.162673 
13, -39.232751, 0.636284, 45697, 1037.907044 
14, -37.231628, 0.624384, 48827, 1201.819380 
15, -36.077703, 0.591997, 60721, 2015.797159 
16, -29.708498, 0.605674, 76371, 3382.718251 
17, -23.041418, 0.605045, 76997, 3433.849770 
18, -22.125530, 0.592647, 87013, 4640.035054 
19, -22.125530, 0.601354, 107671, 7200.467519 
