1, -176.315746, 0.530952, 1877, 2.066932 
2, -129.758593, 0.475894, 3755, 8.957776 
3, -113.348260, 0.498954, 6259, 19.333919 
4, -112.333982, 0.531769, 6885, 26.361138 
5, -107.842743, 0.503697, 7511, 32.020246 
6, -86.609916, 0.596400, 16901, 203.477495 
7, -85.620987, 0.620968, 17527, 216.112521 
8, -83.677814, 0.632292, 18153, 232.051456 
9, -77.611537, 0.622987, 18779, 248.803893 
10, -76.353899, 0.627730, 20031, 275.534418 
11, -70.783453, 0.617905, 21283, 313.488743 
12, -69.728006, 0.586454, 25665, 462.175653 
13, -69.144532, 0.586188, 36933, 870.860070 
14, -46.887024, 0.529506, 65729, 2707.836655 
15, -37.467334, 0.516775, 66981, 2807.176296 
16, -25.765022, 0.452747, 75745, 4137.489450 
17, -25.765022, 0.453255, 89517, 7200.012522 
