1, -348.491289, 0.544236, 1877, 3.143604 
2, -136.260672, 0.617605, 3755, 9.791165 
3, -103.554893, 0.603133, 4381, 11.635972 
4, -60.861480, 0.690590, 22535, 223.498569 
5, -57.934580, 0.639521, 26917, 306.947627 
6, -57.611751, 0.541715, 31925, 485.835220 
7, -52.457486, 0.591205, 32551, 521.794199 
8, -49.974244, 0.582329, 37559, 732.112529 
9, -28.728896, 0.629018, 40063, 832.128455 
10, -25.320496, 0.623266, 43193, 1110.506871 
11, -17.271275, 0.606843, 50079, 1517.451689 
12, -17.271275, 0.548154, 106419, 7200.471016 
