1, -111.707777, 0.525488, 8137, 50.824085 
2, -111.612101, 0.511410, 9389, 63.661399 
3, -109.904571, 0.557758, 10015, 70.142126 
4, -109.545598, 0.548004, 10641, 82.899794 
5, -108.918141, 0.464728, 25665, 281.793928 
6, -104.295176, 0.460000, 27543, 315.051271 
7, -57.092616, 0.744409, 75745, 2349.403751 
8, -45.908306, 0.740336, 76371, 2378.505096 
9, -35.745395, 0.709491, 77623, 2469.034765 
10, -17.007941, 0.718645, 78875, 2583.573385 
11, -16.552185, 0.688655, 79501, 2675.015163 
12, 5.939487, 0.662290, 80127, 2770.552999 
13, 12.563497, 0.529630, 87013, 3560.370074 
14, 48.862929, 0.580649, 91395, 4214.316512 
15, 48.862929, 0.561904, 112053, 7200.488269 
