1, -506.319691, 0.425311, 2503, 4.329445 
2, -461.148650, 0.434084, 3755, 6.920157 
3, -154.282775, 0.538622, 6259, 17.175432 
4, -129.093089, 0.515355, 6885, 19.859259 
5, -122.443430, 0.503100, 7511, 25.218760 
6, -122.401015, 0.541772, 11267, 68.784451 
7, -117.429886, 0.535906, 13771, 97.835810 
8, -116.720868, 0.536654, 15023, 116.754847 
9, -116.662357, 0.550261, 20031, 177.356314 
10, -84.589730, 0.549985, 24413, 246.380667 
11, -77.108701, 0.536324, 25665, 259.861701 
12, -76.034579, 0.550019, 33177, 405.981486 
13, -45.121843, 0.672730, 35681, 456.679968 
14, -44.621347, 0.661996, 36933, 496.094897 
15, -37.151295, 0.656699, 37559, 522.665647 
16, -23.001387, 0.640623, 39437, 607.243800 
17, -10.706714, 0.506010, 79501, 4240.607687 
18, -7.140902, 0.496648, 95151, 6782.935575 
19, -7.140902, 0.499615, 97029, 7200.598057 
