1, -587.092796, 0.607143, 2503, 5.902685 
2, -430.579801, 0.688841, 3755, 19.724353 
3, -336.854999, 0.740683, 4381, 26.360046 
4, -202.039639, 0.734694, 5007, 33.262015 
5, -162.597398, 0.684653, 6885, 58.160295 
6, -151.008431, 0.669261, 7511, 64.796702 
7, -137.929746, 0.669176, 8137, 68.600854 
8, -131.737111, 0.651963, 8763, 77.430062 
9, -126.700481, 0.634518, 9389, 80.777606 
10, -124.850979, 0.624137, 13145, 125.879650 
11, -110.288148, 0.564205, 38811, 697.291329 
12, -108.132060, 0.566004, 57591, 1560.513766 
13, -106.010174, 0.535570, 117061, 6041.342223 
14, -106.010174, 0.537909, 128955, 7200.311891 
