1, -115.152038, 0.603859, 8137, 41.909500 
2, -47.457292, 0.592650, 20657, 237.968752 
3, -43.154387, 0.626723, 25665, 344.967769 
4, -40.624546, 0.614465, 28169, 496.753216 
5, -39.719176, 0.632293, 30673, 635.633236 
6, -38.273817, 0.631280, 31299, 658.656348 
7, -37.885532, 0.624014, 33177, 726.389410 
8, -37.050682, 0.622199, 33803, 777.359925 
9, -34.241122, 0.620543, 34429, 785.710663 
10, -30.407430, 0.601479, 39437, 968.462749 
11, -11.890393, 0.695516, 98907, 4796.526532 
12, 10.676330, 0.744823, 102037, 5431.159593 
13, 20.446559, 0.737518, 103915, 5581.714474 
14, 20.446559, 0.700201, 116435, 7200.814185 
