1, -378.909065, 0.577922, 1251, 1.619850 
2, -284.127711, 0.696296, 1877, 3.688711 
3, -222.742396, 0.458554, 6259, 56.593934 
4, -219.267744, 0.441569, 6885, 63.185080 
5, -111.629478, 0.578512, 8137, 77.210941 
6, -109.512101, 0.534565, 10015, 98.177498 
7, -107.483473, 0.524100, 11267, 114.873520 
8, -105.484257, 0.525581, 12519, 122.794675 
9, -93.017158, 0.580422, 20031, 286.796615 
10, -82.133992, 0.589736, 21283, 367.649839 
11, -64.065780, 0.559635, 29421, 859.305780 
12, -51.018875, 0.479811, 43193, 2308.089497 
13, -51.018875, 0.442561, 75745, 7200.470001 
