1, -109.820733, 0.629335, 7511, 28.347631 
2, -109.024110, 0.555972, 12519, 88.138905 
3, -107.919906, 0.532597, 16901, 142.281235 
4, -64.128853, 0.643775, 20657, 202.498199 
5, -35.412564, 0.635607, 21283, 220.887008 
6, -33.703858, 0.623789, 21909, 251.370655 
7, -29.033304, 0.613421, 23161, 277.945186 
8, -28.284686, 0.613468, 23787, 303.494310 
9, -21.379251, 0.569112, 28169, 400.608220 
10, -16.980845, 0.541574, 44445, 1031.596920 
11, -12.256847, 0.518463, 70111, 2680.304790 
12, -12.256847, 0.495000, 109549, 7200.276332 
