1, -278.960209, 0.365633, 3755, 9.547096 
2, -182.256632, 0.467949, 5007, 22.841936 
3, -126.218219, 0.508338, 11267, 173.189893 
4, -116.380588, 0.568948, 16901, 352.629574 
5, -114.362618, 0.571048, 17527, 384.347910 
6, -112.120679, 0.553916, 19405, 450.975060 
7, -108.324927, 0.547004, 20031, 477.689312 
8, -107.261367, 0.524735, 25039, 703.140463 
9, -94.927966, 0.687984, 61973, 3715.104996 
10, -76.702990, 0.686201, 62599, 3743.714238 
11, -62.513685, 0.677634, 64477, 3852.997468 
12, -61.498940, 0.671234, 65103, 3886.427213 
13, -46.268173, 0.662353, 66355, 3950.486927 
14, -35.953120, 0.617125, 71363, 4474.391910 
15, -35.953120, 0.559177, 90769, 7200.115342 
