1, -480.312215, 0.429967, 2503, 6.149017 
2, -161.020274, 0.656089, 6259, 40.588324 
3, -156.069530, 0.638751, 6885, 46.001895 
4, -124.814321, 0.639736, 11267, 89.882739 
5, -120.287958, 0.619980, 11893, 114.926950 
6, -119.583710, 0.612524, 16275, 205.068733 
7, -118.690989, 0.581407, 26291, 502.443589 
8, -118.192854, 0.573576, 26917, 517.435740 
9, -107.126696, 0.581710, 31299, 681.215080 
10, -100.848544, 0.578025, 31925, 716.688414 
11, -99.157581, 0.588994, 34429, 781.548464 
12, -95.874301, 0.611183, 35681, 816.324610 
13, -91.933891, 0.623547, 38185, 936.597005 
14, -88.055845, 0.620080, 40063, 1089.295321 
15, -86.926206, 0.589747, 45071, 1391.270975 
16, -81.925329, 0.552774, 60095, 2507.091172 
17, -81.421235, 0.540460, 71363, 3632.862691 
18, -81.421235, 0.530702, 102663, 7200.231644 
