1, -527.693699, 0.667836, 3755, 9.933164 
2, -397.790599, 0.614639, 4381, 11.702597 
3, -341.598175, 0.581395, 5007, 14.972125 
4, -232.939389, 0.650044, 5633, 19.145896 
5, -202.612122, 0.662928, 6885, 30.758583 
6, -172.138301, 0.654282, 7511, 40.047379 
7, -114.802669, 0.639145, 8137, 57.451112 
8, -109.132508, 0.618564, 9389, 109.979721 
9, -45.858425, 0.641763, 12519, 189.573085 
10, -43.880428, 0.624487, 14397, 264.563405 
11, -42.258374, 0.620392, 15023, 306.933297 
12, -40.614888, 0.639358, 16275, 359.904095 
13, -33.671782, 0.609193, 21283, 583.252020 
14, -26.593934, 0.650093, 29421, 1133.699165 
15, -24.006279, 0.627850, 37559, 1594.657175 
16, -22.276559, 0.590009, 40689, 1869.487273 
17, -21.337391, 0.585306, 45071, 2214.187068 
18, -21.335300, 0.612380, 77623, 6131.364107 
19, -21.335300, 0.608167, 84509, 7200.540805 
