1, -838.016778, 0.577778, 1251, 2.956765 
2, -760.999560, 0.417553, 1877, 5.511239 
3, -480.951425, 0.691974, 2503, 8.198586 
4, -158.307802, 0.603395, 3129, 12.883528 
5, -155.657426, 0.675015, 4381, 58.650324 
6, -82.039772, 0.695482, 5007, 82.007073 
7, -44.510551, 0.721394, 21283, 699.084309 
8, -25.600453, 0.720197, 21909, 730.276311 
9, -17.501738, 0.532657, 28795, 1217.631650 
10, -2.095614, 0.538769, 30047, 1316.607200 
11, 61.531799, 0.476975, 37559, 2032.287955 
12, 65.942892, 0.451009, 38811, 2117.291398 
13, 81.832000, 0.413485, 45071, 2899.146973 
14, 103.662137, 0.403656, 53209, 3884.801839 
15, 103.662137, 0.580719, 72615, 7200.245836 
