1, -474.675645, 0.568831, 1877, 2.678274 
2, -352.104902, 0.494792, 3129, 12.821536 
3, -274.968946, 0.672684, 4381, 22.626923 
4, -263.854396, 0.585193, 5633, 49.703890 
5, -244.504475, 0.459472, 14397, 167.953655 
6, -113.731123, 0.513330, 15023, 177.892295 
7, -110.973335, 0.505283, 18153, 220.460977 
8, -107.965820, 0.535396, 20657, 282.227153 
9, -93.087196, 0.521731, 32551, 618.716818 
10, -75.134749, 0.649481, 33803, 681.653748 
11, -72.311599, 0.612571, 37559, 907.075761 
12, -38.053975, 0.677296, 40689, 1054.881093 
13, -37.145218, 0.672446, 41315, 1106.905097 
14, 41.822268, 0.670932, 41941, 1142.483431 
15, 41.822268, 0.528284, 83883, 7200.732014 
