1, -128.541996, 0.489796, 1877, 2.786613 
2, -90.186291, 0.605899, 15023, 134.325744 
3, -84.279916, 0.582629, 16275, 154.232492 
4, -78.314106, 0.566932, 18779, 188.326192 
5, -65.351649, 0.566712, 21909, 255.225304 
6, -61.575125, 0.554838, 28169, 473.832718 
7, -56.041620, 0.510225, 30673, 584.777138 
8, -54.283728, 0.505881, 32551, 671.590789 
9, -23.756050, 0.558989, 33177, 699.075502 
10, -12.003385, 0.564942, 60721, 3099.021664 
11, -10.947682, 0.542031, 62599, 3521.823722 
12, -7.910529, 0.489193, 70111, 4598.091166 
13, -6.322709, 0.471279, 81379, 6555.600756 
