1, -340.418708, 0.496296, 1251, 2.127852 
2, -157.347405, 0.421384, 3129, 8.507278 
3, -136.287454, 0.560821, 4381, 17.786751 
4, -123.981401, 0.570431, 5633, 24.280497 
5, -25.068215, 0.568754, 10015, 75.078774 
6, -17.134693, 0.567750, 10641, 79.615918 
7, -15.810816, 0.549652, 12519, 112.112576 
8, -12.609721, 0.565725, 22535, 450.536698 
9, -11.642349, 0.563577, 23161, 481.765263 
10, 1.424820, 0.601806, 24413, 519.939735 
11, 23.828563, 0.602777, 25039, 539.564346 
12, 33.710022, 0.588873, 30673, 770.037257 
13, 33.710022, 0.616350, 92021, 7200.761625 
