1, -349.510839, 0.488889, 1251, 1.739960 
2, -294.159802, 0.439394, 2503, 5.908734 
3, -272.748968, 0.416361, 4381, 14.077716 
4, -133.803156, 0.600664, 5007, 19.175032 
5, -122.963546, 0.530890, 11267, 103.629394 
6, -117.591654, 0.544444, 15023, 181.119719 
7, -57.408603, 0.599371, 18779, 253.025088 
8, -29.972500, 0.576972, 20657, 297.037050 
9, -8.600335, 0.546940, 21909, 316.972588 
10, -1.115573, 0.558787, 25665, 440.596277 
11, 92.145864, 0.643863, 66355, 2678.405592 
12, 95.484903, 0.682400, 74493, 4011.324733 
13, 104.053694, 0.681229, 75119, 4061.529113 
14, 113.143464, 0.663456, 78875, 4703.394657 
15, 129.892365, 0.652234, 83883, 5626.017212 
16, 129.892365, 0.605505, 92021, 7200.045775 
