1, -521.445066, 0.531828, 2503, 9.689156 
2, -321.674077, 0.538462, 3129, 15.759826 
3, -135.290878, 0.544160, 4381, 18.984467 
4, -126.538128, 0.477132, 5633, 24.637667 
5, -125.600535, 0.516067, 34429, 543.591102 
6, -124.093172, 0.523216, 45697, 890.910325 
7, -116.297144, 0.574366, 52583, 1237.341417 
8, -111.302865, 0.542396, 62599, 1742.793674 
9, 4.921758, 0.596694, 84509, 3875.104465 
10, 7.347929, 0.580647, 85761, 4003.902162 
11, 42.351783, 0.579051, 86387, 4097.006928 
12, 42.351783, 0.491700, 101411, 7200.103437 
