1, -130.228925, 0.350536, 8137, 54.014863 
2, -127.810542, 0.403524, 11893, 111.649056 
3, -123.582555, 0.396658, 19405, 270.383800 
4, -72.812323, 0.616627, 22535, 343.954449 
5, -63.445194, 0.543470, 27543, 547.739811 
6, -60.598507, 0.507569, 33803, 940.079989 
7, -44.272695, 0.516671, 37559, 1194.037949 
8, -15.317875, 0.572928, 38185, 1266.124502 
9, -13.255932, 0.564088, 39437, 1330.276044 
10, -11.408286, 0.550232, 40689, 1432.776422 
11, 9.657472, 0.550649, 41315, 1503.931171 
12, 34.174337, 0.540302, 41941, 1551.759005 
13, 56.923276, 0.493013, 59469, 3434.528587 
14, 56.923276, 0.449722, 85761, 7200.194193 
