1, -616.216528, 0.559259, 1251, 3.066016 
2, -610.044638, 0.454545, 1877, 4.990637 
3, -593.620528, 0.385151, 2503, 8.475363 
4, -109.863709, 0.550000, 3129, 9.693721 
5, -109.758793, 0.465389, 5633, 19.291452 
6, -107.796790, 0.437766, 29421, 454.503483 
7, -93.220825, 0.621053, 60095, 1907.150810 
8, -40.048680, 0.570067, 68233, 2605.024662 
9, -19.168563, 0.570905, 70111, 2876.595490 
10, -9.355126, 0.549956, 75119, 3724.785696 
11, -8.609545, 0.572690, 75745, 3783.211674 
12, -3.355992, 0.568779, 77623, 3918.038813 
13, 2.880249, 0.546668, 98281, 6131.224464 
14, 2.880249, 0.543945, 105793, 7200.354791 
