1, -912.878951, 0.466667, 1251, 2.820215 
2, -676.921302, 0.721591, 1877, 4.601090 
3, -533.945677, 0.646681, 2503, 8.065657 
4, -281.891340, 0.566502, 3129, 12.604818 
5, -140.336722, 0.524175, 6259, 33.481957 
6, -139.505891, 0.448422, 10015, 63.309956 
7, -136.072476, 0.505315, 16901, 141.964485 
8, -132.045967, 0.501924, 33803, 539.795270 
9, -121.503862, 0.535951, 35681, 593.221718 
10, -119.382269, 0.526537, 36933, 631.908983 
11, -118.327313, 0.510617, 41941, 853.896699 
12, -115.727923, 0.503389, 49453, 1245.742418 
13, -113.612590, 0.495822, 55713, 1527.695066 
14, -104.886780, 0.632159, 65103, 1984.778726 
15, -76.578196, 0.629730, 65729, 2071.855212 
16, -76.203112, 0.618128, 70111, 2426.537642 
17, -66.804774, 0.592912, 83883, 3574.347979 
18, -66.694653, 0.572021, 90143, 4219.091310 
19, -66.694653, 0.546654, 112679, 7200.911284 
