1, -106.881395, 0.560622, 15649, 196.666773 
2, -82.296799, 0.565413, 16901, 235.747336 
3, -60.347631, 0.567173, 17527, 254.415076 
4, -60.048409, 0.550312, 18779, 283.119839 
5, -44.193178, 0.543091, 19405, 304.816940 
6, -25.446914, 0.661379, 24413, 613.527383 
7, -10.924379, 0.545615, 26291, 795.772294 
8, -3.249651, 0.503863, 31299, 1578.520193 
9, 13.532376, 0.518882, 61973, 6037.439002 
10, 15.550061, 0.516916, 62599, 6178.503717 
11, 34.772844, 0.515351, 63225, 6298.259229 
12, 34.772844, 0.508037, 65729, 7201.306165 
