1, -1001.344701, 0.000000, 625, 0.890546 
1, -912.878951, 0.467391, 1251, 3.126078 
2, -664.365356, 0.608939, 1877, 5.384297 
3, -567.161059, 0.524027, 2503, 8.385916 
4, -158.132850, 0.618440, 4381, 18.068437 
5, -147.346852, 0.643512, 5007, 21.905295 
6, -131.524446, 0.655502, 5633, 28.759889 
7, -125.370274, 0.558634, 11267, 87.422729 
8, -119.905676, 0.539801, 11893, 93.247905 
9, -103.691792, 0.578529, 14397, 138.018771 
10, -88.158371, 0.549936, 16901, 172.123943 
11, -83.493236, 0.584131, 23161, 278.084774 
12, -80.786151, 0.618731, 26291, 375.027642 
13, -76.870685, 0.618559, 26917, 384.749723 
14, -17.709112, 0.639034, 32551, 579.210711 
15, -13.216725, 0.639462, 35681, 691.938891 
16, -11.745348, 0.600301, 36933, 724.066506 
17, -10.224742, 0.597400, 38185, 749.674055 
18, 2.501924, 0.600874, 39437, 791.749369 
19, 17.172636, 0.511230, 56339, 1688.612538 
20, 19.196843, 0.525129, 70737, 2906.903846 
21, 31.687712, 0.551609, 92647, 5247.159622 
22, 38.899321, 0.543045, 95151, 5822.657879 
23, 38.899321, 0.520642, 103289, 7201.041788 
