1, -981.698768, 0.000000, 625, 0.799253 
1, -838.016778, 0.608696, 1251, 2.176974 
2, -149.059213, 0.612565, 1877, 4.901583 
3, -140.862780, 0.534110, 5007, 26.807633 
4, -138.539154, 0.532461, 9389, 120.732252 
5, -136.734344, 0.603001, 10015, 141.635386 
6, -120.892507, 0.562559, 11893, 235.923222 
7, -116.775922, 0.552313, 12519, 279.076581 
8, -113.956126, 0.540672, 15649, 435.810569 
9, -113.870676, 0.500152, 22535, 838.086992 
10, -106.467041, 0.504432, 25665, 1066.643000 
11, -97.163567, 0.601522, 26917, 1139.258495 
12, -84.212203, 0.583113, 39437, 2362.028759 
13, -78.111761, 0.514085, 42567, 2896.344454 
14, -47.847441, 0.607021, 50079, 3742.793863 
15, -3.909137, 0.605280, 51331, 3841.784944 
16, 9.641740, 0.590170, 59469, 5561.546263 
17, 9.641740, 0.572046, 69485, 7200.111136 
