1, -554.767069, 0.000000, 625, 0.226876 
1, -410.431225, 0.605072, 1251, 1.725719 
2, -268.525114, 0.531154, 5633, 25.416031 
3, -147.688120, 0.582897, 6885, 39.102904 
4, -133.545271, 0.546950, 9389, 57.291041 
5, -132.237492, 0.514381, 19405, 270.757428 
6, -129.893185, 0.581389, 21909, 323.025918 
7, -104.409107, 0.579779, 28169, 584.759059 
8, -97.091002, 0.475479, 31299, 789.158671 
9, -52.836105, 0.584246, 43819, 1868.830118 
10, -43.535163, 0.579191, 46323, 2043.284011 
11, 14.783631, 0.573395, 49453, 2384.345199 
12, 20.231989, 0.570255, 50079, 2442.493778 
13, 22.821604, 0.518929, 60721, 4058.163558 
14, 22.821604, 0.482566, 78249, 7200.847294 
