1, -134.220378, 0.000000, 625, 0.217687 
1, -125.506868, 0.684721, 7511, 40.110447 
2, -120.553509, 0.704626, 15023, 148.284138 
3, -105.918633, 0.579741, 15649, 156.310361 
4, -104.167127, 0.697553, 21283, 245.704864 
5, -72.873054, 0.690452, 21909, 276.717070 
6, -61.382779, 0.684763, 23787, 393.934918 
7, -50.248515, 0.564180, 35681, 999.756046 
8, -20.212457, 0.637814, 38185, 1153.311574 
9, -1.500380, 0.598582, 40063, 1329.062937 
10, 6.558512, 0.574508, 40689, 1400.300001 
11, 19.631272, 0.541745, 43193, 1692.923255 
12, 26.229712, 0.498113, 45697, 1968.595750 
13, 44.433110, 0.485334, 46949, 2158.970339 
14, 44.433110, 0.529625, 75119, 7200.724223 
