1, -940.068477, 0.000000, 625, 0.824405 
1, -622.858457, 0.500000, 1251, 1.990827 
2, -609.904457, 0.541779, 1877, 3.613534 
3, -133.098043, 0.656983, 5007, 18.464171 
4, -129.418191, 0.615540, 5633, 22.121054 
5, -127.452548, 0.588011, 6259, 25.897991 
6, -126.449850, 0.574603, 7511, 40.432034 
7, -123.175871, 0.556301, 8137, 44.796511 
8, -122.547078, 0.566785, 11267, 81.067909 
9, -84.745863, 0.590959, 12519, 98.715233 
10, -71.536399, 0.564019, 13771, 118.923380 
11, -63.478693, 0.540099, 14397, 142.031421 
12, -37.404708, 0.548915, 53835, 2320.048584 
13, -22.013258, 0.609521, 54461, 2410.864001 
14, -16.104227, 0.558053, 60095, 3157.194617 
15, -16.104227, 0.477161, 82631, 7200.125473 
