1, -1068.186720, 0.000000, 625, 0.973258 
1, -670.126549, 0.500000, 1251, 2.064449 
2, -423.198782, 0.531335, 1877, 3.436291 
3, -158.746714, 0.431718, 2503, 5.148124 
4, -125.847237, 0.671290, 4381, 16.499120 
5, -121.619867, 0.607362, 5007, 20.369436 
6, -120.140165, 0.623482, 8763, 54.011105 
7, -92.093473, 0.618088, 10641, 74.847996 
8, -79.196208, 0.445775, 21283, 358.814974 
9, -67.667787, 0.460685, 23161, 449.887545 
10, -34.218111, 0.591956, 30673, 850.350971 
11, 79.820539, 0.604006, 69485, 6122.950331 
12, 79.820539, 0.539892, 74493, 7200.680463 
