1, -576.944101, 0.000000, 625, 0.244940 
1, -545.284239, 0.619519, 3755, 14.301571 
2, -539.393267, 0.576973, 4381, 17.738878 
3, -112.587007, 0.674728, 5007, 19.643301 
4, -112.572960, 0.608696, 6885, 34.391395 
5, -110.156156, 0.590666, 8763, 50.811005 
6, -108.036250, 0.577713, 9389, 60.074903 
7, -81.005607, 0.562237, 21283, 289.180628 
8, -77.605067, 0.558311, 23161, 365.944400 
9, -75.217654, 0.537775, 25039, 443.817195 
10, -71.973021, 0.525929, 29421, 607.943223 
11, -70.157381, 0.524379, 30047, 623.582531 
12, -42.681724, 0.538716, 31925, 774.959375 
13, -40.129630, 0.538016, 32551, 793.938370 
14, -39.008895, 0.545030, 35681, 949.186579 
15, -33.945329, 0.544842, 36307, 967.513713 
16, -31.658529, 0.543238, 36933, 994.397497 
17, -16.058313, 0.544328, 37559, 1012.560174 
18, -14.333385, 0.572999, 39437, 1135.589777 
19, -10.190069, 0.551512, 50705, 2398.342080 
20, 0.157165, 0.549018, 52583, 2682.130158 
21, 0.157165, 0.535935, 78875, 7200.408711 
