1, -802.307470, 0.000000, 625, 0.551857 
1, -780.200476, 0.661765, 1877, 4.155129 
2, -645.077593, 0.593870, 2503, 7.792902 
3, -634.315881, 0.626214, 3129, 9.139762 
4, -631.296677, 0.540323, 3755, 12.163149 
5, -262.887878, 0.638858, 5007, 18.196330 
6, -256.867221, 0.610939, 5633, 21.668341 
7, -251.065500, 0.582375, 6259, 24.646185 
8, -244.443245, 0.654644, 6885, 53.022264 
9, -224.171763, 0.474158, 7511, 86.992370 
10, -163.385436, 0.661392, 14397, 183.050330 
11, -162.106386, 0.651737, 15023, 207.989712 
12, -159.334286, 0.628552, 16901, 249.399587 
13, -140.549118, 0.637662, 18153, 282.519014 
14, -138.761023, 0.607639, 25665, 467.140550 
15, -131.342036, 0.603848, 26291, 495.787353 
16, -124.131726, 0.598491, 28795, 552.162300 
17, -123.678502, 0.559269, 38811, 880.873409 
18, -109.245793, 0.561220, 49453, 1361.637616 
19, -108.905259, 0.558652, 50079, 1378.719343 
20, -57.561015, 0.585246, 50705, 1398.681847 
21, -50.633323, 0.582828, 51331, 1413.735937 
22, -47.633743, 0.581061, 52583, 1481.328603 
23, 5.951518, 0.621273, 55087, 1591.891688 
