1, -131.017014, 0.000000, 625, 0.120888 
1, -128.308600, 0.600751, 4381, 14.523568 
2, -114.360836, 0.473020, 8137, 38.915213 
3, -110.934544, 0.508676, 11893, 78.858936 
4, -109.516336, 0.517881, 13771, 99.339890 
5, -108.503289, 0.553111, 20031, 230.268275 
6, -53.866009, 0.647598, 21909, 286.105097 
7, -53.147329, 0.592763, 23161, 327.555089 
8, -20.692894, 0.578664, 25039, 388.612098 
9, -7.484962, 0.541161, 40063, 1302.347283 
10, 8.348076, 0.587344, 40689, 1358.128553 
11, 23.886524, 0.545002, 43193, 1590.510353 
12, 23.886524, 0.506961, 87639, 7200.064975 
