1, -386.743532, 0.000000, 625, 0.288646 
1, -205.462908, 0.568702, 3129, 8.681168 
2, -141.650480, 0.545757, 3755, 12.305807 
3, -67.995513, 0.672402, 8137, 69.308321 
4, -56.436860, 0.644907, 11893, 160.411219 
5, -36.475642, 0.652889, 14397, 236.441494 
6, -20.614811, 0.685459, 15023, 256.374868 
7, -8.914425, 0.764066, 18779, 433.594092 
8, 35.841396, 0.757955, 19405, 483.074471 
9, 80.005586, 0.751007, 20031, 512.173394 
10, 86.619436, 0.457422, 76997, 7092.569487 
11, 86.619436, 0.502580, 77623, 7200.651464 
