1, -138.163689, 0.000000, 625, 0.147441 
1, -109.754905, 0.528242, 7511, 60.226943 
2, -85.205463, 0.602532, 10641, 120.049522 
3, -78.849936, 0.653815, 13771, 172.343657 
4, -77.957100, 0.639219, 15023, 201.515993 
5, -21.040262, 0.686515, 16275, 217.806247 
6, -13.767749, 0.671577, 16901, 238.117898 
7, -7.376600, 0.627927, 19405, 278.503835 
8, 0.237560, 0.596608, 23161, 368.981577 
9, 22.385084, 0.697296, 45071, 1238.044149 
10, 50.208313, 0.680810, 45697, 1288.281934 
11, 61.041480, 0.584533, 48827, 1615.381618 
12, 82.789281, 0.477017, 52583, 2114.748049 
13, 86.193377, 0.430027, 56965, 2882.809647 
14, 86.193377, 0.389362, 78249, 7200.710665 
