1, -636.854979, 0.000000, 625, 0.242539 
1, -589.915076, 0.282609, 1251, 1.349273 
2, -568.167483, 0.639053, 1877, 3.428213 
3, -563.492746, 0.643939, 2503, 5.722174 
4, -171.183367, 0.659427, 3755, 12.686448 
5, -159.785235, 0.632120, 4381, 16.771461 
6, -151.136905, 0.599511, 5633, 31.338166 
7, -112.641366, 0.619879, 7511, 46.707604 
8, -110.369169, 0.579005, 10015, 76.664059 
9, -107.001021, 0.542508, 12519, 105.533434 
10, -82.907552, 0.646958, 18153, 210.722140 
11, -73.901960, 0.511377, 20657, 320.054610 
12, -55.017384, 0.483106, 21909, 388.173105 
13, -42.729072, 0.445059, 26291, 623.708138 
14, -41.954466, 0.479928, 35681, 1134.202373 
15, -25.996522, 0.455300, 39437, 1415.607495 
16, -25.996522, 0.421883, 77623, 7200.286251 
