1, -976.821579, 0.000000, 625, 1.059344 
1, -402.074379, 0.550725, 1251, 3.213443 
2, -177.668770, 0.587097, 2503, 6.902256 
3, -133.850955, 0.549944, 5007, 23.004420 
4, -111.395777, 0.646770, 6885, 43.916548 
5, -109.146609, 0.628906, 7511, 47.781059 
6, -107.341797, 0.547697, 9389, 70.534284 
7, -84.713572, 0.598067, 15649, 212.422001 
8, -83.411533, 0.593333, 16275, 254.588173 
9, -22.744008, 0.632750, 16901, 285.600257 
10, -19.186547, 0.632383, 17527, 322.391339 
11, -14.267916, 0.628607, 20657, 430.584887 
12, -13.251620, 0.629892, 21283, 454.061938 
13, -13.180673, 0.603475, 28795, 915.826193 
14, -9.100771, 0.599001, 30047, 997.803993 
15, -8.045230, 0.646623, 41315, 1937.575896 
16, 50.475900, 0.680286, 43193, 2128.134889 
17, 65.575449, 0.586148, 46323, 2446.281360 
18, 65.575449, 0.446710, 73867, 7200.245492 
