1, -142.910086, 0.000000, 625, 0.162251 
1, -111.065488, 0.628415, 8763, 45.181894 
2, -109.306711, 0.611354, 9389, 53.459646 
3, -109.258980, 0.555717, 14397, 97.021769 
4, -107.241771, 0.525308, 20657, 188.902245 
5, -46.788747, 0.676361, 22535, 216.003344 
6, -32.625366, 0.725733, 23161, 222.271125 
7, -32.040160, 0.718814, 23787, 228.798975 
8, -30.256175, 0.706449, 26291, 294.040528 
9, -25.931477, 0.631862, 39437, 649.377162 
10, -23.906064, 0.643031, 41315, 756.483345 
11, -20.865244, 0.625251, 50079, 1084.961712 
12, -15.475220, 0.616004, 53835, 1270.031971 
13, -15.475220, 0.568961, 125199, 7200.422251 
