0, 9.350000, 0.000000, 100, 0.669153 
1, 155.920000, 0.958000, 200, 24.010141 
2, 355.390000, 0.957726, 301, 70.773708 
3, 367.230000, 0.927310, 402, 173.631968 
4, 401.670000, 0.915973, 503, 227.303650 
5, 414.530000, 0.912581, 604, 290.873047 
6, 463.760000, 0.906111, 806, 437.705021 
7, 465.750000, 0.904746, 907, 520.018737 
8, 469.470000, 0.904350, 1008, 656.549392 
9, 488.070000, 0.909206, 1109, 798.721869 
10, 488.140000, 0.905722, 1614, 1657.897019 
11, 490.860000, 0.904408, 1816, 2060.492439 
12, 499.370000, 0.910791, 2018, 2621.598986 
13, 499.370000, 0.909484, 2322, 3543.018831 
