1, -61.409477, 2.086381, 104375, 120.861715 
2, -21.487599, -5.809375, 311875, 375.936029 
3, -18.807688, -1.351694, 623125, 765.094205 
4, -2.171781, 25.039684, 934375, 1113.537147 
5, -1.774263, 27.786351, 1349375, 1798.495803 
6, -1.688321, 36.037539, 1764375, 2558.446952 
7, 0.099806, 40.165800, 1868125, 2735.858751 
8, 8.760015, 60.430571, 1971875, 2897.579895 
9, 28.779856, 44.033372, 2490625, 3888.837126 
10, 35.031252, 80.957397, 2905625, 5013.277668 
11, 52.159728, 65.571738, 3113125, 5502.467415 
12, 55.005778, 89.303763, 3216875, 5768.320656 
13, 71.015679, 70.286814, 3631875, 6793.938900 
14, 71.015679, 89.020648, 3823125, 7200.018625 
