0, -1457.269832, 0.000000, 101, 3.221484 
1, -1404.381592, -0.040089, 201, 190.655060 
2, -1392.341182, -0.039440, 302, 302.773193 
3, -1207.109786, -0.049412, 403, 387.368989 
4, -1156.074867, -0.040075, 504, 518.382807 
5, -1039.722447, -0.036337, 605, 752.516378 
6, -973.595019, -0.034157, 706, 947.506468 
7, -938.720316, -0.028423, 1211, 1824.619026 
8, -878.256422, -0.025556, 1514, 2281.466066 
9, -875.829377, -0.024255, 1615, 2470.790793 
10, -869.337283, -0.023652, 1716, 2637.304068 
11, -839.229623, -0.021970, 2019, 3117.910694 
12, -776.105732, -0.020350, 2221, 3467.263107 
13, -776.105732, -0.015692, 3636, 7206.535533 
