0, -1350.320579, 0.000000, 101, 2.459004 
1, -1198.564675, -0.053924, 301, 134.137569 
2, -1066.369963, -0.040793, 904, 409.350554 
0, -1210.266224, 0.000000, 101, 4.212701 
0, -1285.827437, 0.000000, 101, 4.725898 
1, -1216.184463, -0.049226, 703, 209.696706 
0, -1210.266224, 0.000000, 101, 2.992159 
2, -1113.214487, -0.045846, 904, 327.709906 
3, -978.274237, -0.043144, 1105, 425.027258 
1, -1156.836985, -0.040765, 1105, 270.426979 
2, -1146.108455, -0.031160, 1708, 465.692120 
4, -912.907924, -0.031359, 1909, 787.134185 
3, -1090.546815, -0.030890, 1909, 541.785519 
4, -1017.753647, -0.032899, 2110, 629.495635 
5, -986.156712, -0.031951, 2311, 735.380744 
6, -924.450798, -0.030184, 4120, 1502.355212 
5, -900.195313, -0.031615, 4120, 1795.203702 
7, -775.305618, -0.026411, 4924, 1771.266037 
6, -883.487431, -0.030967, 5326, 2237.476489 
0, -1207.606491, 0.000000, 100, 4.155913 
0, -1207.606491, 0.000000, 100, 4.441042 
0, -1456.510650, 0.000000, 100, 2.401400 
1, -1390.671091, -0.006134, 300, 90.065672 
2, -966.107228, -0.034702, 510, 140.335738 
3, -942.085833, -0.030884, 720, 210.820505 
0, -1401.637366, 0.000000, 100, 1.729013 
1, -1264.919879, -0.006146, 300, 42.058223 
0, -1401.637366, 0.000000, 100, 1.667665 
1, -1264.919879, -0.006146, 300, 39.670846 
2, -917.287650, -0.033042, 510, 161.971447 
