1, -509.115210, 0.567568, 1877, 3.728313 
2, -249.499890, 0.494764, 2503, 5.237265 
3, -153.230384, 0.532986, 3755, 9.913259 
4, -114.130843, 0.586867, 5007, 14.286753 
5, -109.459727, 0.563522, 5633, 16.086972 
6, -109.131787, 0.509517, 10015, 44.092189 
7, -87.852450, 0.560484, 12519, 65.021267 
8, -79.476014, 0.556850, 13145, 72.060553 
9, -78.068042, 0.547240, 13771, 77.643484 
10, -76.045753, 0.544921, 30673, 596.319082 
11, -54.469380, 0.563551, 35055, 797.308941 
12, -53.990590, 0.562167, 35681, 867.130041 
13, -50.739094, 0.611082, 47575, 1712.626132 
14, -40.281229, 0.605985, 50079, 2065.209896 
15, -38.889514, 0.617436, 50705, 2189.317586 
16, -32.144129, 0.616440, 51331, 2241.612168 
17, -27.633237, 0.608452, 58843, 3263.132516 
18, -22.717118, 0.589724, 64477, 4265.685662 
19, -20.004689, 0.587966, 66981, 4564.515709 
20, -16.365444, 0.580454, 73241, 5757.849433 
21, -16.365444, 0.574080, 80127, 7200.740823 
