1, -612.354167, 0.637540, 1877, 5.631308 
2, -89.906667, 0.673810, 2503, 9.838574 
3, -68.913010, 0.699039, 5007, 29.199089 
4, -67.750208, 0.602710, 16901, 235.766085 
5, -59.408960, 0.665075, 27543, 522.791131 
6, -58.321415, 0.668394, 28169, 567.792283 
7, -42.824787, 0.663931, 28795, 586.641853 
8, -41.869149, 0.651182, 31925, 726.726184 
9, -27.620605, 0.640022, 35055, 875.404856 
10, -22.058938, 0.600097, 35681, 904.674295 
11, -14.077195, 0.581848, 48827, 1815.236288 
12, -14.077195, 0.520361, 89517, 7200.860584 
