1, -777.906602, 0.459091, 1251, 1.768156 
2, -658.766463, 0.559322, 1877, 3.432126 
3, -174.822176, 0.501333, 2503, 5.001082 
4, -110.105772, 0.570093, 3755, 9.744162 
5, -103.856717, 0.480923, 8763, 37.549645 
6, -98.718454, 0.544676, 17527, 149.864144 
7, -81.935620, 0.545757, 20031, 186.264131 
8, -69.440014, 0.539943, 23787, 274.283173 
9, -67.004630, 0.492754, 30047, 475.087141 
10, -54.758704, 0.494184, 37559, 805.438480 
11, -47.784494, 0.478666, 38811, 857.170985 
12, -37.402264, 0.547590, 62599, 2820.248176 
13, -35.629299, 0.541754, 69485, 3389.688182 
14, -17.657533, 0.641297, 71363, 3517.059191 
15, -15.423715, 0.637610, 72615, 3590.293157 
16, -12.834579, 0.649139, 73241, 3631.841135 
17, -12.082315, 0.648101, 73867, 3669.457111 
18, -3.914222, 0.647101, 75119, 3835.242254 
19, 49.099583, 0.630972, 80753, 4394.844568 
20, 82.363389, 0.627147, 81379, 4473.815155 
21, 85.701918, 0.567303, 92647, 5900.766920 
22, 85.701918, 0.599008, 101411, 7200.137708 
