1, -901.368319, 0.450000, 1251, 2.334029 
2, -680.802038, 0.661631, 1877, 3.548242 
3, -219.860826, 0.497154, 3129, 9.988097 
4, -123.649193, 0.573973, 5007, 16.863234 
5, -107.884167, 0.642105, 6259, 27.792119 
6, -60.682521, 0.645311, 8137, 56.964174 
7, -26.469936, 0.615428, 11893, 123.053143 
8, -18.107950, 0.578480, 12519, 141.541176 
9, 27.498546, 0.571700, 16275, 241.586078 
10, 31.848920, 0.573284, 16901, 263.649109 
11, 59.775119, 0.516434, 26291, 583.168631 
12, 62.064572, 0.453997, 47575, 2058.328594 
13, 62.632995, 0.612886, 76371, 5286.089762 
14, 76.405882, 0.601125, 78875, 5652.162373 
15, 76.405882, 0.571760, 85761, 7200.663812 
