1, -434.668851, 0.539474, 1877, 3.064381 
2, -313.203400, 0.569044, 3755, 10.243291 
3, -216.973366, 0.707953, 5007, 15.965681 
4, -95.257052, 0.649819, 5633, 21.705710 
5, -86.805136, 0.615385, 6885, 38.164864 
6, -85.347322, 0.582100, 8137, 47.453012 
7, -82.607164, 0.548881, 10015, 64.118564 
8, -75.346023, 0.530891, 11267, 73.382053 
9, 14.701152, 0.659557, 43193, 825.593243 
10, 16.296541, 0.587304, 45697, 1073.543447 
11, 17.188252, 0.482078, 52583, 1779.655800 
12, 18.486314, 0.482614, 53209, 1817.935463 
13, 21.376935, 0.474900, 56965, 2229.198441 
14, 21.376935, 0.470026, 88265, 7200.840474 
