1, -245.303140, 0.606250, 1877, 2.558253 
2, -145.769917, 0.581140, 2503, 4.655869 
3, -111.248052, 0.666667, 8137, 63.685745 
4, -110.508328, 0.630913, 9389, 77.741035 
5, -65.315129, 0.612569, 14397, 178.837399 
6, -62.304606, 0.608120, 15023, 194.615207 
7, -60.197157, 0.596138, 16275, 218.850522 
8, -49.407085, 0.596205, 16901, 239.026099 
9, -27.238651, 0.581497, 19405, 330.585322 
10, 4.042990, 0.549982, 21909, 416.779935 
11, 6.168654, 0.502192, 26917, 635.542792 
12, 8.180772, 0.512299, 66981, 3698.030976 
13, 11.562688, 0.498997, 73867, 4369.046263 
14, 37.835861, 0.485702, 92021, 6768.528729 
15, 37.835861, 0.485409, 95151, 7200.395662 
