1, -123.234858, 0.449358, 5007, 14.694834 
2, -68.412949, 0.658065, 9389, 39.063787 
3, -41.211162, 0.632801, 10641, 64.381793 
4, -41.105112, 0.622892, 15023, 110.626245 
5, -39.894006, 0.633455, 16275, 133.643370 
6, -32.579991, 0.622127, 19405, 176.669309 
7, -32.530536, 0.582869, 20031, 191.419487 
8, -22.831478, 0.590506, 32551, 520.126775 
9, 40.286621, 0.737871, 50705, 1279.870946 
10, 43.603144, 0.735209, 51331, 1317.515134 
11, 50.626773, 0.726138, 51957, 1349.001627 
12, 72.037073, 0.697687, 53209, 1424.818008 
13, 73.005623, 0.643548, 53835, 1472.103513 
14, 112.095710, 0.630371, 55713, 1617.782124 
15, 120.019927, 0.481432, 80753, 4685.639924 
16, 120.019927, 0.459303, 95777, 7200.358537 
