1, -515.423201, 0.523490, 1877, 3.598008 
2, -382.171736, 0.518625, 2503, 5.791401 
3, -267.179464, 0.614601, 3755, 11.380200 
4, -260.050019, 0.661218, 4381, 14.470777 
5, -238.778974, 0.631362, 5007, 16.493433 
6, -146.317284, 0.578564, 6259, 21.903277 
7, -144.208295, 0.597645, 6885, 25.102540 
8, -116.986763, 0.595806, 9389, 50.216500 
9, -112.298217, 0.578196, 10641, 66.157502 
10, -108.827713, 0.548002, 11893, 79.891073 
11, -30.754468, 0.563295, 13145, 97.313403 
12, -25.221133, 0.566301, 14397, 123.342481 
13, -24.886190, 0.517439, 39437, 1045.111706 
14, 15.909691, 0.557178, 46949, 1579.589545 
15, 21.042550, 0.557579, 48201, 1703.367088 
16, 30.114610, 0.545913, 59469, 2757.435165 
17, 44.769216, 0.548150, 60095, 2815.015545 
18, 58.999630, 0.552828, 65729, 3411.074235 
19, 58.999630, 0.560768, 92021, 7201.052665 
