0, 9.360000, 0.000000, 100, 0.670335 
1, 9.410000, 0.500000, 200, 46.839855 
2, 305.740000, 0.927308, 301, 107.869857 
3, 310.160000, 0.859016, 503, 213.882070 
4, 314.060000, 0.834627, 604, 312.366468 
5, 339.180000, 0.876692, 806, 460.512627 
6, 346.930000, 0.860848, 1109, 852.375556 
7, 387.110000, 0.890451, 1715, 1923.650232 
8, 497.500000, 0.937054, 2119, 2717.191339 
9, 497.600000, 0.932986, 2220, 2845.445548 
10, 498.190000, 0.970232, 2321, 2928.084427 
11, 498.670000, 0.962224, 2523, 3192.342453 
12, 500.000000, 0.966079, 2725, 3352.764135 
