1, -566.342763, 0.000000, 625, 0.235417 
1, -524.176233, 0.547817, 3755, 17.817573 
2, -465.978058, 0.638583, 6259, 46.168270 
3, -371.748188, 0.593252, 6885, 54.882402 
4, -137.462383, 0.602707, 7511, 65.044975 
5, -130.831786, 0.567473, 11267, 133.962990 
6, -122.531306, 0.514997, 14397, 217.569841 
7, -120.874003, 0.536890, 26291, 524.014001 
8, -113.048959, 0.532025, 26917, 540.246746 
9, -52.871977, 0.649776, 45697, 1580.395509 
10, -16.535264, 0.647933, 46323, 1647.966113 
11, -13.761619, 0.544427, 51957, 2148.113472 
12, 2.257106, 0.509703, 62599, 3279.766382 
13, 25.423832, 0.494662, 65103, 3539.444526 
14, 25.423832, 0.531495, 93273, 7200.674103 
