1, -137.196400, 0.000000, 625, 0.155102 
1, -135.081241, 0.531109, 10015, 58.016148 
2, -134.988856, 0.482143, 17527, 183.471356 
3, -129.946610, 0.539402, 18153, 204.721649 
4, -124.037084, 0.536624, 20031, 228.864038 
5, -65.644441, 0.617142, 37559, 629.787071 
6, -53.027237, 0.611791, 38185, 655.949334 
7, -51.758689, 0.571317, 46949, 1080.469949 
8, -43.819103, 0.564986, 49453, 1249.399075 
9, -42.339438, 0.546445, 70111, 3078.099884 
10, -39.056953, 0.566597, 75119, 3499.107865 
11, -34.174948, 0.572238, 75745, 3563.465889 
12, -34.174948, 0.555525, 97655, 7200.272471 
