1, -117.414895, 0.000000, 625, 0.129261 
1, -117.354173, 0.421320, 2503, 7.886824 
2, -59.898988, 0.580544, 14397, 136.833419 
3, -58.170930, 0.559402, 15649, 157.192211 
4, -37.261326, 0.571087, 16901, 179.402958 
5, -30.288325, 0.577615, 30047, 645.950693 
6, -19.639296, 0.630859, 39437, 1130.862410 
7, -14.508978, 0.545403, 63851, 2917.986626 
8, -14.448618, 0.617409, 67607, 3308.173800 
9, -0.129822, 0.615857, 68859, 3515.201355 
10, 32.355863, 0.607462, 70737, 3712.231125 
11, 49.186887, 0.555806, 82631, 5533.063906 
12, 53.204422, 0.557358, 85135, 5948.355186 
13, 53.204422, 0.519535, 91395, 7200.463727 
