1, -657.131364, 0.000000, 625, 0.431408 
1, -624.852277, 0.632850, 1877, 3.805383 
2, -46.584502, 0.738431, 2503, 8.734351 
3, -30.309494, 0.579559, 4381, 22.915757 
4, -10.048779, 0.552483, 42567, 1342.947749 
5, 1.089423, 0.702178, 58217, 2723.148530 
6, 26.458402, 0.707513, 58843, 2827.245530 
7, 31.741257, 0.699438, 59469, 2876.530429 
8, 48.542322, 0.696388, 61973, 3177.568834 
9, 49.098837, 0.650408, 66981, 3896.152021 
10, 52.032407, 0.578486, 74493, 5254.152438 
11, 53.695698, 0.565729, 78249, 5820.868120 
12, 53.695698, 0.558221, 85135, 7200.495094 
