1, -137.196400, 0.000000, 625, 0.110852 
1, -113.156288, 0.641677, 8137, 50.365416 
2, -109.836493, 0.616446, 9389, 66.875301 
3, -97.127178, 0.618896, 10641, 84.001911 
4, -80.155552, 0.692308, 11267, 100.645180 
5, -58.042256, 0.682927, 11893, 107.557040 
6, -40.603122, 0.635484, 15023, 183.802691 
7, -21.584379, 0.579957, 18153, 277.928153 
8, 11.537227, 0.581449, 36307, 1196.012228 
9, 20.973404, 0.568285, 37559, 1331.136009 
10, 23.463143, 0.549824, 41941, 1631.755860 
11, 31.183754, 0.510726, 46323, 1980.271599 
12, 46.349039, 0.495587, 50079, 2376.778404 
13, 53.498741, 0.504549, 57591, 3317.748752 
14, 55.178261, 0.506080, 61973, 3819.219288 
15, 66.683655, 0.494370, 67607, 4598.920937 
16, 66.683655, 0.476997, 83883, 7201.064684 
