1, -137.848641, 0.000000, 625, 0.120019 
1, -112.888436, 0.663057, 4381, 17.741237 
2, -109.333963, 0.569400, 7511, 58.275013 
3, -70.943076, 0.668675, 10015, 83.882168 
4, -69.744453, 0.577185, 20657, 301.382352 
5, 20.176432, 0.612920, 21283, 335.784917 
6, 23.321975, 0.531200, 29421, 802.240219 
7, 30.403229, 0.527461, 40063, 1655.671499 
8, 64.163394, 0.607386, 42567, 1895.021895 
9, 80.547804, 0.578971, 44445, 2006.434081 
10, 109.084494, 0.572352, 46949, 2258.118509 
11, 118.530780, 0.538513, 56339, 3173.697092 
12, 163.617336, 0.540152, 77623, 6452.602152 
13, 163.617336, 0.538870, 81379, 7200.003786 
