1, -530.736218, 0.000000, 625, 0.240187 
1, -130.904667, 0.558753, 1877, 2.944766 
2, -113.698692, 0.672335, 10641, 119.026459 
3, -111.629189, 0.597047, 14397, 178.005437 
4, -109.999057, 0.636618, 26917, 449.752486 
5, -91.585802, 0.630034, 27543, 481.496696 
6, -88.948503, 0.616905, 29421, 552.559667 
7, -80.399435, 0.580764, 34429, 800.880496 
8, -65.319983, 0.579608, 58843, 2381.664078 
9, -37.101106, 0.590408, 60095, 2505.221132 
10, -29.903207, 0.600904, 60721, 2547.342291 
11, -23.901089, 0.560272, 73867, 4415.915375 
12, -23.157723, 0.559622, 74493, 4504.196293 
13, -13.872600, 0.532561, 89517, 7108.259332 
14, -13.872600, 0.531892, 89517, 7200.489001 
