1, -802.307470, 0.000000, 625, 0.520962 
1, -616.623855, 0.719376, 1877, 4.965578 
2, -518.024128, 0.727422, 2503, 9.871383 
3, -439.171474, 0.523566, 3129, 18.344561 
4, -106.317498, 0.638252, 5633, 39.051573 
5, -63.313943, 0.606964, 18779, 235.912288 
6, -59.061662, 0.528941, 33803, 794.059572 
7, 2.033150, 0.738225, 34429, 837.466542 
8, 18.018892, 0.681270, 35055, 889.452218 
9, 25.733806, 0.675067, 35681, 924.133397 
10, 39.062077, 0.521706, 38185, 1166.013921 
11, 42.278988, 0.433069, 51331, 2829.546672 
12, 42.858326, 0.409996, 61973, 4669.075683 
13, 42.858326, 0.417088, 73241, 7200.329777 
