1, -760.765910, 0.000000, 625, 0.506537 
1, -594.208250, 0.618297, 1251, 1.507581 
2, -158.073778, 0.624555, 3129, 9.922538 
3, -153.423206, 0.695706, 4381, 15.550141 
4, -148.457823, 0.659955, 5007, 17.324285 
5, -86.230617, 0.707368, 5633, 19.934804 
6, -84.879250, 0.675147, 6259, 24.257765 
7, -83.696293, 0.663007, 7511, 30.022266 
8, -76.545453, 0.603203, 10015, 51.499492 
9, -35.843566, 0.573882, 15023, 112.889211 
10, -28.879293, 0.570437, 15649, 124.233505 
11, 31.292567, 0.609764, 43193, 1146.292065 
12, 63.056463, 0.608050, 43819, 1165.066642 
13, 63.056463, 0.438462, 93899, 7201.341074 
