1, -940.068477, 0.000000, 625, 0.745088 
1, -822.040926, 0.649842, 1251, 2.446973 
2, -578.487936, 0.709738, 2503, 7.224122 
3, -255.345212, 0.848883, 3755, 14.674743 
4, -181.197374, 0.769841, 5007, 20.944161 
5, -142.578326, 0.729907, 5633, 35.856034 
6, -134.673862, 0.696065, 6885, 43.520735 
7, -129.587439, 0.565850, 8763, 68.540638 
8, -114.167270, 0.691803, 9389, 73.565841 
9, -71.798359, 0.687142, 11893, 116.175860 
10, -48.914200, 0.614972, 13145, 167.012069 
11, -45.818175, 0.576518, 15649, 224.706965 
12, -27.303679, 0.562416, 16901, 254.922985 
13, -0.133250, 0.481872, 21283, 401.752753 
14, 24.175950, 0.480099, 28795, 683.867358 
15, 24.175950, 0.441580, 90769, 7200.534178 
