1, -669.355688, 0.000000, 625, 0.561680 
1, -482.756594, 0.539432, 1251, 2.165258 
2, -350.579585, 0.533333, 1877, 3.636526 
3, -328.924453, 0.590980, 5633, 32.714491 
4, -105.783960, 0.755431, 6259, 38.242116 
5, -104.435035, 0.743910, 6885, 43.052549 
6, -61.710036, 0.713965, 7511, 50.538728 
7, -31.424142, 0.675255, 8137, 55.666282 
8, -21.087785, 0.723702, 31299, 811.039758 
9, -8.672870, 0.662400, 31925, 874.203742 
10, 6.301070, 0.581249, 36307, 1301.944132 
11, 24.065930, 0.585631, 36933, 1374.441272 
12, 32.686549, 0.577574, 38811, 1544.482743 
13, 32.705522, 0.566922, 43193, 1961.696639 
14, 50.691226, 0.561031, 46949, 2406.652640 
15, 69.127561, 0.491752, 55713, 3271.000902 
16, 69.127561, 0.437293, 78875, 7200.066965 
