1, -827.505314, 0.000000, 625, 0.631836 
1, -777.906602, 0.504732, 1251, 2.014769 
2, -449.596445, 0.638132, 2503, 6.927333 
3, -416.620487, 0.725862, 3129, 9.768586 
4, -131.927455, 0.613714, 4381, 15.652887 
5, -114.654671, 0.712871, 8137, 69.266008 
6, -66.323888, 0.738314, 8763, 82.399374 
7, -62.427835, 0.695865, 10015, 110.262153 
8, -55.719253, 0.699301, 10641, 128.406535 
9, 55.309691, 0.503588, 21283, 601.506479 
10, 82.951978, 0.441980, 26291, 914.898822 
11, 103.596150, 0.599801, 76997, 6548.093930 
12, 105.699752, 0.588694, 79501, 7060.142661 
13, 105.699752, 0.586163, 80127, 7200.239879 
