1, -537.875541, 0.000000, 625, 0.270111 
1, -529.198761, 0.671329, 1877, 5.217083 
2, -371.981379, 0.579268, 3755, 15.921568 
3, -223.005906, 0.607765, 6885, 31.405340 
4, -220.606403, 0.569307, 8137, 47.647313 
5, -218.960645, 0.528986, 10015, 66.252272 
6, -158.925907, 0.547707, 11893, 91.357546 
7, -153.173740, 0.519670, 13145, 104.228909 
8, -152.462545, 0.529978, 18153, 177.715279 
9, -149.446109, 0.527027, 20657, 216.518342 
10, -142.614034, 0.479315, 30047, 403.317147 
11, -71.796290, 0.538016, 43819, 834.986521 
12, -57.647488, 0.615835, 45697, 934.382020 
13, -57.231558, 0.610789, 47575, 1045.800201 
14, -47.180279, 0.608925, 48827, 1082.493652 
15, 3.041535, 0.638165, 81379, 3847.932293 
16, 10.369090, 0.635690, 82005, 3878.084605 
17, 14.142713, 0.683485, 82631, 3942.063759 
18, 67.185684, 0.621738, 83883, 4146.990381 
19, 67.185684, 0.440361, 100159, 7200.620746 
