1, -139.891501, -105.766158, 104375, 21.429745 
2, -109.827852, -106.393441, 208125, 59.985864 
3, -85.772351, -61.391823, 623125, 210.185342 
4, -78.022458, -54.470990, 726875, 254.058452 
5, -71.123433, -36.262557, 934375, 337.915352 
6, -66.053512, -37.264661, 1660625, 631.174058 
7, -26.893129, -21.690335, 3943125, 1535.280908 
8, -19.915938, 9.955224, 4046875, 1616.286715 
9, -9.235270, -1.363298, 4150625, 1699.731424 
10, -0.840926, 17.573502, 4358125, 1839.912302 
11, 86.674301, 106.698293, 4980625, 2428.249250 
12, 165.121098, 180.757877, 5084375, 2928.571600 
13, 185.571720, 201.169639, 5188125, 3956.830810 
14, 196.101171, 202.843062, 5291875, 5087.143304 
