1, -123.790651, -111.956671, 104375, 23.012467 
2, -122.447785, -111.045377, 415625, 102.373402 
3, -41.281741, 12.680536, 519375, 156.417731 
4, -39.695939, -1.044834, 623125, 236.860659 
5, -9.140637, 9.216019, 726875, 330.586510 
6, 26.025336, 38.712392, 830625, 418.951487 
7, 28.154615, 42.060278, 1141875, 854.086111 
8, 39.010943, 119.675878, 1764375, 1600.176866 
9, 67.579879, 114.665032, 1868125, 1893.116157 
10, 84.194768, 127.337747, 1971875, 2183.561233 
11, 97.770450, 184.054976, 2075625, 2520.206257 
12, 120.413425, 184.884721, 2179375, 2885.586794 
13, 165.939362, 214.765395, 2283125, 3178.390804 
