1, -111.273297, -91.458708, 104375, 27.667472 
2, -108.677105, -83.211352, 208125, 50.562974 
3, -92.561200, -58.365833, 623125, 180.032000 
4, -76.538627, -59.446854, 830625, 240.973243 
5, -69.153608, -51.804931, 1141875, 327.619200 
6, -68.233530, -47.811006, 1349375, 385.641334 
7, -46.132482, -44.430121, 3839375, 1094.743400 
8, -42.579844, -52.839704, 13488125, 3880.746188 
9, -33.950717, 26.619307, 19194375, 5600.751670 
10, -3.478055, 39.204877, 19298125, 5836.185625 
11, -2.827465, 45.513400, 19401875, 6076.608930 
12, 7.338308, 47.445764, 19505625, 6312.768105 
13, 7.719292, 41.592720, 19609375, 6575.212225 
