1, -106.853533, -97.351998, 104375, 36.617080 
2, -106.648742, -82.284120, 519375, 182.227834 
3, -105.842898, -78.911626, 623125, 221.577616 
4, -98.620352, -79.447101, 1245625, 465.960299 
5, -95.929073, -78.629474, 1349375, 509.544877 
6, -86.856166, -69.772237, 1660625, 632.839204 
7, -86.814608, -58.958170, 2386875, 925.740783 
8, -84.583111, -43.558493, 3009375, 1281.474674 
9, -83.633893, -47.573847, 3113125, 1336.173397 
10, -82.514030, -48.396463, 3216875, 1391.338288 
11, -64.730103, -44.946211, 3320625, 1446.205314 
12, -63.575017, -50.903228, 3528125, 1558.575127 
13, -54.267791, -52.245295, 4150625, 1921.912864 
14, -32.679079, -31.461002, 9545625, 4689.479979 
