1, -99.969534, -69.190577, 104375, 42.395713 
2, -96.290456, -73.482833, 415625, 160.856905 
3, -80.763282, -75.478413, 519375, 205.702975 
4, -45.706208, -34.695097, 623125, 261.420076 
5, -44.346690, -30.274768, 726875, 334.610366 
6, -37.255645, -29.997901, 830625, 400.238626 
7, -35.305281, -31.075646, 1453125, 868.565725 
8, -33.963170, -27.691803, 1556875, 945.244041 
9, -33.710924, -29.966520, 3009375, 2151.731061 
10, -28.883847, -30.185662, 3631875, 2628.580566 
11, -0.053440, 47.829528, 6018125, 4547.076782 
12, 19.679064, 73.563633, 6121875, 5110.721524 
13, 26.981145, 99.891748, 6225625, 5509.487680 
14, 52.357672, 108.091933, 6433125, 6395.633482 
