1, -114.564075, -75.403531, 104375, 32.629313 
2, -101.051135, -77.296276, 208125, 61.415050 
3, -98.837705, -75.271976, 1038125, 292.776852 
4, -89.076411, -67.308706, 1245625, 358.442593 
5, -87.902253, -64.503684, 1349375, 396.139857 
6, -73.163564, -61.461562, 1453125, 428.799089 
7, -72.060892, -63.346792, 1660625, 530.623037 
8, 55.374644, 72.838577, 1764375, 662.951672 
9, 66.264760, 68.121942, 2490625, 2931.720983 
10, 74.289551, 104.936531, 2905625, 4087.321751 
11, 85.423553, 133.055625, 3424375, 5035.526763 
12, 92.443578, 127.464225, 3943125, 6442.797622 
13, 95.029150, 127.309274, 4046875, 6577.144563 
