0, 9.360000, 0.000000, 100, 0.713135 
1, 9.410000, 0.500000, 200, 52.760842 
2, 100.230000, 0.754420, 301, 68.793269 
3, 167.260000, 0.852234, 402, 103.005676 
4, 254.970000, 0.938571, 503, 137.128127 
5, 312.010000, 0.894091, 604, 164.099260 
6, 391.580000, 0.911954, 705, 193.867209 
7, 392.570000, 0.898069, 1008, 353.709552 
8, 490.870000, 0.895567, 1109, 465.320690 
9, 494.640000, 0.908162, 2018, 1808.472617 
10, 498.400000, 0.904095, 2119, 2020.945633 
11, 500.000000, 0.899704, 2624, 2887.533592 
