1, -434.002912, 0.640000, 1251, 1.843980 
2, -411.279385, 0.584211, 3755, 11.517421 
3, -196.471528, 0.574909, 4381, 13.323847 
4, -162.942604, 0.547550, 8763, 40.030964 
5, -129.712730, 0.537313, 9389, 44.039058 
6, -127.005599, 0.513350, 11267, 60.163432 
7, -123.030284, 0.510075, 11893, 64.907271 
8, -109.725244, 0.509740, 13145, 77.614059 
9, -107.969167, 0.543103, 14397, 96.403946 
10, -105.344181, 0.467655, 26917, 325.408561 
11, -104.573963, 0.433934, 69485, 2157.585052 
12, -55.382638, 0.515301, 84509, 3191.762833 
13, -34.920802, 0.515698, 85761, 3322.999541 
14, -33.388854, 0.490128, 91395, 3830.327854 
15, -25.862861, 0.491270, 100159, 4655.961166 
16, 8.245930, 0.491862, 100785, 4684.969782 
17, 43.897718, 0.588916, 101411, 4784.219740 
18, 77.462666, 0.593807, 103289, 5084.240935 
19, 77.621475, 0.593318, 104541, 5375.097105 
20, 92.503814, 0.588754, 113305, 6434.114045 
21, 92.503814, 0.584566, 118313, 7200.297028 
