1, -356.782749, 0.538182, 1251, 2.075719 
2, -350.074047, 0.480801, 3129, 8.413845 
3, -110.467010, 0.604141, 4381, 13.309818 
4, -110.197216, 0.455441, 8763, 54.446678 
5, -107.030915, 0.465063, 11893, 134.655327 
6, -34.236811, 0.486876, 12519, 142.391327 
7, -30.455273, 0.473411, 15649, 199.957624 
8, -11.865793, 0.510997, 27543, 509.799081 
9, 2.105228, 0.515089, 28795, 563.245259 
10, 5.814659, 0.523146, 30047, 614.004256 
11, 15.500478, 0.521914, 30673, 639.201479 
12, 23.661186, 0.442759, 63225, 2718.933809 
13, 29.643263, 0.475769, 85761, 5115.884931 
14, 29.643263, 0.482497, 100159, 7200.454046 
