1, -136.444063, 0.488636, 2503, 4.258806 
2, -114.694519, 0.507784, 5633, 15.385083 
3, -112.209010, 0.477825, 15023, 112.946071 
4, -40.444708, 0.636992, 22535, 239.200768 
5, -18.047457, 0.637521, 23161, 253.234951 
6, -13.328485, 0.486531, 29421, 489.006814 
7, 2.269691, 0.453219, 33803, 791.935345 
8, 2.534688, 0.444905, 42567, 1388.026178 
9, 33.617973, 0.505954, 56339, 2419.582966 
10, 37.020720, 0.506338, 57591, 2524.173651 
11, 68.080363, 0.505712, 58217, 2565.414016 
12, 69.836950, 0.455616, 61347, 2817.022612 
13, 81.289039, 0.473928, 69485, 3643.842764 
14, 81.289039, 0.558379, 95777, 7200.657798 
