1, -282.749932, 0.560000, 1251, 1.871236 
2, -271.176061, 0.458824, 1877, 4.504463 
3, -206.839740, 0.675781, 3129, 14.479503 
4, -142.192304, 0.767205, 6259, 41.335558 
5, -138.047203, 0.746269, 6885, 45.412791 
6, -137.834372, 0.717182, 8137, 56.148947 
7, -131.822653, 0.721820, 8763, 62.130078 
8, -39.008753, 0.728177, 10641, 86.589001 
9, -34.954146, 0.597778, 12519, 129.580482 
10, -31.344032, 0.581128, 14397, 182.448519 
11, -24.791092, 0.533072, 29421, 732.588011 
12, 32.220286, 0.619259, 43819, 1384.649137 
13, 41.109773, 0.617221, 44445, 1418.662718 
14, 55.725232, 0.614070, 46323, 1552.366721 
15, 55.961490, 0.557393, 51957, 2004.415977 
16, 66.205998, 0.553086, 53209, 2107.007475 
17, 68.481047, 0.461711, 66981, 4204.607476 
18, 75.696707, 0.465360, 78249, 6282.198435 
19, 75.696707, 0.465466, 82005, 7200.092985 
