1, -723.006145, 0.545455, 1877, 4.080607 
2, -650.468656, 0.437811, 2503, 5.508888 
3, -556.375429, 0.533923, 3129, 8.276705 
4, -272.318424, 0.536554, 3755, 11.859948 
5, -270.469227, 0.523981, 4381, 13.559056 
6, -116.838383, 0.529670, 5007, 21.943935 
7, -110.849067, 0.521424, 9389, 71.518201 
8, -52.379748, 0.464713, 26291, 463.892815 
9, -32.145837, 0.460466, 26917, 477.546520 
10, -31.667515, 0.505226, 34429, 711.727100 
11, -19.735114, 0.505139, 35055, 738.085449 
12, -6.323194, 0.499192, 37559, 843.274529 
13, -6.323194, 0.505569, 110801, 7200.216084 
