1, -463.486705, 0.559292, 3129, 8.955004 
2, -240.768766, 0.618012, 3755, 11.999199 
3, -162.685241, 0.613087, 4381, 15.829619 
4, -113.919200, 0.650246, 5007, 20.348769 
5, -107.121343, 0.511983, 21283, 354.250371 
6, -101.816572, 0.478662, 23787, 426.512293 
7, 20.473933, 0.615057, 28169, 618.998693 
8, 51.968827, 0.605968, 29421, 679.261597 
9, 54.465595, 0.605154, 30047, 717.653066 
10, 54.995984, 0.419588, 50705, 3062.396587 
11, 57.499269, 0.433532, 55087, 3671.833639 
12, 57.499269, 0.496070, 72615, 7200.609391 
