1, -183.521521, 0.451745, 2503, 6.482820 
2, -172.912033, 0.608333, 3755, 15.030488 
3, -165.916159, 0.593909, 4381, 21.501764 
4, -147.760690, 0.653258, 8137, 67.558692 
5, -130.616959, 0.639139, 10641, 98.587396 
6, 26.253059, 0.644833, 11267, 108.188058 
7, 34.862304, 0.564708, 20657, 313.708794 
8, 38.217724, 0.477396, 22535, 385.677410 
9, 40.116763, 0.483369, 34429, 978.700539 
10, 44.418844, 0.489190, 35681, 1076.023516 
11, 45.568482, 0.428660, 40063, 1407.754167 
12, 49.425991, 0.448460, 56965, 3027.269091 
13, 68.404155, 0.462974, 63851, 3732.393590 
14, 84.674596, 0.464338, 65729, 3999.849715 
15, 84.674596, 0.436446, 90769, 7201.804797 
