1, -588.668883, 0.586139, 2503, 6.850576 
2, -154.639304, 0.557625, 5007, 17.629402 
3, -139.803980, 0.563670, 6885, 25.799545 
4, -138.710588, 0.544437, 8137, 35.656139 
5, -136.660014, 0.498983, 10641, 66.839575 
6, -130.064336, 0.490399, 11267, 70.730066 
7, -129.423128, 0.471811, 15023, 142.938787 
8, -126.522488, 0.457606, 19405, 244.669444 
9, -119.303673, 0.475676, 21909, 294.664443 
10, -113.066202, 0.468242, 25665, 423.743318 
11, -111.779080, 0.449010, 60721, 2311.537420 
12, -31.014958, 0.610565, 61973, 2463.887529 
13, -29.791470, 0.604152, 62599, 2538.270433 
14, -17.891102, 0.538755, 63851, 2777.101897 
15, -0.609799, 0.600543, 66355, 3093.038339 
16, 42.694463, 0.588634, 66981, 3171.356968 
17, 53.805078, 0.598087, 68859, 3525.093952 
18, 124.462639, 0.608783, 69485, 3630.492574 
19, 160.567296, 0.609068, 70111, 3734.274150 
20, 190.528230, 0.612900, 70737, 3840.994414 
21, 196.894655, 0.606119, 71363, 3965.722089 
22, 210.197401, 0.576175, 75119, 4631.118312 
23, 230.097280, 0.576110, 75745, 4720.787912 
24, 230.097280, 0.516710, 87013, 7201.063676 
