1, -434.960096, 0.682864, 1877, 4.710472 
2, -357.348610, 0.628571, 3755, 15.045484 
3, -219.151688, 0.574209, 5007, 22.750122 
4, -194.779592, 0.650571, 8137, 58.971555 
5, -132.738011, 0.648560, 8763, 73.684207 
6, -127.597562, 0.614792, 9389, 89.906223 
7, -89.513981, 0.684015, 11893, 152.224100 
8, -83.723122, 0.633895, 13771, 191.563010 
9, -46.687068, 0.647396, 14397, 208.134532 
10, -33.467872, 0.510127, 21283, 496.646025 
11, -16.452270, 0.506447, 30673, 1171.690165 
12, -6.549817, 0.511932, 31925, 1256.251079 
13, 7.786297, 0.518850, 33803, 1419.975538 
14, 27.756229, 0.517689, 34429, 1474.119587 
15, 31.871093, 0.499548, 36933, 1759.566210 
16, 39.962165, 0.494978, 39437, 2126.253872 
17, 40.648252, 0.459039, 43819, 2604.484047 
18, 46.254924, 0.441059, 49453, 3528.001489 
19, 58.025401, 0.422538, 53209, 4042.913662 
20, 77.197720, 0.420858, 63851, 6309.473173 
21, 77.197720, 0.416990, 67607, 7200.486399 
