1, 0.468195, 0, 14.974635 
2, 0.545242, -790.604396, 625, 824.412948 
3, 0.549679, -723.664440, 1250, 909.897427 
4, 0.550542, -705.196997, 1875, 967.213104 
5, 0.550727, -692.856001, 2500, 1083.575538 
6, 0.552453, -670.412381, 3125, 1200.468003 
7, 0.555966, -693.130529, 3750, 1279.211330 
8, 0.562747, -666.108324, 4375, 1298.038771 
9, 0.626418, -901.399509, 5000, 5458.087709 
10, 0.626418, -724.342477, 5625, 6600.653269 
1, 0.468195, -790.604396, 625, 94.976084 
2, 0.545242, -723.664440, 1250, 6547.432149 
3, 0.545242, -829.219701, 1875, 6617.826230 
