1, 0.303260, 0, 10.161265 
2, 0.451951, -859.665723, 625, 384.325194 
3, 0.453526, -1010.742423, 1250, 710.312989 
4, 0.453769, 1250, 1077.077974 
5, 0.583374, -337.254789, 1875, 1288.329421 
6, 0.632937, -335.242532, 2500, 1312.494787 
7, 0.636512, -610.252981, 3125, 1658.979936 
8, 0.639542, 3125, 3716.048739 
9, 0.639542, -684.577377, 3750, 6616.469407 
1, 0.303260, -540.291766, 625, 55.939526 
2, 0.451951, -746.992966, 1250, 2579.100934 
3, 0.453526, -1018.834887, 1875, 4732.584193 
4, 0.453526, -1177.795533, 2500, 6704.403846 
