1, 0.108636, 0, 0.111984 
2, 0.361692, -117.196452, 625, 0.264745 
3, 0.389434, -893.441972, 1250, 95.091895 
4, 0.395143, -790.591386, 1875, 176.838819 
5, 0.573657, -235.573940, 2500, 222.634325 
6, 0.624558, -673.934422, 3125, 235.344682 
7, 0.624638, -716.204217, 3750, 237.808582 
8, 0.625201, -888.055042, 4375, 240.705798 
9, 0.625442, -810.462433, 5000, 241.965425 
10, 0.635333, -900.793689, 5625, 243.011662 
11, 0.641605, -934.288350, 6250, 265.988919 
12, 0.643052, 6250, 394.697036 
13, 0.643776, -943.973136, 6875, 964.647470 
14, 0.643937, -808.095165, 7500, 986.146426 
15, 0.646028, -931.110575, 8125, 3697.450577 
16, 0.646349, -812.276537, 8750, 4130.651153 
17, 0.646591, -814.687371, 9375, 4241.149347 
18, 0.656240, -276.807225, 10000, 4714.796803 
19, 0.657205, -306.080338, 10625, 4733.335837 
20, 0.657366, -311.801474, 11250, 4950.098814 
21, 0.657446, -297.174214, 11875, 5559.646638 
22, 0.657446, -338.393387, 12500, 6620.081956 
1, 0.108636, -576.944101, 625, 0.428744 
2, 0.361692, -132.107675, 1250, 0.631410 
3, 0.389434, -764.199743, 1875, 891.541893 
4, 0.395143, -992.287130, 2500, 1514.077209 
5, 0.573657, -236.526931, 3125, 1878.266304 
6, 0.624558, -684.153369, 3750, 1923.273775 
7, 0.624638, -741.751120, 4375, 1926.489103 
8, 0.625201, -785.429710, 5000, 1930.408793 
9, 0.625442, -954.231741, 5625, 1931.794823 
10, 0.635333, -859.587198, 6250, 1933.305011 
11, 0.641605, -981.963354, 6875, 1961.280776 
12, 0.643052, -925.467428, 7500, 2245.699787 
13, 0.643052, -956.202491, 8125, 6737.182522 
