1, 0.395346, 0, 6.380740 
2, 0.516745, -810.793127, 625, 370.484403 
3, 0.522492, -618.192706, 1250, 498.983746 
4, 0.527529, -646.917568, 1875, 517.774754 
5, 0.528097, -415.688284, 2500, 576.882110 
6, 0.530084, -421.526537, 3125, 651.775208 
7, 0.536044, -646.036920, 3750, 721.360176 
8, 0.536540, -664.354440, 4375, 857.687212 
9, 0.536682, -661.979596, 5000, 943.277616 
10, 0.549596, -672.870521, 5625, 960.296823 
11, 0.549737, -651.240524, 6250, 1059.350906 
12, 0.637647, -856.014458, 6875, 1647.973247 
13, 0.639208, -844.922795, 7500, 1741.506548 
14, 0.640982, -830.246809, 8125, 1759.288387 
15, 0.661487, -790.446178, 8750, 1780.608896 
16, 0.661487, -890.442825, 9375, 6605.014201 
1, 0.395346, -355.428238, 625, 39.285504 
2, 0.516745, -812.591673, 1250, 2637.854063 
3, 0.521853, -568.482595, 1875, 3403.250970 
4, 0.527529, -660.509723, 2500, 3512.194379 
5, 0.528097, -415.078800, 3125, 3846.224613 
6, 0.530013, -400.897278, 3750, 4287.188247 
7, 0.535973, -640.568269, 4375, 4706.147973 
8, 0.536540, -661.868992, 5000, 5558.154738 
9, 0.536753, -665.582654, 5625, 6083.932078 
10, 0.549596, -653.632115, 6250, 6191.274320 
11, 0.549596, -658.475687, 6875, 6690.520664 
