1, 0.451951, 0, 0.232358 
2, 0.457828, -696.455911, 625, 254.341583 
3, 0.458919, -659.931150, 1250, 258.195941 
4, 0.459101, 1250, 1131.991490 
5, 0.459161, -679.355578, 1875, 2483.675726 
6, 0.459283, -672.654020, 2500, 2612.829916 
7, 0.459949, -679.526313, 3125, 2888.403733 
8, 0.461646, -669.504685, 3750, 2995.426448 
9, 0.462918, -600.517448, 4375, 5110.134913 
10, 0.462918, -622.483945, 5000, 6619.709223 
1, 0.451951, -657.131364, 625, 0.578457 
2, 0.457828, -672.838380, 1250, 1645.763462 
3, 0.458919, -678.034152, 1875, 1673.598352 
4, 0.458919, -673.944579, 2500, 6629.052715 
