1, 0.379807, 0, 0.064551 
2, 0.382077, -1068.186720, 625, 59.563889 
3, 0.396836, -908.200223, 1250, 78.263524 
4, 0.416631, -680.740559, 1875, 84.445110 
5, 0.514049, -345.913039, 2500, 2618.560470 
6, 0.651767, -319.988577, 3125, 2647.270044 
7, 0.656733, -315.072590, 3750, 2679.432260 
8, 0.658081, -346.777978, 4375, 2732.104270 
9, 0.658081, -311.390393, 5000, 6603.612443 
1, 0.379807, -1068.186720, 625, 1.018555 
2, 0.382077, -908.200223, 1250, 527.955123 
3, 0.396836, -680.740559, 1875, 658.154563 
4, 0.416631, -748.903199, 2500, 698.064928 
5, 0.416631, -620.017193, 3125, 6608.450732 
