1, -137.800837, -108.066910, 104375, 43.250784 
2, -118.852457, -105.916579, 208125, 68.473919 
3, -113.681245, -106.439086, 311875, 94.756891 
4, -111.754693, -102.447254, 519375, 147.634723 
5, -91.453912, -90.341697, 1556875, 426.431917 
6, -69.046534, -38.616521, 1764375, 526.120059 
7, -66.042534, -29.012055, 1971875, 675.137209 
8, -61.546833, -41.773603, 2386875, 1007.802083 
9, -50.159771, -32.944488, 3320625, 1631.703117 
10, -47.130821, -26.629793, 4358125, 2366.332733 
11, -38.507958, -32.249574, 6848125, 3818.449014 
