1, -139.682478, -104.965480, 104375, 23.187364 
2, -106.503023, -84.458148, 208125, 47.991894 
3, -72.120362, -23.127602, 311875, 107.562294 
4, -61.354860, -26.011314, 519375, 241.504174 
5, -43.260134, 23.634970, 623125, 323.970902 
6, -33.656284, 6.939893, 1141875, 789.066686 
7, -29.315228, 1.543403, 1245625, 878.590803 
8, -20.199272, 7.078986, 2283125, 1667.930344 
9, -13.192888, 11.544836, 2594375, 1913.688192 
10, -0.037653, -8.143604, 5395625, 3842.051502 
11, 2.897901, -4.209008, 6329375, 4719.744294 
