1, -190.054752, -121.702047, 104375, 28.352204 
2, -116.812610, -113.224590, 208125, 55.319133 
3, -115.689538, -106.358103, 1349375, 342.280213 
4, -104.241899, -100.346107, 1764375, 448.908030 
5, -78.423098, -44.397130, 2075625, 559.168954 
6, -71.586024, -39.010894, 2179375, 592.894683 
7, -70.958566, -40.812504, 2283125, 625.789399 
8, -60.637215, -36.175518, 2386875, 659.095281 
9, -57.873557, -45.684789, 2490625, 692.010357 
10, -43.295907, -44.176842, 2594375, 724.100390 
11, -35.609786, -28.329126, 8611875, 2767.499527 
12, 1.612997, 18.192659, 8819375, 2888.594077 
13, 4.720431, 24.302730, 9234375, 3137.250697 
14, 19.882658, 14.681213, 9441875, 3261.251510 
