1, -145.301878, -112.985408, 104375, 21.996343 
2, -99.491772, -55.607142, 208125, 70.588197 
3, -92.286349, -53.405942, 519375, 211.143660 
4, -85.044789, -48.350793, 726875, 295.069148 
5, -80.627099, -55.438052, 934375, 392.619376 
6, -59.114169, -41.494088, 1038125, 444.801682 
7, -54.631039, -35.406034, 1764375, 1004.407624 
8, -49.557902, -33.163900, 2075625, 1200.576385 
9, -36.101112, -9.151257, 2179375, 1269.261447 
10, -14.736763, -4.077701, 2386875, 1422.131891 
11, 3.879884, 23.222702, 2594375, 1763.552590 
12, 12.046938, 16.675178, 3943125, 4776.691658 
