1, 94.570975, 0.000000, 50, 20.939319 
1, 112.779416, 143.483913, 4250, 686.545479 
2, 137.110698, 167.273438, 8450, 1154.329153 
3, 167.216972, 169.376617, 29450, 3219.280781 
4, 188.803282, 188.157478, 54650, 5373.265681 
5, 198.039217, 189.171875, 58850, 6053.304356 
6, 198.039217, 194.632673, 66500, 7200.982317 
1, 94.570975, 0.000000, 50, 20.856108 
1, 112.779416, 143.483913, 4250, 633.199463 
2, 137.110698, 167.273438, 8450, 1070.950378 
3, 167.216972, 169.376617, 29450, 3039.882266 
4, 188.803282, 188.157478, 54650, 5137.866779 
5, 198.039217, 189.171875, 58850, 5768.521065 
6, 198.039217, 189.499730, 69300, 7231.936909 
