1, -157.819708, 0.000000, 625, 0.134638 
1, -112.361379, 0.575453, 2503, 5.617807 
2, -111.893354, 0.499184, 3755, 9.421028 
3, -111.486283, 0.564246, 5633, 20.693518 
4, -110.724950, 0.554628, 9389, 57.217188 
5, -109.831959, 0.520000, 10641, 68.177022 
6, -53.523250, 0.695749, 22535, 249.608396 
7, -32.900298, 0.682599, 23161, 272.020288 
8, 5.979606, 0.615411, 28795, 615.611732 
9, 15.999922, 0.529504, 30673, 754.029515 
10, 28.265623, 0.492398, 31925, 877.192262 
11, 42.914772, 0.457034, 33803, 1163.609045 
12, 42.914772, 0.404949, 68859, 7200.823608 
