1, -554.767069, 0.000000, 625, 0.209155 
1, -312.905343, 0.664962, 1877, 4.339042 
2, -139.267679, 0.542074, 3129, 8.955611 
3, -127.429398, 0.502445, 5633, 29.155101 
4, -123.028832, 0.476770, 6259, 30.884995 
5, -115.724483, 0.489649, 7511, 37.907304 
6, -114.145516, 0.466222, 8137, 41.862555 
7, -69.329520, 0.578988, 8763, 46.980491 
8, -68.049924, 0.665234, 11893, 89.326083 
9, -66.327077, 0.656668, 12519, 97.812509 
10, -28.626096, 0.750295, 14397, 156.097967 
11, -15.590874, 0.576434, 15023, 207.918351 
12, 10.189529, 0.736607, 16275, 262.372321 
13, 13.382748, 0.654842, 26291, 651.269583 
14, 13.382748, 0.561179, 94525, 7200.591459 
