1, -120.906687, 0.000000, 625, 0.088726 
1, -92.691652, 0.520134, 1251, 1.665963 
2, -23.938068, 0.616246, 27543, 527.805831 
3, -6.511488, 0.614948, 29421, 592.298615 
4, -4.258002, 0.703184, 30673, 662.402922 
5, 2.321531, 0.572937, 38811, 1353.739502 
6, 5.166619, 0.570166, 40063, 1456.635115 
7, 11.654383, 0.559675, 46949, 2182.617447 
8, 12.352526, 0.532711, 55713, 3108.779924 
9, 18.065076, 0.519191, 61973, 3910.631430 
10, 20.346450, 0.519781, 62599, 4044.229677 
11, 24.897617, 0.514085, 70111, 5505.531246 
12, 24.897617, 0.509793, 76371, 7200.743305 
