1, -129.828485, 0.000000, 625, 0.146572 
1, -121.811135, 0.577931, 9389, 47.890072 
2, -111.539857, 0.538462, 12519, 79.813535 
3, -110.855323, 0.538028, 14397, 105.084286 
4, -108.794995, 0.514847, 16275, 142.632594 
5, -108.776142, 0.490095, 18779, 187.835884 
6, -92.668706, 0.491310, 21283, 238.860634 
7, -85.990240, 0.517117, 24413, 316.303325 
8, -58.509682, 0.525702, 25665, 339.499969 
9, -54.651113, 0.614491, 38811, 893.287888 
10, -36.361415, 0.554665, 71363, 2806.538175 
11, -20.942777, 0.610844, 88265, 4427.292747 
12, -13.861173, 0.609077, 89517, 4551.020579 
13, 2.419441, 0.622012, 90143, 4678.080674 
14, 4.095617, 0.621503, 92647, 4926.186724 
15, 7.376735, 0.608873, 105793, 6385.924012 
16, 7.376735, 0.603461, 111427, 7200.071377 
