1, -138.163689, 0.000000, 625, 0.093460 
1, -122.950303, 0.506711, 1251, 1.318098 
2, -116.315257, 0.538077, 9389, 54.259785 
3, -109.142475, 0.566767, 10015, 56.995157 
4, -77.150679, 0.660009, 28795, 408.044800 
5, -28.758173, 0.655748, 29421, 424.446756 
6, -24.116555, 0.651725, 30047, 451.337571 
7, -19.457120, 0.554715, 34429, 583.172307 
8, -6.271823, 0.639270, 55713, 1715.894485 
9, 6.203149, 0.631264, 56965, 1793.372662 
10, 6.980449, 0.621732, 60721, 2079.515200 
11, 13.749061, 0.637874, 61347, 2122.772764 
12, 21.226279, 0.634224, 63851, 2250.007511 
13, 21.868487, 0.597441, 70111, 2768.736341 
14, 29.961709, 0.594124, 71363, 2884.192539 
15, 29.961709, 0.514054, 110175, 7200.257073 
