1, -137.848641, 0.000000, 625, 0.119980 
1, -125.118785, 0.672996, 2503, 8.963731 
2, -104.027744, 0.667416, 3129, 15.759889 
3, -60.697617, 0.725866, 7511, 78.427134 
4, -56.772559, 0.521960, 15023, 242.740655 
5, -54.268914, 0.577603, 33177, 1228.090246 
6, -38.805625, 0.580237, 35681, 1328.952671 
7, -35.295977, 0.577852, 36933, 1384.626408 
8, -33.733793, 0.574600, 39437, 1483.940203 
9, -32.078732, 0.573384, 40689, 1558.579424 
10, -15.769571, 0.573437, 42567, 1643.929491 
11, 18.734202, 0.562459, 65103, 3366.539637 
12, 18.734202, 0.567291, 93899, 7200.286472 
