1, -636.854979, 0.000000, 625, 0.223317 
1, -340.232690, 0.627517, 1251, 1.584106 
2, -241.090553, 0.641604, 1877, 2.357177 
3, -207.892653, 0.588997, 5633, 20.886254 
4, -187.139348, 0.569733, 6259, 24.719985 
5, -180.456410, 0.543373, 9389, 50.470294 
6, -85.342213, 0.603948, 10641, 69.162668 
7, -76.401205, 0.591549, 12519, 111.033946 
8, -75.255274, 0.598211, 15023, 170.911720 
9, -62.869709, 0.533187, 16901, 222.681615 
10, -52.721755, 0.532161, 18153, 256.857353 
11, -8.850009, 0.567022, 21909, 372.002950 
12, -4.729942, 0.525398, 25039, 473.407847 
13, 14.791213, 0.576810, 74493, 4145.966125 
14, 18.247702, 0.577941, 78249, 4619.069727 
15, 24.374982, 0.557431, 82631, 5233.805430 
16, 29.982016, 0.556244, 83257, 5282.417760 
17, 31.392762, 0.528223, 86387, 5774.875050 
18, 35.847129, 0.506324, 90769, 6436.890751 
19, 35.847129, 0.515072, 95151, 7200.431801 
