1, -803.565221, 0.000000, 625, 0.785905 
1, -220.094269, 0.701342, 1251, 3.274701 
2, -140.049677, 0.475556, 5633, 37.105491 
3, -131.955321, 0.517603, 11267, 91.379833 
4, -131.022365, 0.499232, 13771, 129.184562 
5, -94.567932, 0.555242, 15023, 149.563715 
6, -88.033716, 0.550455, 19405, 220.286110 
7, -72.426794, 0.629406, 20657, 247.395275 
8, -68.391226, 0.533252, 23161, 342.006637 
9, -66.466896, 0.531958, 26291, 465.455732 
10, -65.292007, 0.538336, 30047, 674.157484 
11, -26.202666, 0.653690, 32551, 779.666797 
12, -21.127860, 0.644246, 34429, 906.048423 
13, -9.040634, 0.642481, 35055, 936.635459 
14, -2.667999, 0.625016, 39437, 1246.396522 
15, 5.384445, 0.611849, 43819, 1481.500742 
16, 15.175189, 0.635784, 75119, 4254.691678 
17, 21.882564, 0.629113, 79501, 4628.107518 
18, 24.303647, 0.627225, 81379, 4769.277336 
19, 37.851275, 0.614913, 85761, 5199.032028 
20, 37.851275, 0.613383, 103289, 7200.411562 
