0, 9.350000, 0.000000, 100, 0.625690 
1, 160.630000, 0.752000, 200, 24.021338 
2, 162.180000, 0.746497, 402, 109.897646 
3, 164.730000, 0.747917, 503, 157.322221 
4, 194.020000, 0.896628, 806, 384.838400 
5, 200.870000, 0.910740, 1210, 758.292278 
6, 238.290000, 0.961852, 1816, 1567.366729 
7, 244.250000, 0.959924, 1917, 1659.266556 
8, 480.350000, 0.996389, 2018, 1787.544646 
9, 481.670000, 0.996573, 2119, 1897.081338 
10, 483.650000, 0.996485, 2220, 2109.341710 
11, 486.980000, 0.997376, 2321, 2373.199418 
12, 493.520000, 0.997601, 2422, 2710.141509 
13, 493.520000, 0.997448, 2726, 3601.380355 
