1, -336.626594, 0.581769, 2503, 12.702308 
2, -207.258221, 0.586835, 3755, 20.748593 
3, -197.300680, 0.564753, 4381, 23.122945 
4, -144.325667, 0.529540, 6885, 51.322456 
5, -116.654956, 0.457415, 10641, 103.773978 
6, -115.900204, 0.442213, 11893, 127.082416 
7, -112.191915, 0.439820, 13771, 149.200791 
8, -110.104010, 0.404357, 15023, 167.094145 
9, -105.158416, 0.424582, 22535, 328.346778 
10, -85.243604, 0.426706, 33177, 632.725765 
11, -27.798997, 0.530443, 39437, 802.000503 
12, -24.938290, 0.531485, 42567, 921.952852 
13, -23.877307, 0.497798, 44445, 1025.080513 
14, -21.586978, 0.498162, 45071, 1084.798975 
15, -10.735251, 0.476111, 53835, 1925.890019 
16, 32.170258, 0.504303, 58217, 2408.638460 
17, 40.520169, 0.449319, 66355, 3316.139727 
18, 41.154855, 0.448837, 76371, 4571.897523 
19, 41.154855, 0.441391, 93273, 7200.263561 
