1, -480.049805, 0.616000, 1251, 2.703459 
2, -178.904741, 0.676068, 2503, 12.582509 
3, -144.818392, 0.455908, 10015, 84.430989 
4, -125.619989, 0.473641, 10641, 93.796411 
5, -123.808122, 0.579518, 11267, 103.251300 
6, -120.894369, 0.562016, 11893, 113.620603 
7, -119.018371, 0.552513, 18779, 287.280421 
8, -101.083061, 0.545499, 20657, 323.445428 
9, -71.827388, 0.584303, 21909, 370.735156 
10, -70.131957, 0.594136, 22535, 406.984964 
11, -63.358532, 0.583405, 23161, 437.706487 
12, -60.984899, 0.576851, 24413, 491.974068 
13, -59.305536, 0.518702, 30047, 724.562050 
14, -14.378694, 0.570520, 35681, 1038.520298 
15, 1.413897, 0.564839, 36307, 1155.607441 
16, 7.744672, 0.551618, 38185, 1288.482315 
17, 32.649911, 0.568783, 41941, 1646.235014 
18, 78.956152, 0.566381, 42567, 1707.358356 
19, 92.148915, 0.528059, 55087, 3241.751068 
20, 92.148915, 0.502531, 79501, 7200.104887 
