1, -838.016778, 0.701000, 1251, 4.982224 
2, -762.555949, 0.633816, 1877, 8.763203 
3, -423.404148, 0.623494, 3129, 16.952910 
4, -379.887424, 0.567123, 4381, 28.156073 
5, -118.717010, 0.551291, 5007, 34.798414 
6, -111.737668, 0.500286, 7511, 56.664768 
7, -108.662765, 0.579703, 30673, 544.634457 
8, -97.400147, 0.558689, 32551, 614.981368 
9, -95.348492, 0.527367, 34429, 686.751654 
10, -90.539030, 0.486860, 50705, 1827.009097 
11, -79.756702, 0.486270, 51331, 1898.795835 
12, -75.987933, 0.485078, 51957, 1935.949244 
13, 51.330535, 0.550028, 60095, 3016.472047 
14, 80.500277, 0.537909, 61347, 3223.294861 
15, 92.039570, 0.496335, 63851, 3536.248640 
16, 113.730609, 0.500838, 65103, 3762.209104 
17, 113.730609, 0.465518, 82005, 7200.352153 
