1, -554.034636, 0.644115, 1877, 8.088671 
2, -141.777283, 0.570906, 3755, 22.906695 
3, -139.060760, 0.488439, 6259, 35.786197 
4, -113.155479, 0.500000, 10015, 76.622940 
5, -81.177314, 0.490301, 10641, 83.117047 
6, -33.878088, 0.586055, 25039, 437.797559 
7, -31.605518, 0.550036, 27543, 515.252619 
8, -25.388146, 0.532752, 33177, 774.425435 
9, -22.065190, 0.533470, 38185, 1013.018980 
10, -21.120963, 0.521176, 53209, 2176.387629 
11, -17.438680, 0.518706, 60095, 2784.692813 
12, -14.381716, 0.525140, 71989, 4127.835269 
13, -14.381716, 0.537977, 92647, 7200.844411 
