1, -130.667742, 0.464302, 8137, 67.371116 
2, -109.760647, 0.467715, 9389, 77.112328 
3, -105.951306, 0.459479, 11267, 110.872031 
4, -104.398534, 0.531662, 55713, 1988.463578 
5, -103.693459, 0.539455, 56965, 2136.637860 
6, -61.859136, 0.651950, 70737, 3377.153653 
7, -59.412751, 0.649002, 71989, 3604.342481 
8, -59.347502, 0.646692, 72615, 3661.286871 
9, -48.126563, 0.642116, 73241, 3747.003583 
10, -41.744841, 0.616677, 76997, 4214.012690 
11, -41.290486, 0.615358, 77623, 4322.290443 
12, -36.118944, 0.613595, 78249, 4483.741825 
13, -24.783953, 0.637415, 82005, 5228.198813 
14, -24.294504, 0.636067, 82631, 5390.524742 
15, -12.547779, 0.634806, 83257, 5437.116404 
16, 12.323373, 0.633719, 83883, 5506.304323 
17, 61.769597, 0.631761, 85135, 5706.096258 
18, 61.769597, 0.569384, 92021, 7201.063867 
