1, -111.720496, 0.561507, 13145, 157.502310 
2, -111.030594, 0.524078, 21283, 378.851412 
3, -104.633975, 0.582686, 23787, 442.982843 
4, -102.359571, 0.573699, 24413, 466.639554 
5, -99.227265, 0.554176, 27543, 591.636169 
6, -96.242751, 0.520368, 31299, 768.448873 
7, -89.954764, 0.533753, 67607, 3435.263934 
8, -59.985156, 0.531290, 70737, 3769.409966 
9, -56.273960, 0.685673, 77623, 4557.889428 
10, -49.954429, 0.678094, 78875, 4815.788826 
11, -39.353246, 0.668769, 81379, 5059.831286 
12, -5.448038, 0.694524, 82631, 5338.194283 
13, 58.286092, 0.667639, 86387, 6212.549060 
14, 67.464728, 0.659577, 87013, 6348.708671 
15, 83.534547, 0.649782, 88891, 6911.412708 
16, 83.534547, 0.646123, 89517, 7200.064034 
