1, -687.336767, 0.701000, 1251, 2.982965 
2, -678.982666, 0.659894, 1877, 7.693494 
3, -333.682567, 0.632619, 2503, 13.100290 
4, -303.586801, 0.622308, 3129, 21.412785 
5, -226.630660, 0.683508, 10015, 151.373190 
6, -126.224616, 0.632358, 12519, 215.536076 
7, -117.094493, 0.506724, 26291, 547.649684 
8, -108.233441, 0.500896, 26917, 571.067597 
9, 40.585115, 0.629809, 27543, 585.253375 
10, 53.766912, 0.553301, 32551, 755.034171 
11, 75.094484, 0.539749, 38185, 1009.471801 
12, 75.543389, 0.523355, 65729, 2952.622498 
13, 88.101281, 0.521292, 73867, 3715.966824 
14, 88.101281, 0.486160, 97029, 7202.040072 
