1, -389.561802, 0.653543, 1251, 2.385845 
2, -112.798787, 0.589494, 2503, 10.533063 
3, -106.738000, 0.434626, 6885, 44.338074 
4, -103.941265, 0.563053, 23161, 437.072535 
5, -92.139122, 0.578414, 23787, 477.018689 
6, -86.145858, 0.564038, 25039, 509.288330 
7, -81.644535, 0.568732, 26291, 597.147591 
8, -58.430253, 0.630752, 30673, 945.730260 
9, -56.570131, 0.611099, 31925, 1039.333758 
10, -11.676859, 0.670917, 33177, 1128.842601 
11, 51.429828, 0.669611, 33803, 1192.865951 
12, 56.116992, 0.391977, 58843, 5960.456688 
13, 56.116992, 0.438922, 65103, 7201.416456 
