1, -393.447110, 0.665354, 1251, 3.224920 
2, -389.924986, 0.533123, 1877, 5.629510 
3, -210.009631, 0.490756, 3129, 10.570811 
4, -164.403223, 0.558651, 3755, 13.336780 
5, -148.743974, 0.525239, 4381, 16.112900 
6, -130.215778, 0.581731, 6259, 26.530316 
7, -77.333066, 0.569837, 8763, 52.428071 
8, -74.651667, 0.495144, 22535, 519.357648 
9, -59.612126, 0.496863, 23787, 600.395182 
10, -59.103791, 0.474258, 31925, 1024.501722 
11, -57.033273, 0.601933, 54461, 2464.277386 
12, -56.700217, 0.596330, 56965, 2657.510627 
13, -40.022746, 0.593677, 57591, 2697.730187 
14, -2.132993, 0.591010, 58217, 2803.236911 
15, 3.967876, 0.489844, 84509, 6447.993474 
16, 3.967876, 0.488269, 90143, 7200.782696 
