1, -818.324310, 0.665354, 1251, 2.144919 
2, -435.417392, 0.524096, 1877, 4.088371 
3, -306.284202, 0.544283, 3129, 12.512465 
4, -237.221463, 0.539660, 3755, 20.162451 
5, -143.794148, 0.590529, 6259, 43.966753 
6, -134.245655, 0.578527, 13771, 175.159331 
7, -128.858001, 0.525402, 21909, 354.934298 
8, -122.514317, 0.496651, 23787, 404.823731 
9, -112.954226, 0.574914, 31299, 588.761324 
10, -108.668063, 0.550966, 35681, 729.914304 
11, -30.191670, 0.627288, 40063, 898.642106 
12, -17.926474, 0.626064, 45071, 1190.155238 
13, -3.738014, 0.557446, 49453, 1446.099481 
14, -0.050642, 0.558778, 70111, 3539.099910 
15, 1.089436, 0.551868, 73867, 3914.667162 
16, 14.519412, 0.543154, 78249, 4221.045523 
17, 19.564167, 0.516597, 87639, 5112.084580 
18, 19.564167, 0.498684, 101411, 7201.553916 
