1, -164.607535, 0.558659, 1877, 5.374197 
2, -128.965314, 0.546392, 3755, 14.324543 
3, -117.135778, 0.502577, 5633, 22.129463 
4, -56.869226, 0.578759, 6259, 29.794824 
5, -51.660125, 0.569113, 7511, 44.527136 
6, -39.879040, 0.502430, 10015, 84.505943 
7, -37.692879, 0.644127, 15649, 208.335208 
8, -8.339951, 0.672251, 18153, 280.285300 
9, -7.701403, 0.649960, 20657, 372.265748 
10, 1.186814, 0.474757, 30047, 1000.009538 
11, 10.282197, 0.482244, 36933, 1689.692198 
12, 10.282197, 0.474778, 71989, 7200.033221 
