1, -584.136560, 0.641732, 1251, 3.073105 
2, -135.328781, 0.453831, 2503, 10.776965 
3, -133.722815, 0.569468, 3129, 13.231766 
4, -122.255992, 0.524768, 3755, 18.093950 
5, -109.898131, 0.564754, 6259, 36.606206 
6, -103.616911, 0.511052, 8137, 54.984146 
7, -55.669026, 0.655889, 10015, 76.000053 
8, -50.478067, 0.636076, 10641, 86.296934 
9, -46.245434, 0.504560, 25665, 487.169613 
10, -37.530248, 0.505819, 26291, 506.460295 
11, -35.272712, 0.503082, 29421, 634.537028 
12, -21.393060, 0.461642, 68859, 3565.294362 
13, -21.393060, 0.466937, 96403, 7200.139811 
