1, -135.656529, 0.386740, 1877, 2.871085 
2, -128.186095, 0.412731, 6885, 25.160677 
3, -107.803028, 0.426819, 8137, 44.225478 
4, -31.712317, 0.562814, 13771, 107.113521 
5, -10.644325, 0.524125, 24413, 330.249340 
6, -7.716425, 0.453035, 30673, 609.106032 
7, -7.022824, 0.463533, 49453, 1755.650355 
8, 14.903708, 0.506336, 50079, 1847.494044 
9, 18.699111, 0.514491, 53209, 2204.469385 
10, 24.999585, 0.545189, 76371, 4740.450887 
11, 34.928640, 0.539754, 78249, 4997.571951 
12, 35.875623, 0.539754, 78875, 5066.788729 
13, 43.011474, 0.538268, 80753, 5436.181854 
14, 47.408850, 0.561201, 83257, 5886.305600 
15, 55.165927, 0.551787, 85135, 6280.318841 
16, 55.165927, 0.528708, 88265, 7200.753128 
