1, -299.240338, 0.692913, 1251, 2.034259 
2, -127.329463, 0.606765, 2503, 8.128690 
3, -92.077945, 0.603758, 7511, 63.102311 
4, -91.101624, 0.581974, 8137, 68.289439 
5, -90.147081, 0.523175, 9389, 80.742128 
6, -86.535575, 0.495149, 16275, 246.370281 
7, -52.709200, 0.519659, 17527, 282.863302 
8, 14.049683, 0.562020, 18153, 308.357341 
9, 23.374735, 0.555753, 19405, 349.128000 
10, 28.603032, 0.541773, 24413, 530.841524 
11, 75.001267, 0.516353, 54461, 2926.694626 
12, 79.854529, 0.517034, 56339, 3153.964151 
13, 83.211202, 0.544244, 67607, 4373.740541 
14, 92.324424, 0.544186, 68233, 4451.633259 
15, 96.017004, 0.544764, 75745, 5242.481335 
16, 122.279689, 0.545499, 83257, 6160.441620 
17, 142.845738, 0.545687, 87013, 6785.158540 
18, 142.845738, 0.543958, 88891, 7200.929734 
