1, -459.019523, 0.558559, 1877, 4.940353 
2, -281.406239, 0.560423, 3129, 9.710593 
3, -121.233187, 0.472464, 4381, 20.709388 
4, -110.903979, 0.584237, 6885, 41.339225 
5, -109.951781, 0.567381, 7511, 44.808487 
6, -100.504299, 0.515921, 16901, 183.710707 
7, -30.493018, 0.595191, 18779, 224.326430 
8, -26.764387, 0.534596, 20031, 250.600206 
9, 15.440295, 0.652430, 22535, 346.180780 
10, 127.203784, 0.710759, 23161, 375.839826 
11, 131.739128, 0.532228, 36307, 1095.934135 
12, 152.649366, 0.523445, 38185, 1234.014578 
13, 155.480597, 0.501437, 40063, 1430.316638 
14, 155.480597, 0.424706, 76997, 7200.612873 
