1, -134.897410, 0.501805, 3755, 14.749430 
2, -134.288296, 0.441103, 6885, 35.717974 
3, -132.039650, 0.586019, 12519, 102.346128 
4, -126.706817, 0.572177, 13145, 111.061640 
5, -117.110775, 0.551020, 16275, 165.038329 
6, -112.293187, 0.569108, 19405, 234.529022 
7, -70.218457, 0.616607, 20031, 257.460127 
8, -59.695139, 0.599251, 22535, 384.704100 
9, -55.378732, 0.591625, 23161, 422.375116 
10, -41.771801, 0.566977, 26291, 599.889041 
11, -41.301982, 0.559444, 26917, 619.106113 
12, -3.641678, 0.553287, 28169, 702.868366 
13, -2.414234, 0.494003, 38811, 1624.899889 
14, 22.932326, 0.541033, 50705, 2953.670331 
15, 44.086415, 0.544342, 51331, 3000.344122 
16, 76.147317, 0.489772, 70111, 5541.616220 
17, 103.663079, 0.491274, 75745, 6546.021171 
18, 119.977306, 0.552340, 78875, 7034.591795 
19, 152.024093, 0.556606, 79501, 7140.560597 
20, 152.024093, 0.555821, 79501, 7200.444017 
