1, -554.767069, 0.000000, 625, 0.186397 
1, -138.027505, 0.519313, 1877, 4.637236 
2, -75.400845, 0.454683, 11267, 105.267604 
3, -46.825724, 0.499337, 13145, 145.140765 
4, -41.670866, 0.491055, 26291, 407.606303 
5, -41.373748, 0.505792, 52583, 1563.394861 
6, -4.219325, 0.560141, 60095, 2151.720089 
7, 0.858402, 0.558465, 61347, 2268.651856 
8, 17.979375, 0.560498, 62599, 2355.196697 
9, 43.684344, 0.562534, 68233, 2792.368082 
10, 55.889600, 0.576354, 73867, 3395.174035 
11, 75.204010, 0.570343, 74493, 3433.822327 
12, 84.166539, 0.528413, 93273, 5712.478601 
13, 84.166539, 0.517544, 103915, 7200.381669 
