1, -636.854979, 0.000000, 625, 0.246554 
1, -461.548922, 0.386740, 2503, 5.267308 
2, -430.185380, 0.373333, 3129, 10.470022 
3, -179.524871, 0.447872, 5007, 22.503819 
4, -159.074798, 0.451404, 11267, 122.767448 
5, -156.519391, 0.500681, 16901, 259.647298 
6, -154.811474, 0.491493, 18153, 304.465808 
7, -152.642138, 0.561873, 21909, 435.678638 
8, -141.756332, 0.553255, 22535, 453.518959 
9, -141.325924, 0.481252, 26917, 643.400528 
10, -129.579819, 0.471542, 28169, 740.710902 
11, -120.571208, 0.496942, 35055, 1085.108433 
12, -101.522125, 0.613974, 41941, 1457.876136 
13, -55.231793, 0.670167, 43193, 1572.433713 
14, 20.467304, 0.640720, 48201, 2030.480586 
15, 20.467304, 0.594843, 91395, 7201.322453 
