1, -760.765910, 0.000000, 625, 0.544668 
1, -524.460193, 0.434298, 1877, 6.488934 
2, -462.106239, 0.511509, 3129, 14.289553 
3, -460.355208, 0.569608, 5007, 30.085558 
4, -99.500429, 0.620120, 6259, 67.731672 
5, -70.510493, 0.723841, 20031, 346.249263 
6, -57.619492, 0.723270, 20657, 371.309008 
7, -53.087311, 0.696544, 22535, 453.333966 
8, -41.994920, 0.704473, 23787, 508.202486 
9, -37.140664, 0.692159, 25665, 613.391966 
10, -36.345679, 0.665057, 31925, 949.166149 
11, -35.659546, 0.621980, 43193, 1522.891859 
12, -33.784690, 0.584556, 60095, 3186.257203 
13, -29.297913, 0.584510, 68233, 4325.587833 
14, -29.297913, 0.617635, 87013, 7201.073201 
