1, -656.320291, 0.000000, 625, 0.438433 
1, -337.322983, 0.559480, 1877, 4.421286 
2, -183.158836, 0.469772, 11893, 124.395817 
3, -160.080211, 0.457849, 15649, 195.400330 
4, -147.166718, 0.440777, 22535, 373.364069 
5, -143.519046, 0.520122, 34429, 802.270797 
6, -134.055600, 0.516112, 35055, 834.038560 
7, -131.197583, 0.560487, 48201, 1461.366399 
8, -128.975912, 0.550332, 50079, 1548.047377 
9, -67.949624, 0.760519, 57591, 2034.255046 
10, -41.582465, 0.694430, 59469, 2249.604502 
11, -37.202784, 0.501406, 80753, 6090.625257 
12, 10.601127, 0.490553, 83257, 6594.600242 
13, 11.329548, 0.481118, 85761, 7088.310176 
14, 11.329548, 0.482977, 86387, 7200.241235 
