1, -137.848641, 0.000000, 625, 0.121239 
1, -125.482210, 0.569234, 25665, 330.200848 
2, -122.621202, 0.560976, 26917, 372.311873 
3, -119.197295, 0.552233, 28795, 415.420230 
4, -118.343553, 0.535293, 30673, 449.190430 
5, -118.241961, 0.530026, 31299, 472.358833 
6, -40.338120, 0.540465, 43193, 848.824390 
7, -23.489818, 0.492195, 48201, 1191.423466 
8, -19.716127, 0.510195, 53209, 1619.309555 
9, -5.240707, 0.469355, 65103, 3018.114330 
10, 8.515680, 0.470287, 82631, 5057.574326 
11, 8.515680, 0.469302, 95777, 7200.329273 
