1, -940.068477, 0.000000, 625, 0.742763 
1, -647.839799, 0.533058, 1877, 4.390716 
2, -610.340307, 0.652106, 3129, 8.613464 
3, -510.555683, 0.671587, 5633, 22.271403 
4, -443.423957, 0.627660, 6885, 34.069864 
5, -366.265553, 0.622415, 7511, 41.642896 
6, -272.862493, 0.555894, 12519, 155.270763 
7, -117.642886, 0.592491, 15023, 225.515265 
8, -113.334361, 0.583272, 15649, 244.782445 
9, -111.821737, 0.576006, 16275, 264.243135 
10, -109.816967, 0.548250, 18779, 341.144291 
11, -101.688886, 0.560473, 32551, 813.368081 
12, -81.903182, 0.551023, 33803, 886.174341 
13, -76.963991, 0.543553, 38185, 1162.907363 
14, -66.857420, 0.551325, 45071, 1601.648407 
15, -66.857420, 0.515705, 93899, 7200.305048 
