1, -530.736218, 0.000000, 625, 0.211191 
1, -321.150406, 0.630027, 1251, 1.107572 
2, -179.664814, 0.547022, 5633, 25.893412 
3, -166.495043, 0.544025, 8137, 60.832956 
4, -125.512419, 0.629874, 12519, 150.296251 
5, -121.323434, 0.592202, 15649, 207.174162 
6, -115.512509, 0.562263, 18153, 255.958847 
7, -113.352805, 0.539739, 21909, 360.110974 
8, -105.806252, 0.509668, 30047, 709.059776 
9, -52.747241, 0.531173, 48827, 1472.494812 
10, -50.870865, 0.566945, 66355, 2575.891101 
11, -47.917747, 0.564229, 70111, 2860.220267 
12, 12.776963, 0.606099, 78875, 3512.322580 
13, 25.588222, 0.615597, 83883, 3866.988231 
14, 28.593103, 0.609096, 97655, 5254.963074 
15, 29.725604, 0.611046, 101411, 5718.377769 
16, 31.493723, 0.601157, 108923, 6579.743432 
17, 31.493723, 0.602354, 113305, 7200.291849 
