1, -827.505314, 0.000000, 625, 0.633027 
1, -777.906602, 0.643432, 1251, 2.598140 
2, -702.093397, 0.582589, 1877, 4.695612 
3, -568.605376, 0.764192, 3129, 11.094929 
4, -463.489734, 0.659692, 4381, 19.817289 
5, -445.546156, 0.692532, 8763, 71.274265 
6, -418.417313, 0.662796, 10641, 103.827351 
7, -385.583799, 0.644889, 11267, 116.191777 
8, -146.612061, 0.633347, 11893, 126.176850 
9, -145.262965, 0.624653, 12519, 134.710605 
10, -132.122443, 0.594159, 20657, 310.770283 
11, -125.059453, 0.586892, 21283, 323.480769 
12, -78.032508, 0.583497, 26291, 507.664099 
13, -70.275286, 0.578706, 27543, 573.523571 
14, -68.845214, 0.583391, 30673, 728.385485 
15, -67.460382, 0.566743, 31925, 798.241606 
16, -65.035675, 0.563332, 33177, 892.507567 
17, -61.247399, 0.554132, 34429, 932.360738 
18, -48.013811, 0.554154, 42567, 1419.311117 
19, -44.436968, 0.550712, 45071, 1531.645880 
20, -34.793485, 0.746388, 92647, 6230.622354 
21, -27.553419, 0.743460, 93899, 6304.502092 
22, -14.834205, 0.741969, 94525, 6418.557392 
23, -10.498802, 0.698597, 99533, 6821.125920 
24, -10.498802, 0.692218, 104541, 7200.015386 
