1, -604.585329, 0.000000, 625, 0.309545 
1, -211.680436, 0.528112, 1877, 5.460907 
2, -204.887526, 0.627451, 3129, 13.984970 
3, -163.560099, 0.623515, 3755, 17.551797 
4, -154.552564, 0.430226, 10015, 94.934758 
5, -132.746308, 0.595769, 16901, 293.609940 
6, -127.936246, 0.586264, 17527, 301.808286 
7, -127.075057, 0.485551, 28169, 616.851856 
8, -119.951021, 0.498951, 32551, 757.965147 
9, -113.958278, 0.551989, 56965, 2175.945599 
10, -28.058135, 0.623590, 60095, 2403.561825 
11, -25.934295, 0.615901, 66355, 2976.854730 
12, -19.156851, 0.608822, 82631, 4615.842686 
13, -19.156851, 0.605072, 101411, 7200.094398 
