1, -276.793765, 0.000000, 625, 0.187598 
1, -264.814825, 0.509300, 5007, 22.370633 
2, -141.184258, 0.493130, 6259, 33.228027 
3, -132.487450, 0.513771, 10641, 74.752934 
4, -128.601055, 0.499756, 11267, 80.287073 
5, -123.904377, 0.511214, 15023, 142.934818 
6, -116.429377, 0.529159, 54461, 1588.991773 
7, -113.350809, 0.526206, 55087, 1627.059039 
8, -112.844189, 0.518885, 65729, 2381.020261 
9, -96.356726, 0.685556, 95777, 5211.520864 
10, -83.126529, 0.666165, 98907, 5714.837781 
11, -76.697826, 0.646474, 103289, 6300.403402 
12, -52.044434, 0.650074, 105793, 6581.772842 
13, -52.044434, 0.631131, 108297, 7200.185480 
