1, -981.698768, 0.000000, 625, 0.736954 
1, -838.016778, 0.498660, 1251, 1.972521 
2, -812.344922, 0.713987, 1877, 4.017698 
3, -671.246875, 0.557427, 3129, 9.099240 
4, -658.122792, 0.492021, 3755, 10.832164 
5, -166.586435, 0.621404, 4381, 12.683417 
6, -162.167862, 0.587216, 5007, 16.307109 
7, -147.563380, 0.554241, 5633, 18.920514 
8, -138.127602, 0.560000, 7511, 32.572550 
9, -131.507379, 0.497730, 10641, 71.516055 
10, -95.405461, 0.569651, 11267, 80.175190 
11, -53.731301, 0.559459, 11893, 91.875449 
12, -36.617552, 0.537160, 15023, 160.428298 
13, -23.150274, 0.527228, 19405, 246.442212 
14, 4.435625, 0.499442, 23787, 376.694837 
15, 14.391433, 0.459589, 47575, 1515.446209 
16, 38.615413, 0.453627, 58217, 2302.186258 
17, 38.615413, 0.458793, 99533, 7200.295497 
