1, -144.732125, 0.562923, 3755, 12.032866 
2, -132.307948, 0.536341, 4381, 13.840687 
3, -127.017627, 0.591036, 6885, 30.638058 
4, -126.510999, 0.563107, 7511, 33.918345 
5, -121.714456, 0.582667, 9389, 50.358350 
6, -97.065969, 0.673535, 10015, 54.965302 
7, -77.665219, 0.651390, 11893, 79.967808 
8, -13.692207, 0.630316, 14397, 124.292580 
9, -0.787267, 0.436148, 41315, 1486.015007 
10, 23.583860, 0.559528, 46323, 1866.013384 
11, 25.025506, 0.553935, 47575, 2011.395868 
12, 49.055090, 0.541471, 49453, 2224.151637 
13, 55.236510, 0.527428, 50705, 2379.689042 
14, 55.236510, 0.416210, 75745, 7200.307188 
