1, -271.178505, 0.598708, 5633, 26.296593 
2, -156.621173, 0.594017, 6259, 30.331334 
3, -145.840700, 0.568472, 9389, 63.606871 
4, -109.683949, 0.568051, 10015, 70.136917 
5, -101.290939, 0.514460, 12519, 93.990686 
6, -82.495937, 0.579758, 15649, 171.063872 
7, -70.946143, 0.598836, 21909, 327.600382 
8, -52.266206, 0.593270, 23161, 368.831340 
9, -10.470134, 0.643795, 35055, 932.950381 
10, -9.436782, 0.642930, 35681, 958.399138 
11, 64.072291, 0.645014, 37559, 1040.709514 
12, 66.625140, 0.539698, 65729, 3003.147795 
13, 93.600350, 0.536553, 67607, 3216.138368 
14, 93.600350, 0.527604, 98281, 7200.004432 
