1, -333.780956, 0.633117, 1251, 2.113502 
2, -140.061546, 0.660759, 3755, 11.182278 
3, -121.893045, 0.643488, 5007, 18.870473 
4, -119.177846, 0.558484, 6259, 33.964573 
5, -73.938212, 0.697802, 9389, 77.206234 
6, -49.845412, 0.728367, 12519, 198.564806 
7, -27.727217, 0.704318, 14397, 250.750274 
8, -21.288720, 0.599728, 57591, 3635.208999 
9, -19.868779, 0.597245, 58843, 3840.757713 
10, -15.917703, 0.621637, 74493, 6394.811697 
11, -15.431627, 0.620993, 75119, 6481.715955 
12, -8.088505, 0.621044, 75745, 6574.806985 
13, -6.743218, 0.620620, 76371, 6629.315367 
14, -4.564006, 0.618837, 76997, 6742.386434 
15, -4.564006, 0.615651, 79501, 7200.305979 
