1, -466.746799, 0.633117, 1251, 1.564481 
2, -187.789849, 0.579044, 2503, 5.246942 
3, -141.013713, 0.576071, 3755, 8.322052 
4, -128.337267, 0.539326, 5633, 22.368932 
5, -118.956759, 0.532534, 7511, 35.438699 
6, -112.556126, 0.603491, 14397, 112.611337 
7, -111.677235, 0.572107, 16901, 152.212966 
8, -108.341490, 0.543609, 25665, 287.331291 
9, -43.175314, 0.623368, 38185, 620.578142 
10, 0.710570, 0.618078, 51331, 1303.091905 
11, 16.350451, 0.608268, 51957, 1332.111296 
12, 18.306429, 0.555628, 58217, 1893.884142 
13, 28.241196, 0.539569, 60095, 2074.160075 
14, 31.176408, 0.551761, 75119, 4279.284295 
15, 74.789223, 0.551852, 75745, 4327.523138 
16, 168.526330, 0.582164, 78875, 4670.286439 
17, 168.526330, 0.531261, 90769, 7200.065812 
