1, -361.248878, 0.646104, 1251, 2.729256 
2, -178.688117, 0.730849, 5007, 30.958678 
3, -123.395059, 0.753438, 5633, 36.839423 
4, -117.926601, 0.728339, 6259, 43.391751 
5, -109.832447, 0.694816, 6885, 47.555324 
6, -85.746093, 0.615202, 10015, 92.165369 
7, -54.127950, 0.615427, 10641, 97.545140 
8, 21.782002, 0.632377, 18153, 242.987617 
9, 21.805296, 0.633785, 19405, 275.308270 
10, 22.585191, 0.608708, 20031, 283.713363 
11, 28.228071, 0.573832, 21283, 333.716850 
12, 43.061959, 0.534206, 25665, 511.861259 
13, 77.801565, 0.584710, 30673, 751.248069 
