1, -901.368319, 0.603896, 1251, 2.638353 
2, -669.695559, 0.443914, 1877, 4.644627 
3, -547.423423, 0.506306, 2503, 7.560020 
4, -415.396297, 0.499341, 4381, 22.089593 
5, -344.123503, 0.534665, 5007, 30.036145 
6, -332.693816, 0.619048, 5633, 34.927603 
7, -288.034027, 0.750522, 6259, 39.748570 
8, -227.018396, 0.606550, 10641, 82.831172 
9, -191.428847, 0.555954, 12519, 119.922957 
10, -102.243607, 0.623369, 14397, 172.108396 
11, -0.909317, 0.609282, 20657, 338.358715 
12, 1.834993, 0.591195, 23787, 452.168580 
13, 2.541775, 0.532946, 43193, 1568.654815 
14, 24.493735, 0.525105, 66981, 3881.990215 
15, 24.493735, 0.525093, 92021, 7200.066286 
