1, -795.109020, 0.661417, 1251, 2.760766 
2, -592.774895, 0.460274, 1877, 4.855386 
3, -337.874732, 0.584746, 2503, 7.674453 
4, -201.716218, 0.582301, 3129, 9.449428 
5, -181.313116, 0.516484, 3755, 12.516811 
6, -121.092113, 0.558195, 5007, 19.305023 
7, -119.623758, 0.488396, 6259, 28.337384 
8, -116.830256, 0.473587, 6885, 33.671436 
9, -113.940100, 0.447009, 7511, 35.521222 
10, -111.702674, 0.533721, 16901, 155.878209 
11, -15.694425, 0.615464, 18779, 211.534641 
12, -5.838360, 0.610113, 19405, 221.791372 
13, 19.837819, 0.582001, 23161, 375.372361 
14, 24.000039, 0.505939, 31925, 747.617101 
15, 37.651031, 0.445470, 49453, 2443.688085 
16, 52.537638, 0.458947, 61347, 3554.721305 
17, 60.466448, 0.459011, 62599, 3711.262769 
18, 60.466448, 0.458511, 88891, 7200.525325 
