1, -566.751674, 0.484252, 1251, 1.075062 
2, -121.055624, 0.575269, 1877, 2.682135 
3, -118.268029, 0.503311, 2503, 4.597958 
4, -98.964857, 0.554696, 5633, 16.704527 
5, -93.220358, 0.505336, 21283, 267.911246 
6, -91.838240, 0.502446, 21909, 285.293316 
7, -84.982291, 0.503110, 22535, 300.855716 
8, -68.428450, 0.502660, 25039, 377.784723 
9, -26.988925, 0.532346, 25665, 407.681172 
10, -10.216272, 0.530604, 26291, 433.549620 
11, -8.583707, 0.505056, 30047, 738.286282 
12, 23.879264, 0.474727, 30673, 765.388351 
13, 117.569084, 0.500085, 53209, 2541.766393 
14, 132.057420, 0.473534, 55087, 2696.969636 
15, 138.286523, 0.421448, 61973, 3602.455690 
16, 138.286523, 0.402477, 82005, 7200.507555 
