1, -261.076061, 0.461538, 2503, 4.284497 
2, -137.185023, 0.493548, 3129, 6.135346 
3, -127.018444, 0.440955, 5007, 14.996958 
4, -118.599037, 0.487889, 8137, 42.701479 
5, -115.589605, 0.503119, 12519, 90.665910 
6, -108.617335, 0.485455, 13771, 105.062646 
7, -108.102251, 0.494983, 16275, 145.418737 
8, -75.167322, 0.613165, 16901, 162.126774 
9, -63.383680, 0.585752, 18779, 257.147193 
10, -62.586244, 0.532159, 22535, 397.169287 
11, -49.813338, 0.556512, 23161, 419.534250 
12, -48.348541, 0.537037, 24413, 454.856603 
13, -35.500795, 0.507092, 34429, 794.878176 
14, -20.493526, 0.589271, 51957, 1783.198393 
15, -7.742510, 0.588606, 52583, 1816.690669 
16, -5.280108, 0.586572, 55713, 1986.837014 
17, -3.422634, 0.581888, 69485, 2867.147244 
18, -3.422634, 0.579624, 117687, 7200.504397 
