1, -110.417393, 0.547041, 7511, 38.418363 
2, -109.714403, 0.530961, 8137, 43.281470 
3, -45.495935, 0.607483, 10015, 59.224081 
4, -42.015365, 0.590098, 11267, 72.431100 
5, -39.535809, 0.574882, 12519, 81.579522 
6, -31.070664, 0.567925, 13771, 106.726240 
7, -28.836139, 0.566183, 14397, 117.643478 
8, 43.803717, 0.599269, 18779, 196.586742 
9, 46.267732, 0.594642, 19405, 202.771113 
10, 53.230480, 0.593065, 20657, 223.995134 
11, 73.010472, 0.462081, 51331, 1703.070031 
12, 73.010472, 0.458200, 98907, 7200.100624 
