1, -381.264938, 0.661417, 1251, 2.342504 
2, -306.994368, 0.440594, 1877, 5.390431 
3, -144.341571, 0.589342, 3755, 10.644295 
4, -143.456523, 0.597826, 5007, 15.327979 
5, -134.981515, 0.560134, 5633, 17.768586 
6, -126.946757, 0.529592, 6259, 26.519445 
7, -103.424468, 0.548858, 7511, 41.162485 
8, -66.816407, 0.531901, 9389, 70.460818 
9, -12.012730, 0.548868, 10015, 85.181530 
10, -9.590152, 0.551189, 10641, 93.637695 
11, 31.816476, 0.540771, 11267, 116.920643 
12, 32.485520, 0.541303, 12519, 149.034133 
13, 49.667970, 0.511415, 15649, 279.820847 
14, 63.811308, 0.450008, 30673, 1543.912098 
15, 82.553484, 0.420349, 55087, 5077.700935 
