1, -401.955374, 0.543716, 1877, 4.419725 
2, -276.479457, 0.490769, 3755, 13.899685 
3, -175.432550, 0.528926, 4381, 18.761884 
4, -154.193795, 0.506866, 5007, 21.558615 
5, -85.322364, 0.506303, 6259, 33.643628 
6, -67.313905, 0.503483, 6885, 36.517940 
7, -66.091317, 0.507477, 7511, 38.270414 
8, -54.342991, 0.501715, 8137, 42.554893 
9, -45.675103, 0.487669, 8763, 45.931100 
10, -45.558901, 0.483760, 17527, 159.638123 
11, -44.223919, 0.470545, 18153, 167.244875 
12, -38.949755, 0.463776, 25665, 298.434393 
13, -30.585458, 0.570580, 35055, 623.971553 
14, -20.218184, 0.563251, 35681, 642.118768 
15, -13.823552, 0.499807, 42567, 913.097562 
16, 14.572093, 0.483333, 59469, 1968.445896 
17, 39.653695, 0.523268, 61347, 2097.734737 
18, 51.914645, 0.520515, 63225, 2235.478805 
19, 63.787539, 0.538403, 63851, 2286.239978 
20, 81.827783, 0.539482, 69485, 2713.967527 
21, 88.352761, 0.506337, 77623, 3467.678359 
22, 88.352761, 0.486456, 107671, 7200.371359 
