1, -600.263760, 0.603030, 1877, 2.890525 
2, -297.874885, 0.564103, 4381, 11.604497 
3, -122.983744, 0.556441, 5007, 14.263978 
4, -121.340924, 0.508333, 5633, 18.582381 
5, -119.018078, 0.493868, 6259, 21.749722 
6, -109.797657, 0.521861, 11893, 68.909482 
7, -106.444599, 0.511691, 12519, 74.720939 
8, -96.551282, 0.473527, 18779, 152.955981 
9, -68.187985, 0.520144, 23787, 236.517907 
10, 35.342535, 0.572067, 41315, 759.902084 
11, 65.407670, 0.562875, 42567, 800.706566 
12, 65.407670, 0.462690, 107671, 7200.177871 
