0, 9.350000, 0.000000, 100, 0.707427 
1, 39.350000, 0.647917, 200, 26.724835 
2, 119.960000, 0.787565, 402, 151.606133 
3, 141.260000, 0.801874, 503, 298.207144 
4, 149.770000, 0.825561, 907, 677.723275 
5, 164.820000, 0.833832, 1008, 787.243210 
6, 177.020000, 0.829268, 1109, 931.779827 
7, 470.680000, 0.972002, 1210, 1058.350083 
8, 491.570000, 0.989609, 1311, 1226.292237 
9, 495.640000, 0.989076, 1513, 1524.391026 
10, 495.690000, 0.987613, 1816, 2336.781072 
11, 496.550000, 0.986713, 2119, 3157.469727 
12, 496.550000, 0.988178, 2221, 3604.111586 
