1, -125.649401, 0.491935, 1877, 3.316180 
2, -113.298209, 0.534704, 10641, 86.720062 
3, -71.799700, 0.605388, 12519, 114.338423 
4, -57.262919, 0.593953, 13145, 135.080728 
5, -50.130330, 0.530009, 26291, 532.566855 
6, -39.988062, 0.588213, 58217, 2318.147424 
7, -34.396168, 0.586526, 58843, 2396.419130 
8, -33.557307, 0.573205, 65729, 2965.148944 
9, -22.040374, 0.589258, 71989, 3624.709689 
10, -19.745805, 0.587688, 73867, 3857.167181 
11, -19.217084, 0.645130, 81379, 4658.370932 
12, -11.252243, 0.634258, 84509, 5004.841914 
13, -8.869161, 0.630711, 86387, 5210.601654 
14, -5.591395, 0.630333, 88265, 5408.443197 
15, 0.001806, 0.627876, 90143, 5628.109764 
16, 16.916916, 0.619920, 94525, 6371.687541 
17, 16.916916, 0.612122, 100159, 7200.541868 
