1, -279.936395, 0.559322, 1251, 1.408071 
2, -215.708867, 0.529946, 3129, 11.148418 
3, -124.401511, 0.426503, 5633, 25.220850 
4, -109.950396, 0.624274, 10641, 74.394404 
5, -108.750955, 0.604460, 11893, 96.379966 
6, -98.603802, 0.566694, 15023, 161.110902 
7, -88.633377, 0.566223, 15649, 180.755324 
8, -84.611755, 0.538740, 21283, 314.247034 
9, -43.715345, 0.686511, 24413, 406.731211 
10, -22.746655, 0.652070, 26917, 554.550195 
11, -3.224142, 0.645045, 28169, 656.423908 
12, -0.939914, 0.603035, 31299, 899.021640 
13, 10.678234, 0.591362, 48827, 2541.426608 
14, 14.336983, 0.491074, 61347, 4853.711658 
15, 14.336983, 0.479208, 71989, 7200.143486 
