1, -120.076937, 0.427632, 4381, 13.330202 
2, -115.986996, 0.456740, 8763, 46.506290 
3, -111.725486, 0.520179, 11267, 60.603683 
4, -62.295137, 0.553629, 11893, 69.199102 
5, -56.498076, 0.536702, 13771, 106.459746 
6, -22.348699, 0.691131, 33803, 604.688752 
7, -16.563606, 0.624432, 34429, 639.298152 
8, -5.522943, 0.618207, 35055, 673.184407 
9, 1.941132, 0.597200, 40689, 972.030717 
10, 21.842112, 0.531746, 53835, 2184.743274 
11, 39.229529, 0.518643, 56965, 2524.561821 
12, 45.177595, 0.495807, 63225, 3377.328436 
13, 45.182481, 0.497266, 63851, 3456.558566 
14, 58.479865, 0.497576, 68859, 4052.445141 
