1, -283.742539, 0.667797, 1251, 2.471526 
2, -205.861071, 0.420892, 5633, 27.966084 
3, -163.514409, 0.601987, 9389, 63.477383 
4, -156.425553, 0.570518, 10015, 81.415127 
5, -151.731723, 0.568345, 10641, 116.727170 
6, -82.396322, 0.613104, 11267, 148.551860 
7, -61.634885, 0.586431, 23161, 674.927263 
8, -60.710840, 0.520247, 28795, 1100.459018 
9, -51.931055, 0.479391, 42567, 2416.997238 
10, 97.038227, 0.565017, 55087, 3958.809633 
11, 109.265957, 0.530640, 58843, 4955.256294 
12, 109.265957, 0.454696, 66355, 7200.345511 
