1, -624.101222, 0.664407, 1251, 2.778271 
2, -244.801125, 0.543970, 4381, 16.878884 
3, -132.521020, 0.562881, 10015, 64.561082 
4, -130.468068, 0.542796, 10641, 73.957229 
5, -127.401384, 0.523568, 11267, 80.577908 
6, -125.943476, 0.505091, 13771, 112.858424 
7, -121.850275, 0.507519, 15023, 124.797056 
8, -118.251110, 0.570377, 18779, 170.183096 
9, -111.591922, 0.563267, 20657, 197.343276 
10, -108.369707, 0.551855, 21283, 215.647223 
11, -108.185644, 0.539369, 24413, 281.970595 
12, -107.983332, 0.535813, 27543, 336.112514 
13, -107.098983, 0.538427, 28795, 369.996096 
14, -14.690894, 0.693871, 40063, 710.501270 
15, 9.545198, 0.690457, 40689, 728.160258 
16, 13.503810, 0.615917, 49453, 1323.994433 
17, 34.108256, 0.653091, 56965, 1962.072677 
18, 139.891236, 0.604557, 68859, 3287.365003 
19, 143.396605, 0.541321, 75119, 4158.939547 
20, 143.396605, 0.486995, 90143, 7201.061681 
