1, -162.261226, 0.560570, 3755, 10.586354 
2, -113.505508, 0.602210, 4381, 14.881059 
3, -107.812584, 0.558586, 5007, 20.284989 
4, -90.781837, 0.569747, 16275, 208.453782 
5, -35.168031, 0.561972, 26917, 760.983843 
6, -29.095460, 0.567491, 27543, 790.421941 
7, -23.940538, 0.566909, 28169, 807.660941 
8, -20.517792, 0.519564, 35055, 1524.679668 
9, 29.509891, 0.543211, 35681, 1592.233515 
10, 32.694530, 0.688452, 66981, 5460.632260 
11, 57.011130, 0.659359, 69485, 5903.178245 
12, 57.011130, 0.586001, 75745, 7200.449986 
