1, -112.724154, 0.533145, 13145, 96.740477 
2, -110.092419, 0.521533, 13771, 110.748226 
3, -107.023036, 0.507932, 19405, 207.140923 
4, -93.852146, 0.628251, 53209, 1319.031518 
5, -90.761069, 0.567707, 54461, 1378.694602 
6, -41.923522, 0.566932, 56965, 1479.956458 
7, -6.737625, 0.541529, 57591, 1525.691233 
8, -6.080856, 0.510140, 58843, 1595.148484 
9, 15.797867, 0.486975, 64477, 2062.914322 
10, 16.269593, 0.488005, 68233, 2428.465135 
11, 24.949064, 0.489935, 73867, 2998.577238 
12, 24.949064, 0.475615, 104541, 7200.051158 
