1, -124.052599, 0.433333, 4381, 14.728519 
2, -117.550453, 0.575994, 36933, 691.621152 
3, -117.057150, 0.571451, 37559, 702.617376 
4, -115.676167, 0.562731, 38811, 749.680618 
5, -114.815208, 0.574316, 39437, 773.281010 
6, -112.600277, 0.570009, 40063, 796.162843 
7, -80.131422, 0.608331, 41315, 838.391692 
8, -58.932731, 0.645580, 43819, 972.973378 
9, -43.737830, 0.630621, 46949, 1104.657160 
10, -34.243722, 0.625775, 48201, 1196.269828 
11, -4.994646, 0.625377, 58843, 1920.882832 
12, 20.182095, 0.618046, 59469, 2010.569521 
13, 46.576347, 0.616941, 60095, 2079.715888 
14, 54.164427, 0.604180, 61347, 2269.497442 
15, 58.148039, 0.583138, 66981, 3193.922664 
16, 68.052375, 0.576503, 68859, 3612.581878 
17, 74.003444, 0.573136, 76997, 5518.748343 
18, 85.244457, 0.575974, 78249, 5703.016402 
19, 91.126373, 0.575044, 78875, 5778.576861 
20, 92.455713, 0.581348, 80753, 6054.688495 
21, 92.455713, 0.565783, 84509, 7201.411062 
