1, -425.206999, 0.630508, 1251, 1.970354 
2, -137.193289, 0.515883, 3755, 13.092825 
3, -136.870502, 0.436438, 9389, 58.390473 
4, -127.245548, 0.494660, 10015, 65.926654 
5, -121.454949, 0.484625, 12519, 112.546495 
6, -116.303879, 0.483532, 19405, 281.919016 
7, -83.148523, 0.637652, 22535, 375.039836 
8, -50.614669, 0.616579, 23787, 415.304726 
9, -33.866327, 0.525572, 43193, 1605.402957 
10, -21.325093, 0.522580, 49453, 2052.095376 
11, -19.032894, 0.517489, 80127, 5132.932368 
12, -19.032894, 0.520440, 96403, 7200.207511 
