1, -627.744191, 0.546318, 1877, 4.779530 
2, -600.294247, 0.649706, 2503, 8.777506 
3, -572.154713, 0.564626, 3129, 14.329249 
4, -570.717636, 0.453189, 4381, 24.604130 
5, -566.759783, 0.435705, 5007, 31.246181 
6, -148.010951, 0.655017, 5633, 34.615602 
7, -143.610859, 0.630278, 6259, 37.263704 
8, -142.625854, 0.604227, 6885, 42.178502 
9, -141.529952, 0.583409, 7511, 46.509579 
10, -136.726444, 0.544791, 10015, 70.913919 
11, -56.339638, 0.583914, 10641, 76.709243 
12, -55.710191, 0.568141, 11267, 82.628789 
13, -43.533701, 0.552755, 11893, 89.684424 
14, -35.933616, 0.537950, 25039, 421.612912 
15, -28.613035, 0.542838, 56965, 1879.383701 
16, -18.987922, 0.518618, 92021, 5240.436373 
17, -18.987922, 0.500113, 107045, 7200.150298 
