1, -117.250024, 0.488432, 16275, 161.741574 
2, -113.883144, 0.461257, 18779, 228.445046 
3, -108.556736, 0.435750, 26917, 548.508007 
4, -97.723737, 0.595895, 30673, 723.088280 
5, -94.626017, 0.568338, 34429, 963.679835 
6, -90.814642, 0.559408, 35055, 993.399068 
7, -89.682032, 0.535972, 41941, 1583.758884 
8, -66.496522, 0.560549, 45697, 2027.479627 
9, -56.712756, 0.558001, 46949, 2221.178035 
10, -51.192685, 0.548643, 48827, 2504.913148 
11, -48.782109, 0.520681, 70111, 5347.671876 
12, -48.782109, 0.492819, 82005, 7200.243189 
