1, -443.012888, 0.555263, 1877, 3.008817 
2, -408.108574, 0.620735, 5007, 20.947464 
3, -224.049247, 0.545016, 5633, 26.420321 
4, -117.075577, 0.558882, 7511, 52.988429 
5, -115.252763, 0.540712, 8137, 57.776113 
6, -113.838834, 0.514220, 10641, 104.616959 
7, -108.353375, 0.475989, 14397, 240.926844 
8, -107.413744, 0.478145, 15649, 320.964159 
9, -45.690304, 0.505914, 18779, 500.515879 
10, -44.436975, 0.513329, 21909, 665.446269 
11, 27.743906, 0.520256, 23787, 769.697333 
12, 44.834542, 0.632011, 65729, 6835.269207 
13, 48.078622, 0.629732, 66981, 6999.113260 
14, 57.908541, 0.628930, 67607, 7083.551353 
15, 57.908541, 0.610935, 68233, 7200.164301 
