1, -838.016778, 0.522034, 1251, 2.663301 
2, -201.606423, 0.576060, 1877, 7.597914 
3, -195.070758, 0.406069, 15649, 438.702212 
4, -142.964196, 0.408496, 20031, 707.217354 
5, -134.000396, 0.589068, 21909, 824.808529 
6, -119.261259, 0.582629, 22535, 849.770400 
7, -41.910436, 0.593485, 31299, 1255.882702 
8, -13.073752, 0.593223, 31925, 1307.670593 
9, -0.993700, 0.586667, 33803, 1387.211862 
10, 11.401772, 0.550706, 41315, 1889.749821 
11, 15.831502, 0.512107, 48201, 2593.629043 
12, 15.831502, 0.504112, 81379, 7200.173007 
