1, -636.854979, 0.000000, 625, 0.231737 
1, -548.232338, 0.531250, 1877, 5.596077 
2, -536.440172, 0.624376, 3755, 15.789100 
3, -506.100119, 0.608518, 5007, 27.671422 
4, -270.260421, 0.587072, 5633, 30.841311 
5, -246.556940, 0.565723, 6259, 34.170589 
6, -122.373128, 0.564488, 8763, 59.515255 
7, -61.001262, 0.580853, 16275, 161.557329 
8, -54.831386, 0.579631, 16901, 169.855137 
9, -44.653962, 0.583626, 18153, 183.839879 
10, -41.864200, 0.591435, 25039, 360.566307 
11, -29.760695, 0.594177, 30047, 482.380272 
12, -27.620415, 0.603786, 40063, 822.388743 
13, -26.581279, 0.603262, 60095, 2044.745214 
14, -24.514892, 0.580593, 73241, 3224.323046 
15, 10.719748, 0.577792, 74493, 3454.841044 
16, 10.719748, 0.575840, 103289, 7200.040952 
