1, -138.691378, 0.000000, 625, 0.158233 
1, -127.356744, 0.397727, 2503, 12.041985 
2, -124.984642, 0.415909, 10641, 151.322441 
3, -121.609475, 0.419742, 17527, 354.933429 
4, -116.201287, 0.497137, 36933, 1173.720964 
5, -116.015048, 0.527906, 39437, 1284.259892 
6, -113.869887, 0.515102, 46949, 1731.593745 
7, -109.812468, 0.499582, 51331, 2044.214904 
8, -109.385518, 0.498378, 54461, 2290.351610 
9, -79.314952, 0.650664, 72615, 3553.722824 
10, -62.921764, 0.648841, 73241, 3610.113469 
11, -49.002094, 0.657832, 75745, 3932.800613 
12, -25.355632, 0.665933, 78875, 4647.017667 
13, -22.508398, 0.649309, 83257, 5508.992528 
14, -22.508398, 0.661907, 88891, 7200.037558 
