1, -1068.186720, 0.000000, 625, 0.830971 
1, -901.368319, 0.514039, 1251, 2.562167 
2, -672.553228, 0.630662, 1877, 4.891588 
3, -670.140456, 0.575000, 2503, 6.203713 
4, -435.141109, 0.582547, 3755, 11.797579 
5, -389.784694, 0.624893, 6885, 40.205864 
6, -334.341348, 0.565982, 8763, 66.814869 
7, -119.334258, 0.601199, 11893, 122.825693 
8, -117.115909, 0.550168, 13771, 217.599695 
9, -114.173691, 0.538505, 17527, 386.978033 
10, -95.340800, 0.544124, 22535, 728.132078 
11, -88.167340, 0.519277, 27543, 1137.874435 
12, -75.717908, 0.514215, 36933, 2017.427641 
13, -75.717908, 0.564635, 69485, 7200.153863 
