1, -540.291766, 0.000000, 625, 0.215229 
1, -186.766991, 0.580793, 2503, 10.614092 
2, -153.241368, 0.563236, 4381, 39.019968 
3, -147.474668, 0.537722, 5007, 42.395053 
4, -142.328628, 0.495623, 6259, 52.967310 
5, -141.845755, 0.535348, 19405, 242.625887 
6, -139.764385, 0.545202, 21283, 274.091419 
7, -136.788213, 0.537598, 22535, 302.620246 
8, -126.096096, 0.633145, 44445, 1051.638900 
9, -122.340915, 0.620880, 45697, 1092.121795 
10, -115.797325, 0.612744, 46949, 1180.019181 
11, -109.806490, 0.555597, 63225, 2219.506735 
12, -29.928732, 0.587656, 98281, 5484.954883 
13, -24.854782, 0.568178, 108923, 6973.037897 
14, -24.854782, 0.564051, 110175, 7200.007413 
