1, -940.068477, 0.000000, 625, 0.756042 
1, -807.217228, 0.539957, 1251, 2.918988 
2, -667.862546, 0.462107, 1877, 5.963643 
3, -277.503415, 0.658683, 3755, 19.942669 
4, -257.705825, 0.637443, 5007, 41.936218 
5, -247.751214, 0.564253, 6259, 64.021720 
6, -107.739544, 0.548949, 9389, 123.394983 
7, -98.987677, 0.556566, 48827, 1610.228565 
8, -88.216640, 0.555138, 49453, 1628.165438 
9, -84.973134, 0.512160, 70111, 3141.087508 
10, -83.725829, 0.509565, 88891, 4991.585923 
11, -83.725829, 0.592764, 105167, 7200.224545 
