1, -683.450765, 0.555166, 1877, 3.165946 
2, -680.788203, 0.472429, 2503, 5.161720 
3, -660.113863, 0.573138, 3129, 6.802581 
4, -597.649351, 0.524823, 3755, 11.913098 
5, -393.298107, 0.483333, 4381, 16.086445 
6, -169.156725, 0.485139, 5007, 21.452432 
7, -166.559035, 0.476407, 5633, 25.798781 
8, -139.974979, 0.532682, 8763, 53.283059 
9, -129.614734, 0.591474, 9389, 59.790005 
10, -128.844052, 0.575186, 10015, 63.970152 
11, -122.932544, 0.562016, 10641, 74.797896 
12, -122.362684, 0.548353, 11267, 83.338376 
13, -115.956696, 0.539225, 13145, 109.579929 
14, -103.093708, 0.550422, 69485, 1944.578434 
15, -63.986216, 0.542042, 70111, 2004.596035 
16, -57.138667, 0.454572, 85135, 3510.473381 
17, -57.138667, 0.413551, 109549, 7202.435940 
