1, -458.825425, 0.677239, 1877, 3.429738 
2, -317.486749, 0.607656, 2503, 4.973093 
3, -133.764750, 0.498150, 3755, 8.677169 
4, -131.912082, 0.464365, 4381, 10.659968 
5, -128.604314, 0.454922, 5007, 15.629336 
6, -117.658708, 0.440000, 6885, 25.803134 
7, -114.481866, 0.523395, 15649, 126.835285 
8, -112.628286, 0.508677, 18153, 181.946813 
9, -112.188211, 0.522819, 24413, 346.407056 
10, -109.347262, 0.475584, 31299, 500.711554 
11, -108.496895, 0.452968, 42567, 931.786027 
12, -107.748754, 0.507738, 46323, 1035.968800 
13, -106.917185, 0.506815, 47575, 1151.138782 
14, -102.380771, 0.499491, 51331, 1339.727546 
15, -100.971468, 0.493122, 54461, 1513.618235 
16, -100.897149, 0.460054, 70737, 2854.197930 
17, -100.090808, 0.450798, 103915, 5805.481292 
18, -100.090808, 0.488747, 115809, 7200.814038 
