1, -351.505247, 0.548872, 1877, 2.654657 
2, -132.916835, 0.467066, 4381, 11.663011 
3, -129.544950, 0.520517, 6885, 27.588385 
4, -119.573995, 0.501068, 7511, 31.943627 
5, -114.511610, 0.468003, 8763, 49.052080 
6, -110.386423, 0.475235, 15023, 121.742220 
7, -108.619070, 0.462663, 15649, 128.075220 
8, -20.619974, 0.643167, 59469, 1974.038735 
9, -11.991211, 0.601898, 61347, 2170.372988 
10, -4.035201, 0.538667, 63851, 2444.520461 
11, 28.304710, 0.536819, 65103, 2611.905663 
12, 40.319553, 0.430289, 82005, 5026.855355 
13, 40.319553, 0.424830, 95151, 7200.158080 
