1, -142.259530, 0.475118, 3755, 10.031705 
2, -132.890430, 0.430612, 5007, 14.981009 
3, -115.701678, 0.412180, 6259, 21.591667 
4, -114.542389, 0.349083, 16275, 118.994115 
5, -103.573535, 0.435492, 21909, 203.650597 
6, -100.393309, 0.432385, 23161, 242.386678 
7, -97.933931, 0.420538, 25665, 331.383625 
8, -96.531063, 0.427645, 38185, 856.870476 
9, -92.136524, 0.426660, 41315, 1012.940949 
10, -85.610238, 0.425850, 47575, 1391.095235 
11, -82.348487, 0.424696, 48201, 1407.587395 
12, -47.416578, 0.483461, 56339, 1977.933558 
13, -38.698179, 0.483850, 56965, 2015.217565 
14, -30.994325, 0.479867, 64477, 2549.671405 
15, -26.171606, 0.569973, 73241, 3288.378443 
16, -24.926956, 0.567251, 80753, 4031.817652 
17, -17.538059, 0.569583, 84509, 4419.617625 
18, 27.113988, 0.628615, 86387, 4744.812272 
19, 27.113988, 0.538873, 102663, 7200.363597 
