1, -385.794333, 0.637813, 1251, 1.647415 
2, -366.928206, 0.575806, 2503, 4.721773 
3, -288.212950, 0.510730, 3129, 8.569882 
4, -123.806130, 0.422824, 7511, 40.065552 
5, -113.267917, 0.478182, 13771, 99.888078 
6, -107.287998, 0.475878, 42567, 841.938228 
7, -104.584653, 0.472803, 43193, 876.073977 
8, -99.333046, 0.459412, 57591, 2101.111764 
9, -98.831062, 0.447784, 63851, 2459.605999 
10, -98.093072, 0.449235, 64477, 2503.663814 
11, -93.015102, 0.594791, 70111, 2988.315988 
12, -69.307836, 0.580978, 70737, 3033.453731 
13, -63.150772, 0.579491, 71989, 3101.486521 
14, -53.382744, 0.530953, 75745, 3607.333993 
15, -27.252279, 0.531117, 76371, 3652.754192 
16, -25.441997, 0.518757, 89517, 5118.812475 
17, -25.441997, 0.499480, 104541, 7201.705840 
