1, -314.600178, 0.674319, 2503, 6.705147 
2, -308.886008, 0.619926, 3129, 9.471600 
3, -303.230947, 0.525994, 3755, 15.821885 
4, -127.241428, 0.594411, 5633, 28.878636 
5, -110.163411, 0.609961, 7511, 47.684894 
6, -105.777531, 0.500191, 11893, 107.319983 
7, -105.484074, 0.420474, 25665, 412.495602 
8, -102.125571, 0.392717, 41315, 996.306365 
9, -99.272698, 0.410028, 46949, 1246.947458 
10, -83.720056, 0.418397, 47575, 1308.129593 
11, -82.694519, 0.419409, 59469, 2099.758806 
12, -82.305086, 0.417734, 63225, 2315.236906 
13, -58.098657, 0.611018, 71989, 2931.174506 
14, -35.508521, 0.606313, 73241, 3018.604223 
15, -32.999964, 0.599941, 78249, 3307.045928 
16, -30.551637, 0.606663, 79501, 3407.576555 
17, -17.107115, 0.605360, 80127, 3430.609507 
18, -10.953057, 0.599832, 83257, 3835.004450 
19, -10.953057, 0.559078, 119565, 7201.311958 
