1, -641.357600, 0.535308, 1251, 2.028084 
2, -567.160627, 0.564885, 1877, 4.081362 
3, -123.544637, 0.558783, 2503, 6.229026 
4, -116.456450, 0.515454, 4381, 14.154421 
5, -110.385871, 0.457095, 13145, 99.603261 
6, -107.735585, 0.439872, 14397, 113.526114 
7, -106.174672, 0.464650, 17527, 179.865458 
8, -84.151803, 0.494397, 21909, 295.204525 
9, -38.656400, 0.553174, 28795, 524.538962 
10, -36.006849, 0.550624, 30047, 559.245429 
11, -30.252376, 0.499347, 38185, 895.652385 
12, -21.452776, 0.541316, 40063, 1017.430166 
13, -19.226673, 0.539326, 40689, 1064.654005 
14, -19.226673, 0.440107, 101411, 7200.461766 
