1, -838.016778, 0.533030, 1251, 2.218192 
2, -762.555949, 0.429358, 1877, 3.390981 
3, -456.815038, 0.687302, 2503, 5.218468 
4, -198.406433, 0.598972, 3129, 9.695314 
5, -174.339623, 0.557103, 5007, 23.621644 
6, -133.644624, 0.463168, 11893, 131.144258 
7, -129.146118, 0.469396, 13771, 154.825500 
8, -89.612395, 0.510921, 20657, 286.573040 
9, -85.898169, 0.498040, 31925, 614.446904 
10, -75.815089, 0.483172, 36307, 801.584441 
11, -52.204819, 0.428942, 66355, 3074.769542 
12, -52.204819, 0.438407, 105167, 7200.061845 
