1, -354.234671, 0.427509, 2503, 7.850545 
2, -129.619627, 0.426955, 3755, 15.275328 
3, -127.417749, 0.429285, 5633, 22.569202 
4, -118.154332, 0.548916, 10641, 77.727958 
5, -113.972604, 0.541831, 11893, 97.784318 
6, -113.016653, 0.523912, 14397, 132.814809 
7, -55.834101, 0.579727, 15649, 148.860137 
8, -55.804498, 0.574429, 16901, 182.788046 
9, -54.123829, 0.570609, 17527, 188.987473 
10, -48.424859, 0.572934, 18779, 220.088317 
11, -48.203533, 0.550981, 23787, 322.943596 
12, -41.769768, 0.547819, 25039, 362.250199 
13, -37.282035, 0.548321, 25665, 394.726774 
14, -36.505967, 0.592675, 26917, 429.915167 
15, -28.196306, 0.548293, 38185, 689.163534 
16, -28.196306, 0.509641, 122069, 7200.312077 
