1, -333.780956, 0.537585, 1251, 1.308451 
2, -246.318409, 0.424058, 3755, 9.677409 
3, -185.377961, 0.406512, 5007, 17.884790 
4, -180.887644, 0.353867, 7511, 35.775613 
5, -137.855090, 0.418564, 10015, 53.460148 
6, -113.134030, 0.568542, 11267, 67.211065 
7, -112.823968, 0.559134, 11893, 78.432022 
8, -110.450579, 0.448595, 17527, 192.330693 
9, -108.775668, 0.426219, 23161, 308.314826 
10, -86.962521, 0.585714, 24413, 337.132186 
11, -73.341205, 0.600178, 25665, 384.767780 
12, -64.406759, 0.546309, 28795, 492.993823 
13, -44.552867, 0.501230, 35055, 826.396336 
14, -37.513962, 0.600069, 83883, 5157.173229 
15, -34.331739, 0.595122, 85135, 5286.393264 
16, -29.255798, 0.576696, 86387, 5451.547596 
17, -28.368280, 0.573468, 88891, 5818.385480 
18, -0.282123, 0.565216, 92021, 6452.430138 
19, -0.282123, 0.526884, 95151, 7200.721473 
