1, -777.906602, 0.640091, 1251, 1.952019 
2, -268.882713, 0.677043, 1877, 3.609781 
3, -236.868645, 0.411650, 4381, 14.665097 
4, -132.074636, 0.439291, 6259, 25.665011 
5, -125.749656, 0.440255, 8137, 53.648838 
6, -123.136147, 0.433315, 8763, 62.267640 
7, -116.778094, 0.458986, 14397, 115.262343 
8, -112.552273, 0.450290, 15023, 126.144748 
9, -106.281501, 0.445035, 15649, 130.235502 
10, -102.682386, 0.448976, 68233, 2196.079143 
11, -98.183390, 0.465260, 72615, 2492.661165 
12, -79.494441, 0.439544, 80127, 3049.328308 
13, -55.443678, 0.539531, 83883, 3535.052306 
14, -46.649924, 0.570725, 87639, 3991.032491 
15, -28.911986, 0.562042, 90143, 4449.300470 
16, -28.911986, 0.527249, 103915, 7200.674332 
