1, -114.067765, 0.571978, 12519, 101.473535 
2, -107.298704, 0.562360, 13145, 114.445612 
3, -106.826700, 0.530287, 15023, 181.480085 
4, -94.387613, 0.392543, 27543, 786.108034 
5, -67.255971, 0.464430, 52583, 2425.892974 
6, -53.427956, 0.460345, 58217, 2895.355279 
7, -40.650623, 0.485979, 75745, 4387.227005 
8, -34.677015, 0.485498, 76371, 4425.942702 
9, -33.768611, 0.485274, 77623, 4576.926183 
10, -31.892682, 0.548838, 89517, 5833.700861 
11, -29.518483, 0.548838, 90143, 5927.326164 
12, -17.436685, 0.621181, 96403, 6579.904234 
13, -14.653872, 0.618322, 97655, 6725.038844 
14, -14.653872, 0.613769, 102037, 7200.900164 
