1, -316.913726, 0.509091, 3129, 7.282983 
2, -306.088560, 0.436267, 6259, 26.298456 
3, -300.876758, 0.378606, 7511, 36.267721 
4, -235.683636, 0.417410, 8137, 42.148951 
5, -187.591991, 0.487450, 8763, 49.869139 
6, -112.153494, 0.484672, 9389, 56.540296 
7, -108.816732, 0.462776, 10641, 72.150885 
8, -107.658017, 0.415953, 13771, 112.388149 
9, -107.165719, 0.399261, 16901, 172.578555 
10, -99.826914, 0.562677, 43819, 1018.762205 
11, -87.807618, 0.555497, 44445, 1059.148810 
12, -60.190093, 0.559518, 45071, 1115.254348 
13, -38.902701, 0.557893, 45697, 1163.339631 
14, -33.792161, 0.504035, 53209, 1665.130778 
15, -31.925751, 0.436429, 90769, 5740.703101 
16, -27.791641, 0.432094, 97029, 6729.701432 
17, -27.791641, 0.429544, 99533, 7200.165454 
