1, -340.972118, 0.641366, 1877, 3.342123 
2, -266.193359, 0.432292, 6259, 26.372075 
3, -210.504719, 0.370978, 9389, 56.081113 
4, -202.267727, 0.435583, 10015, 65.448491 
5, -184.183025, 0.436647, 10641, 71.682097 
6, -133.076859, 0.534422, 13771, 125.438365 
7, -118.563154, 0.522657, 14397, 137.551192 
8, -117.442986, 0.440358, 32551, 593.196166 
9, -114.727534, 0.467629, 52583, 1353.151705 
10, -114.325125, 0.453889, 84509, 3231.449387 
11, -113.431622, 0.594507, 107045, 5115.091737 
12, -110.317600, 0.593977, 107671, 5167.308852 
13, -57.861854, 0.593041, 108923, 5325.672647 
14, -34.371938, 0.585111, 112053, 5766.909594 
15, -5.717022, 0.567279, 114557, 6071.585337 
16, -5.717022, 0.516413, 122069, 7200.353036 
