1, -756.380875, 0.606178, 1877, 3.236885 
2, -690.619384, 0.494488, 2503, 5.120345 
3, -673.172798, 0.572592, 3129, 6.190995 
4, -664.638561, 0.500593, 3755, 8.188546 
5, -493.704193, 0.456125, 5633, 15.111888 
6, -140.407658, 0.519567, 6259, 22.515682 
7, -139.440921, 0.501973, 6885, 26.067419 
8, -107.526917, 0.483038, 7511, 38.374860 
9, -106.689544, 0.510161, 8137, 54.424583 
10, -89.774752, 0.553019, 12519, 177.041874 
11, -88.838901, 0.543842, 13145, 185.282972 
12, -85.844002, 0.507353, 16901, 270.994838 
13, -76.655504, 0.429311, 27543, 627.651802 
14, -34.768988, 0.546221, 51331, 2433.240696 
15, -29.760487, 0.549347, 52583, 2530.629758 
16, -26.934106, 0.564326, 54461, 2827.443616 
17, -23.201799, 0.562842, 56965, 3098.696936 
18, -23.142538, 0.562552, 59469, 3365.240379 
19, -19.715154, 0.562363, 60095, 3454.214974 
20, 5.593266, 0.578896, 80127, 5846.221597 
21, 35.987898, 0.571190, 83257, 6301.621447 
22, 35.987898, 0.553298, 88891, 7200.390769 
