1, -279.212015, 0.601961, 1877, 3.744478 
2, -272.342686, 0.503794, 2503, 9.411709 
3, -230.508678, 0.431244, 4381, 24.301310 
4, -119.925145, 0.459184, 6259, 33.672621 
5, -118.173083, 0.445361, 8137, 46.201610 
6, -112.325679, 0.434062, 8763, 48.769139 
7, -111.932663, 0.414086, 15023, 139.568615 
8, -108.705861, 0.416834, 17527, 180.913493 
9, -104.730188, 0.440544, 22535, 278.133926 
10, -57.944844, 0.541561, 75119, 2452.239197 
11, -50.031040, 0.541573, 75745, 2471.356082 
12, -47.808413, 0.541801, 76371, 2521.730844 
13, -47.073120, 0.534928, 81379, 2787.423334 
14, -45.722686, 0.534567, 82005, 2812.023001 
15, -42.257586, 0.531599, 85761, 3027.747759 
16, -41.476641, 0.517979, 95777, 3600.747504 
17, -35.990232, 0.508780, 102663, 4018.782866 
18, -35.990232, 0.506241, 142101, 7200.265573 
