1, -366.460753, 0.685649, 1251, 1.680151 
2, -350.385323, 0.533133, 1877, 3.804862 
3, -186.315816, 0.507973, 3129, 8.936063 
4, -149.943620, 0.428571, 5007, 22.134578 
5, -110.513434, 0.464121, 7511, 44.292535 
6, -109.620031, 0.420369, 11267, 76.125028 
7, -92.179289, 0.534237, 16275, 144.944736 
8, -80.700881, 0.514095, 18779, 214.089756 
9, -75.642865, 0.508786, 22535, 296.156221 
10, -70.004903, 0.506185, 23161, 309.060472 
11, -59.397472, 0.503790, 24413, 338.392829 
12, -31.344931, 0.502138, 25665, 389.965424 
13, -16.167046, 0.486661, 33177, 685.075922 
14, -14.013522, 0.514833, 62599, 2928.949043 
15, -12.031261, 0.505821, 65729, 3277.474427 
16, 8.428356, 0.510029, 67607, 3640.184610 
17, 9.780978, 0.487321, 80753, 5800.417166 
18, 22.315490, 0.487096, 81379, 5843.879801 
19, 22.315490, 0.490249, 89517, 7200.718740 
