1, -647.467577, 0.533030, 1251, 1.651271 
2, -458.177240, 0.667216, 2503, 7.046303 
3, -354.070322, 0.688462, 3755, 12.788033 
4, -326.559583, 0.595699, 5007, 16.524294 
5, -189.065624, 0.543907, 6259, 22.294707 
6, -133.864041, 0.544776, 6885, 25.872735 
7, -126.385524, 0.521739, 7511, 29.290056 
8, -120.301793, 0.433735, 12519, 68.114157 
9, -114.753064, 0.407713, 16901, 130.975305 
10, -108.030350, 0.467689, 25665, 346.360765 
11, -107.630936, 0.464114, 26291, 364.308737 
12, -106.996333, 0.439201, 55087, 1432.010477 
13, -99.958878, 0.446246, 55713, 1445.891478 
14, -44.387542, 0.575591, 62599, 1880.640566 
15, -37.660572, 0.574577, 63225, 1924.228071 
16, -36.361434, 0.572440, 64477, 2134.332597 
17, -19.452710, 0.594285, 65103, 2201.545800 
18, 10.047036, 0.591396, 66981, 2296.192031 
19, 18.505125, 0.540244, 80127, 3440.078117 
20, 20.086299, 0.529430, 87013, 4265.666667 
21, 22.294277, 0.488801, 107671, 7168.570843 
22, 22.294277, 0.504181, 107671, 7200.694700 
