1, -131.433181, -102.971450, 104375, 23.734034 
2, -128.866972, -112.218295, 415625, 91.251864 
3, -126.081212, -106.577570, 519375, 120.490753 
4, -120.368172, -110.421741, 1038125, 249.911269 
5, -115.266228, -107.007060, 1453125, 346.540680 
6, -50.151934, -60.473973, 3943125, 877.394956 
7, -12.491896, -9.891061, 4150625, 961.472893 
8, 11.862560, 64.069550, 4358125, 1233.663298 
9, 12.992554, 74.117757, 5188125, 3744.443774 
10, 35.331205, 90.935188, 5395625, 4332.650062 
11, 64.379054, 97.971645, 6018125, 6265.780081 
