1, -129.239398, -108.108897, 104375, 33.875513 
2, -126.098771, -111.362321, 311875, 113.907222 
3, -98.843611, -79.704929, 1764375, 593.202860 
4, -87.110751, -69.704019, 1868125, 656.285659 
5, -77.823052, -67.212366, 2386875, 976.302284 
6, -73.693085, -53.009913, 2905625, 1303.946635 
7, -51.200594, -36.623348, 3009375, 1390.579678 
8, -33.716248, -27.948082, 3528125, 1843.570090 
9, -17.900279, -13.000429, 3735625, 2035.615178 
10, -7.357534, -12.525624, 4150625, 2434.286824 
11, 51.647535, 92.582422, 6225625, 4501.501074 
12, 65.295582, 92.461321, 6536875, 5526.506169 
13, 65.345951, 101.521591, 6640625, 6267.433666 
