1, -142.791618, -119.581758, 104375, 42.385720 
2, -111.463306, -104.219684, 208125, 82.178418 
3, -42.207081, -33.526221, 415625, 165.756572 
4, -39.923427, -27.824532, 623125, 286.393635 
5, -37.064875, -21.234972, 830625, 404.306409 
6, -27.476388, -10.072645, 1141875, 694.664432 
7, -20.226218, -2.625192, 1245625, 760.212636 
8, -17.201304, -2.013471, 1556875, 964.292274 
9, -13.913576, -6.963316, 1764375, 1094.120163 
10, -13.612880, -0.145139, 3943125, 3076.368568 
11, -9.836142, 0.958440, 4669375, 3928.251655 
12, -7.956304, -1.588223, 5291875, 4665.985312 
13, -6.390798, -1.078810, 6640625, 6393.894484 
