1, -119.258371, -106.426963, 104375, 46.602103 
2, -116.835745, -103.897996, 311875, 103.631151 
3, -54.883381, -50.091466, 519375, 174.365122 
4, -53.576208, -43.566810, 623125, 258.705161 
5, -52.791979, -30.206949, 726875, 334.362904 
6, -52.239421, -28.899718, 830625, 415.424181 
7, 17.289506, 62.469968, 934375, 679.687450 
8, 18.536393, 63.879011, 1141875, 1813.784463 
9, 28.777577, 72.396919, 1245625, 2284.919357 
10, 34.914491, 70.915701, 1453125, 3230.852334 
11, 38.994050, 110.846377, 1868125, 5545.812629 
