1, -132.597157, -109.997026, 104375, 48.608278 
2, -132.240527, -103.855694, 208125, 70.937673 
3, -126.457066, -107.610972, 415625, 127.160414 
4, -119.567632, -99.879745, 519375, 148.432083 
5, -116.218297, -111.302746, 934375, 249.886768 
6, -109.939819, -106.848212, 1453125, 405.307325 
7, -108.534562, -105.095322, 1556875, 445.111953 
8, -17.343972, -6.679770, 1971875, 660.696144 
9, 13.863318, 13.085995, 2386875, 1441.358778 
10, 30.545826, 31.258988, 2490625, 1674.931788 
11, 46.215949, 56.795261, 3631875, 4748.015808 
12, 55.718849, 84.750689, 3735625, 5948.960339 
