1, -242.980736, 0.638978, 1251, 1.832937 
2, -226.710189, 0.485646, 1877, 3.959711 
3, -133.171765, 0.581668, 9389, 57.300761 
4, -128.495807, 0.566929, 10015, 62.424145 
5, -122.711347, 0.550761, 10641, 71.598234 
6, -121.925281, 0.530234, 16901, 163.443090 
7, 14.086962, 0.714563, 26291, 316.663987 
8, 20.018026, 0.695346, 27543, 353.454074 
9, 37.666682, 0.570377, 32551, 558.634139 
10, 40.551721, 0.561387, 33177, 576.324360 
11, 63.823044, 0.561855, 33803, 632.673717 
12, 63.823044, 0.487327, 91395, 7200.276744 
