1, -777.906602, 0.642173, 1251, 1.892617 
2, -321.310409, 0.696565, 2503, 7.291574 
3, -69.430387, 0.585117, 4381, 24.245618 
4, -64.385720, 0.571685, 9389, 137.535911 
5, -33.191861, 0.642166, 35681, 1695.683844 
6, -25.702317, 0.641431, 36307, 1718.970484 
7, -25.093226, 0.634476, 37559, 1855.535637 
8, 49.868289, 0.645642, 45071, 3472.498268 
9, 57.138362, 0.637323, 50705, 4737.650580 
10, 59.870903, 0.631865, 54461, 6190.037418 
11, 74.530291, 0.629571, 56339, 6880.557291 
12, 74.530291, 0.622481, 57591, 7200.602867 
