1, -467.722850, 0.673219, 1877, 7.922666 
2, -343.618455, 0.605110, 4381, 19.105065 
3, -268.982531, 0.678392, 5633, 25.473230 
4, -201.696744, 0.658879, 6259, 28.873265 
5, -99.457390, 0.651332, 7511, 40.782834 
6, -86.279378, 0.632854, 8137, 44.189929 
7, -78.830175, 0.603554, 10015, 72.521373 
8, -78.336504, 0.554320, 16275, 162.861212 
9, -77.304170, 0.523841, 48827, 1471.047079 
10, -52.331398, 0.572833, 52583, 1746.050394 
11, 18.614616, 0.644490, 55713, 2009.753685 
12, 27.742048, 0.558703, 97655, 6132.483623 
13, 54.419194, 0.582379, 99533, 6311.886361 
14, 56.045102, 0.583090, 100785, 6491.760053 
15, 56.045102, 0.584915, 105167, 7200.245259 
