1, -126.799548, 0.492973, 3755, 17.948529 
2, -121.847567, 0.489297, 4381, 21.087387 
3, -99.392262, 0.471744, 8763, 66.156431 
4, -80.628232, 0.561584, 11893, 109.994311 
5, -44.762489, 0.591952, 14397, 163.951216 
6, -41.154301, 0.585826, 15649, 201.748854 
7, -39.887977, 0.571848, 18779, 301.131258 
8, -38.668533, 0.565254, 23161, 426.973157 
9, -15.900560, 0.539285, 32551, 1013.772895 
10, 9.630950, 0.534922, 58843, 3219.331356 
11, 35.659177, 0.509308, 59469, 3287.749805 
12, 46.259231, 0.509923, 60721, 3434.047037 
13, 49.465434, 0.509772, 61973, 3570.941833 
14, 58.203773, 0.514013, 64477, 3804.747505 
15, 65.589851, 0.495595, 66981, 4133.184150 
16, 69.273617, 0.495930, 67607, 4214.620667 
17, 69.273617, 0.447052, 87639, 7200.519186 
