1, -136.737780, 0.536705, 6259, 27.369456 
2, -123.187913, 0.527076, 7511, 38.840995 
3, -99.979992, 0.540252, 8763, 54.512072 
4, -96.177780, 0.532121, 9389, 57.802859 
5, -95.055264, 0.541114, 13771, 116.767017 
6, -94.821295, 0.538226, 16901, 159.557046 
7, -48.017091, 0.704019, 22535, 278.107839 
8, -12.291881, 0.680429, 23787, 310.956958 
9, 2.775966, 0.675954, 25039, 341.152440 
10, 18.335051, 0.626146, 29421, 474.504574 
11, 37.390617, 0.586128, 38811, 1005.620434 
12, 37.390617, 0.540976, 95777, 7200.688945 
