1, -912.878951, 0.460064, 1251, 2.922711 
2, -735.695837, 0.473418, 1877, 6.405498 
3, -587.353090, 0.480541, 3129, 13.942589 
4, -404.283138, 0.540419, 3755, 19.705354 
5, -304.079531, 0.664916, 5007, 28.529749 
6, -243.798917, 0.606383, 5633, 33.310242 
7, -105.669562, 0.605242, 6259, 41.646547 
8, -85.291460, 0.535246, 16275, 197.800237 
9, -84.451136, 0.531597, 16901, 217.437960 
10, -82.928965, 0.523478, 25039, 526.606187 
11, -45.626959, 0.560508, 25665, 549.632693 
12, -30.503945, 0.503613, 54461, 2494.297258 
13, 8.165758, 0.537165, 67607, 3967.221641 
14, 8.165758, 0.532772, 85761, 7200.685157 
