1, -384.490969, 0.616554, 3129, 7.511166 
2, -271.086936, 0.664052, 4381, 18.067538 
3, -109.841027, 0.603550, 6259, 32.376797 
4, -106.933827, 0.549691, 17527, 289.697779 
5, -106.398094, 0.521015, 27543, 652.789798 
6, -91.609376, 0.623987, 31299, 834.883402 
7, -47.214308, 0.609155, 31925, 880.875196 
8, -42.135485, 0.610766, 36933, 1139.954882 
9, -35.641880, 0.584482, 42567, 1457.981952 
10, -30.318891, 0.490034, 71989, 4071.281732 
11, -19.214604, 0.499617, 80753, 5292.697019 
12, -10.896312, 0.504174, 87013, 6213.808685 
13, -10.896312, 0.509996, 93273, 7200.317956 
