1, -256.310544, 0.638978, 1251, 1.340043 
2, -125.688150, 0.565668, 5007, 18.675076 
3, -124.272128, 0.529449, 9389, 62.047473 
4, -120.412812, 0.514747, 11267, 79.966719 
5, -114.108275, 0.527732, 17527, 163.565431 
6, -112.884839, 0.533969, 18779, 178.700556 
7, -109.613354, 0.517418, 21283, 232.376372 
8, -108.399243, 0.535394, 43193, 898.531332 
9, -52.374172, 0.587391, 45071, 966.067214 
10, 24.091102, 0.688543, 49453, 1172.319525 
11, 46.249993, 0.626967, 51957, 1391.950253 
12, 65.161218, 0.652485, 53835, 1571.793426 
13, 91.010583, 0.654960, 54461, 1682.611732 
14, 91.923574, 0.578480, 58843, 2262.107528 
15, 94.448325, 0.551744, 64477, 3327.479362 
16, 125.181220, 0.522127, 70111, 4448.868761 
17, 125.181220, 0.467033, 80753, 7201.133366 
