1, -108.690125, 0.518970, 1877, 3.580920 
2, -107.693473, 0.452166, 4381, 13.930580 
3, -106.273199, 0.478628, 23787, 304.313233 
4, -45.697927, 0.695528, 25665, 363.503084 
5, -36.624542, 0.667481, 26917, 388.905305 
6, -36.092084, 0.626693, 29421, 461.442436 
7, -29.573287, 0.586357, 35681, 703.423486 
8, -27.528673, 0.581824, 37559, 779.388757 
9, -16.310569, 0.577846, 38185, 800.140610 
10, 11.693703, 0.581074, 40689, 957.282304 
11, 20.427024, 0.601995, 41941, 1019.315473 
12, 34.437619, 0.559929, 48201, 1496.000418 
13, 43.060269, 0.493681, 51957, 1821.118598 
14, 44.411853, 0.482074, 65103, 3165.537033 
15, 78.474687, 0.470397, 71989, 4060.753910 
16, 78.474687, 0.506911, 92021, 7200.154911 
