1, -535.454473, 0.450077, 1251, 1.932640 
2, -351.324910, 0.590202, 4381, 15.037192 
3, -308.127572, 0.566888, 5007, 22.492075 
4, -304.225093, 0.532537, 6259, 32.256144 
5, -292.243083, 0.509804, 6885, 35.320146 
6, -73.257272, 0.572046, 10641, 70.512009 
7, -57.443543, 0.506275, 11267, 77.732760 
8, -43.564114, 0.465840, 13145, 106.912878 
9, -36.772335, 0.416652, 46323, 1462.800767 
10, -36.361629, 0.384627, 65103, 2922.928619 
11, -34.165193, 0.379305, 66355, 3047.995584 
12, -30.301764, 0.376402, 70737, 3580.325797 
13, -30.288156, 0.546855, 76371, 4280.370317 
14, -25.584662, 0.533339, 85761, 5421.179818 
15, -25.584662, 0.520318, 97029, 7200.385061 
