1, -230.352812, 0.460277, 1877, 4.805600 
2, -133.266552, 0.437632, 3129, 8.461676 
3, -115.446067, 0.579912, 6259, 28.887755 
4, -109.109815, 0.522814, 8137, 55.618501 
5, -102.523505, 0.552072, 50705, 1737.893631 
6, -101.953330, 0.524482, 51957, 1805.139501 
7, -90.006379, 0.506377, 53835, 1869.865273 
8, -87.116066, 0.463069, 56965, 2050.581938 
9, -81.454939, 0.449021, 61347, 2392.808413 
10, -38.973978, 0.477820, 63225, 2587.176123 
11, -8.610923, 0.454128, 93899, 5158.327077 
12, -8.610923, 0.542592, 110801, 7200.113037 
