1, -460.789535, 0.517582, 2503, 5.190042 
2, -125.118487, 0.570524, 3755, 10.040705 
3, -119.208181, 0.539430, 4381, 14.346523 
4, -109.513386, 0.585450, 8137, 66.165451 
5, -107.617481, 0.556234, 10015, 122.306369 
6, -54.695222, 0.569201, 13771, 216.223026 
7, -53.728588, 0.562385, 14397, 234.185370 
8, -41.229277, 0.551468, 15023, 247.193970 
9, -20.741375, 0.543127, 16275, 280.284390 
10, -19.784535, 0.469786, 41941, 1749.499427 
11, -14.521217, 0.537262, 50705, 2717.050782 
12, -3.142628, 0.534036, 51331, 2800.746755 
13, -1.730224, 0.522568, 51957, 2858.974221 
14, 7.989123, 0.521915, 53209, 2925.925588 
15, 18.073177, 0.516222, 56965, 3570.981840 
16, 23.305567, 0.442886, 73867, 6523.852551 
