1, -209.281039, 0.499232, 1251, 1.164002 
2, -202.138127, 0.536654, 4381, 15.539471 
3, -80.157550, 0.512319, 6259, 32.119903 
4, -79.117066, 0.479581, 8763, 59.153825 
5, -70.288145, 0.568337, 12519, 117.049401 
6, -69.547374, 0.541710, 14397, 140.906289 
7, -63.791339, 0.565732, 18153, 204.134781 
8, -56.827252, 0.556216, 19405, 230.265270 
9, -51.546505, 0.565174, 20657, 262.398342 
10, -48.404057, 0.534096, 24413, 407.982673 
11, -39.682138, 0.463136, 35681, 1003.511318 
12, -30.786805, 0.499432, 40689, 1367.718600 
13, -28.195638, 0.492124, 41315, 1411.032534 
14, -21.138759, 0.429512, 63851, 3598.759516 
15, 8.102991, 0.430473, 67607, 3977.900693 
16, 8.102991, 0.430580, 88265, 7200.609127 
