1, -108.345560, 0.506679, 3129, 10.253714 
2, -105.947388, 0.479452, 4381, 18.597719 
3, -100.983748, 0.516688, 29421, 489.784296 
4, -96.624941, 0.511406, 30047, 508.466593 
5, -91.182970, 0.470641, 41315, 969.881164 
6, -52.974937, 0.496872, 61973, 2159.643917 
7, -38.042295, 0.501456, 64477, 2302.660949 
8, -35.736657, 0.488498, 83883, 4169.864453 
9, -35.536405, 0.484345, 95151, 5345.452029 
10, -35.035446, 0.483970, 100159, 6078.307089 
11, -27.676083, 0.483030, 100785, 6152.635257 
12, -23.299257, 0.469292, 105793, 6807.768727 
13, -23.299257, 0.463491, 108297, 7201.083688 
