1, -553.115024, 0.450077, 1251, 1.767054 
2, -551.564319, 0.321730, 3129, 6.958791 
3, -111.138781, 0.486248, 3755, 10.149167 
4, -105.684874, 0.673289, 5633, 35.418287 
5, -43.315336, 0.660065, 33803, 1787.776382 
6, -35.180835, 0.657381, 35055, 1847.422867 
7, -34.559283, 0.642650, 39437, 2167.346271 
8, -33.822794, 0.631852, 43193, 2349.225142 
9, -32.128000, 0.628409, 44445, 2392.268619 
10, -31.375835, 0.621823, 50705, 2814.307655 
11, -27.658693, 0.606063, 61347, 3836.550887 
12, 33.498061, 0.737368, 68233, 4397.417309 
13, 38.506859, 0.727468, 70111, 4696.332825 
14, 57.563182, 0.723607, 70737, 4882.726100 
15, 57.563182, 0.665759, 80753, 7200.347293 
