1, -130.815395, 0.594595, 1877, 3.694183 
2, -115.226762, 0.511171, 4381, 29.369319 
3, -109.615193, 0.522936, 5633, 41.469046 
4, -43.847082, 0.632917, 33803, 867.057651 
5, -38.836098, 0.630552, 35055, 903.528011 
6, -37.957204, 0.623454, 36933, 994.460072 
7, -35.798393, 0.617308, 38811, 1107.267047 
8, -26.911610, 0.607094, 41941, 1309.907906 
9, 17.257143, 0.647758, 54461, 1936.443811 
10, 17.720888, 0.639601, 55713, 2005.296063 
11, 21.812434, 0.634921, 56339, 2073.709433 
12, 23.845060, 0.622230, 59469, 2277.307905 
13, 25.660603, 0.637967, 62599, 2630.526745 
14, 51.116239, 0.607097, 63851, 2821.618180 
15, 63.096847, 0.606517, 65103, 3048.010457 
16, 80.471213, 0.587138, 68859, 3750.021712 
17, 80.471213, 0.474783, 80753, 7200.049996 
