1, -295.435117, 0.499232, 1251, 1.467653 
2, -269.750905, 0.526899, 3755, 8.696013 
3, -111.772032, 0.547681, 7511, 28.989101 
4, -110.311911, 0.536672, 8137, 35.280684 
5, -110.180627, 0.535308, 10015, 70.955172 
6, -106.045140, 0.508235, 13145, 108.048587 
7, -106.010688, 0.490489, 16275, 200.428172 
8, -104.456021, 0.478183, 26917, 468.989007 
9, -35.125777, 0.684932, 55713, 1977.498345 
10, -19.791450, 0.675396, 56339, 2017.886578 
11, -18.756270, 0.663997, 57591, 2180.446102 
12, -16.146447, 0.653656, 59469, 2287.551537 
13, -14.993303, 0.647629, 60095, 2324.529551 
14, -11.866817, 0.633384, 62599, 2682.987631 
15, -7.929682, 0.610629, 65103, 2910.146405 
16, -7.929682, 0.543192, 92021, 7200.299816 
