1, -308.230960, 0.463902, 1251, 1.662759 
2, -141.792168, 0.573171, 7511, 35.627883 
3, -135.617056, 0.572485, 10641, 59.938708 
4, -130.261095, 0.570885, 11267, 63.346715 
5, -127.607269, 0.558538, 11893, 67.723774 
6, -127.573976, 0.559068, 13771, 85.006548 
7, -123.641923, 0.537609, 15023, 98.992268 
8, -92.342592, 0.663453, 54461, 1042.042400 
9, -90.700550, 0.650043, 55713, 1178.962274 
10, -77.165434, 0.635221, 57591, 1343.256902 
11, -75.199373, 0.528039, 69485, 2528.518756 
12, -75.199373, 0.481289, 97029, 7200.317471 
