1, -130.965411, 0.471582, 1251, 1.303729 
2, -128.253404, 0.552660, 2503, 7.753137 
3, -126.273615, 0.525407, 3129, 10.977711 
4, -119.565958, 0.496732, 3755, 12.778282 
5, -117.988093, 0.494694, 5007, 19.414176 
6, -111.193506, 0.479687, 16275, 148.548254 
7, -111.183116, 0.483107, 17527, 158.781615 
8, -107.874547, 0.494538, 18779, 182.355083 
9, -107.126002, 0.496067, 23787, 264.716751 
10, -76.136242, 0.694046, 28795, 379.489465 
11, -46.022926, 0.654750, 29421, 453.019563 
12, -27.502549, 0.620251, 30047, 516.185324 
13, -18.603528, 0.473029, 46949, 1525.054239 
14, -15.896716, 0.473289, 47575, 1556.708067 
15, -13.092236, 0.512303, 71989, 3883.615670 
16, 20.236631, 0.489161, 75119, 4144.406563 
17, 21.190347, 0.486123, 76997, 4439.436944 
18, 21.190347, 0.456095, 96403, 7200.545147 
