1, -506.563473, 0.715822, 1251, 1.489982 
2, -430.337800, 0.527505, 3755, 10.261547 
3, -388.979930, 0.502321, 4381, 15.028718 
4, -318.239039, 0.560459, 5007, 18.812387 
5, -304.933612, 0.526273, 5633, 25.715470 
6, -264.007430, 0.501531, 6259, 28.797887 
7, -249.257761, 0.546579, 6885, 38.907440 
8, -215.362725, 0.501868, 8137, 60.296376 
9, -207.258672, 0.521691, 9389, 92.947889 
10, -140.180004, 0.568913, 10641, 115.296812 
11, -128.420132, 0.545773, 12519, 165.199994 
12, -114.927504, 0.509117, 15023, 274.594747 
13, -108.053284, 0.505388, 15649, 284.353700 
14, -97.154494, 0.490522, 16901, 317.532958 
15, -92.686621, 0.418056, 40063, 1615.921774 
16, -87.957537, 0.415180, 41941, 1813.492421 
17, -39.333261, 0.492570, 61347, 3920.860530 
18, -34.514685, 0.488157, 62599, 4045.133577 
19, -34.514685, 0.508351, 78875, 7201.389872 
