1, -650.260515, 0.435616, 1877, 3.133264 
2, -149.411281, 0.558282, 3129, 6.758291 
3, -112.225468, 0.613852, 3755, 11.484834 
4, -109.141751, 0.586238, 4381, 13.828698 
5, -106.549044, 0.597164, 5007, 15.864676 
6, -103.851162, 0.498049, 7511, 54.963665 
7, -103.491940, 0.531701, 8137, 62.965975 
8, -99.061074, 0.497014, 16275, 232.169402 
9, -51.795118, 0.584017, 31925, 797.390509 
10, -45.194138, 0.580811, 32551, 874.081684 
11, -42.471683, 0.578831, 38811, 1128.626442 
12, -28.583027, 0.577590, 39437, 1139.235308 
13, -25.139828, 0.620434, 58843, 1909.304593 
14, -22.480408, 0.608209, 61973, 2125.588880 
15, -14.379547, 0.608829, 71989, 2638.957854 
16, -10.825026, 0.600847, 75745, 2886.610396 
17, -2.486427, 0.597101, 86387, 3563.986519 
18, 20.705729, 0.581315, 97029, 4614.378246 
19, 20.705729, 0.569497, 118313, 7200.470641 
