1, -658.709185, 0.543779, 1251, 2.513932 
2, -587.874811, 0.557400, 1877, 7.430907 
3, -545.620866, 0.620205, 2503, 16.760430 
4, -361.114963, 0.600694, 3129, 21.632025 
5, -126.700805, 0.666310, 3755, 30.969473 
6, -83.358064, 0.604178, 10641, 123.607545 
7, -82.002044, 0.550000, 13145, 166.476647 
8, -47.633981, 0.661731, 13771, 183.085825 
9, -32.167660, 0.640515, 15023, 202.804538 
10, -17.119894, 0.628752, 15649, 209.483668 
11, -14.568983, 0.581761, 20031, 313.535486 
12, -13.048299, 0.563603, 21283, 336.585531 
13, -6.324032, 0.539099, 35681, 827.845654 
14, -5.163903, 0.550676, 81379, 6115.663738 
15, -5.163903, 0.546543, 84509, 7200.435572 
