1, -115.782953, 0.608726, 6259, 28.803794 
2, -113.605035, 0.594862, 6885, 36.062282 
3, -107.582899, 0.605182, 7511, 49.596601 
4, -81.435385, 0.591095, 8137, 54.666854 
5, -77.373291, 0.533400, 25039, 853.553810 
6, -58.070494, 0.517314, 26291, 902.001971 
7, -39.885918, 0.512728, 26917, 938.773710 
8, -20.933297, 0.550291, 28169, 1014.402627 
9, -10.263533, 0.538269, 33803, 1376.150704 
10, 0.979716, 0.538859, 38185, 1674.023475 
11, 3.129544, 0.503628, 50705, 2578.266416 
12, 7.090584, 0.530701, 58843, 3383.771887 
13, 38.143075, 0.529323, 61973, 3744.939902 
14, 38.143075, 0.512772, 86387, 7201.917909 
