1, -135.243673, 0.519900, 1877, 3.601241 
2, -124.574213, 0.472960, 3755, 14.310225 
3, -110.571425, 0.485714, 4381, 18.653662 
4, -109.500582, 0.442013, 9389, 67.008649 
5, -106.763899, 0.446929, 16901, 181.648606 
6, -92.023534, 0.565900, 19405, 226.317764 
7, -85.269463, 0.550776, 21909, 276.949206 
8, -63.235365, 0.541728, 22535, 286.803009 
9, -51.855508, 0.581830, 25665, 356.587225 
10, -22.939767, 0.539984, 33803, 798.849193 
11, -0.888949, 0.525870, 40063, 1277.086522 
12, 0.949310, 0.497261, 65729, 3891.522456 
13, 8.162484, 0.499714, 67607, 4092.339306 
14, 8.162484, 0.508691, 87013, 7200.319373 
