1, -108.342680, 0.461741, 3755, 13.095887 
2, -106.695882, 0.611265, 11893, 109.933427 
3, -80.031779, 0.589717, 15023, 178.011834 
4, -77.310821, 0.575844, 16275, 200.826029 
5, -74.131614, 0.569221, 16901, 208.229883 
6, -71.811331, 0.511375, 19405, 267.706158 
7, -60.580991, 0.507192, 20031, 282.206815 
8, -50.581491, 0.487354, 26291, 594.649037 
9, -47.952195, 0.474865, 30673, 845.126486 
10, -47.323733, 0.505781, 61973, 2827.130234 
11, -31.725921, 0.511728, 63225, 2989.463869 
12, -25.597269, 0.444926, 92647, 6312.862631 
13, 21.922956, 0.473629, 97655, 7069.687019 
14, 21.922956, 0.472882, 98281, 7200.666103 
