1, -566.342763, 0.000000, 625, 0.184441 
1, -434.041543, 0.658812, 4381, 19.330704 
2, -344.493061, 0.701803, 7511, 58.989442 
3, -331.675616, 0.689223, 8137, 67.264410 
4, -275.799926, 0.629354, 10641, 91.995026 
5, -267.006635, 0.574932, 13145, 118.214629 
6, -259.800736, 0.557753, 14397, 138.484381 
7, -154.548449, 0.581188, 15649, 160.320373 
8, -35.534199, 0.725836, 16275, 172.413227 
9, -33.524517, 0.721401, 16901, 179.842148 
10, -33.077849, 0.703683, 18779, 233.023295 
11, -12.826776, 0.698789, 19405, 245.384972 
12, -9.130684, 0.637472, 58217, 2216.096861 
13, -9.130684, 0.623892, 103289, 7200.221259 
