1, -120.906687, 0.000000, 625, 0.157657 
1, -109.792643, 0.484452, 3129, 11.709763 
2, -107.633110, 0.445748, 3755, 13.747380 
3, -101.852116, 0.527027, 6259, 30.337862 
4, -101.106263, 0.529210, 9389, 70.301552 
5, -99.754361, 0.540407, 10641, 81.733298 
6, -99.299738, 0.529549, 11267, 92.894899 
7, -99.211555, 0.573277, 16275, 192.494718 
8, -95.958364, 0.574264, 16901, 207.256202 
9, -35.126682, 0.603618, 19405, 319.374395 
10, -32.748302, 0.569145, 21909, 472.988761 
11, -26.471520, 0.574252, 23161, 523.083745 
12, -12.173124, 0.537250, 23787, 553.389138 
13, -12.173124, 0.584164, 78249, 7200.165086 
