1, -379.848326, 0.000000, 625, 0.162874 
1, -368.434919, 0.485602, 3129, 9.138433 
2, -336.949869, 0.511826, 5633, 25.734156 
3, -329.635741, 0.674627, 7511, 43.031917 
4, -246.454989, 0.688432, 8137, 55.462848 
5, -241.151337, 0.611006, 18779, 259.150606 
6, -133.957099, 0.580740, 20031, 290.984817 
7, -102.729238, 0.624059, 28169, 578.308234 
8, -35.084509, 0.622342, 28795, 598.228316 
9, 30.008185, 0.639357, 29421, 628.440546 
10, 44.809129, 0.567785, 39437, 1114.963089 
11, 44.809129, 0.476516, 85135, 7200.287296 
