1, -827.505314, 0.000000, 625, 0.720047 
1, -660.918934, 0.629333, 1251, 2.370911 
2, -658.393133, 0.632953, 2503, 7.661614 
3, -602.043264, 0.538153, 3755, 12.534624 
4, -391.683416, 0.634409, 4381, 15.591314 
5, -378.648638, 0.563830, 5007, 19.545753 
6, -283.552325, 0.666957, 5633, 23.347607 
7, -236.986986, 0.633443, 7511, 45.367527 
8, -93.855333, 0.602971, 9389, 63.642389 
9, -84.498497, 0.598245, 10015, 68.670770 
10, -82.375787, 0.587204, 10641, 81.506579 
11, -75.955671, 0.539708, 16275, 193.580127 
12, -66.765214, 0.518980, 21909, 400.153240 
13, -65.020341, 0.515484, 23161, 451.448532 
14, -62.129934, 0.523366, 31299, 743.494123 
15, -59.047278, 0.526960, 61347, 2605.092296 
16, -47.128232, 0.542576, 75745, 4022.554166 
17, -47.075086, 0.544711, 82631, 4551.072512 
18, -39.572266, 0.537234, 88265, 5229.299932 
19, -39.572266, 0.605546, 105167, 7200.229201 
