1, -981.698768, 0.000000, 625, 0.798526 
1, -899.636766, 0.632000, 1251, 2.750062 
2, -843.482697, 0.619543, 1877, 5.524223 
3, -404.307531, 0.558065, 2503, 7.932190 
4, -397.645797, 0.521986, 3129, 9.879918 
5, -345.342552, 0.485788, 3755, 13.444411 
6, -337.379880, 0.502404, 4381, 17.715432 
7, -160.630469, 0.680543, 5633, 26.600411 
8, -133.166300, 0.642097, 6259, 35.399366 
9, -123.393764, 0.487011, 29421, 598.568470 
10, -95.753644, 0.589912, 40063, 1156.532626 
11, -85.326135, 0.583021, 48201, 1702.628757 
12, -77.762705, 0.581542, 48827, 1747.297523 
13, -71.435420, 0.580698, 50079, 1805.249112 
14, -70.810863, 0.565345, 70111, 3387.401847 
15, -70.669445, 0.557769, 95151, 6243.031991 
16, -58.098551, 0.561233, 102037, 6842.003624 
17, -58.098551, 0.558713, 104541, 7200.960972 
