1, -760.765910, 0.000000, 625, 0.643396 
1, -459.742948, 0.534368, 1877, 5.177117 
2, -188.269446, 0.564728, 2503, 8.381896 
3, -162.566866, 0.385417, 6885, 47.102706 
4, -152.428557, 0.592010, 8763, 87.806508 
5, -138.007922, 0.569644, 9389, 91.752702 
6, -137.996672, 0.532062, 10641, 105.037019 
7, -133.268525, 0.600842, 26291, 356.025944 
8, -133.048374, 0.594033, 26917, 382.901291 
9, -126.291429, 0.592702, 30673, 506.908708 
10, -124.947891, 0.586601, 32551, 604.710597 
11, -124.947891, 0.545440, 118939, 7200.487679 
