1, -530.736218, 0.000000, 625, 0.299087 
1, -335.249503, 0.671579, 1877, 3.236321 
2, -321.515320, 0.601754, 2503, 5.987239 
3, -267.615000, 0.701299, 4381, 15.933312 
4, -197.300712, 0.668016, 5007, 21.008229 
5, -110.394371, 0.588079, 8763, 70.401494 
6, -93.669768, 0.619988, 9389, 77.605946 
7, -64.080706, 0.591713, 10641, 94.946594 
8, -59.313812, 0.619774, 12519, 110.580547 
9, -40.630054, 0.617585, 13771, 124.169046 
10, -21.587515, 0.630548, 20031, 225.797631 
11, -20.368997, 0.566482, 52583, 1958.458562 
12, -19.352147, 0.577544, 88891, 4570.559078 
13, -19.132001, 0.587050, 89517, 4712.695809 
14, -13.305517, 0.589990, 92021, 5046.271391 
15, -8.182347, 0.588902, 95151, 5376.623695 
16, -8.182347, 0.618040, 109549, 7200.241704 
