1, -802.307470, 0.000000, 625, 0.536917 
1, -710.027544, 0.467456, 1877, 4.456777 
2, -224.488383, 0.575712, 2503, 7.448859 
3, -219.566673, 0.533615, 11267, 98.801723 
4, -124.716504, 0.617155, 20031, 255.683385 
5, -39.928105, 0.566237, 36933, 1142.605766 
6, -35.057916, 0.560233, 39437, 1293.291688 
7, -32.843441, 0.536890, 45697, 1713.529584 
8, 1.491750, 0.534340, 63851, 3247.601693 
9, 7.069954, 0.520182, 66981, 3654.405434 
10, 45.406903, 0.521315, 68233, 3754.556645 
11, 52.444727, 0.521843, 82631, 5591.876984 
12, 52.444727, 0.536847, 93899, 7200.297924 
