1, -144.138482, 0.000000, 625, 0.301175 
1, -84.713248, 0.527363, 3755, 15.393130 
2, -62.172419, 0.466411, 5007, 20.241017 
3, -53.515403, 0.595681, 15649, 162.244245 
4, -44.707049, 0.591857, 16275, 169.734038 
5, -40.756422, 0.588366, 16901, 185.630286 
6, -24.323301, 0.566054, 20031, 250.237476 
7, 0.767746, 0.572582, 33803, 729.208189 
8, 1.860682, 0.565793, 41941, 1062.450485 
9, 33.443605, 0.598032, 43193, 1135.667190 
10, 44.276126, 0.574951, 54461, 1938.529382 
11, 49.978601, 0.543176, 58217, 2147.892028 
12, 50.130338, 0.582280, 70737, 3109.939334 
13, 50.130338, 0.552514, 102037, 7200.123453 
