1, -129.828485, 0.000000, 625, 0.149318 
1, -128.224678, 0.613188, 7511, 44.824799 
2, -126.219121, 0.584862, 16901, 219.683488 
3, -125.841808, 0.566355, 18153, 240.549003 
4, -121.673323, 0.557139, 18779, 251.403902 
5, -119.520783, 0.541830, 20031, 280.055011 
6, -115.119568, 0.578807, 42567, 1105.127325 
7, -105.979084, 0.578811, 43819, 1189.710124 
8, -105.141564, 0.618697, 52583, 1875.323919 
9, -99.282490, 0.625025, 55087, 2108.835418 
10, -92.364058, 0.617801, 58843, 2689.958727 
11, -90.261736, 0.584672, 71989, 4338.364425 
12, -90.261736, 0.549254, 93899, 7200.062855 
