1, -657.131364, 0.000000, 625, 0.418191 
1, -347.263042, 0.569915, 1877, 5.838434 
2, -292.571695, 0.675926, 5007, 31.893529 
3, -126.505236, 0.692907, 5633, 36.627706 
4, -125.010457, 0.563767, 8763, 61.283495 
5, -82.920920, 0.616810, 17527, 145.234569 
6, -74.088325, 0.601242, 18153, 157.156165 
7, -60.820884, 0.576828, 20031, 188.113902 
8, -54.452684, 0.583476, 21909, 233.402219 
9, -34.701106, 0.501355, 23787, 350.847911 
10, -29.230241, 0.484666, 41941, 1308.267342 
11, -24.846631, 0.484569, 48201, 1785.889847 
12, -24.494272, 0.486275, 51331, 2161.094407 
13, -24.494272, 0.466315, 85761, 7200.459303 
