1, -540.291766, 0.000000, 625, 0.255466 
1, -360.771481, 0.629333, 1251, 1.846723 
2, -118.659276, 0.543210, 2503, 8.106829 
3, -108.760023, 0.509583, 4381, 24.195612 
4, -43.900093, 0.584364, 15649, 219.491137 
5, -36.844645, 0.582569, 16275, 227.920557 
6, -33.760851, 0.573693, 17527, 267.317762 
7, -32.808907, 0.553860, 20657, 386.494801 
8, -29.429013, 0.511129, 51331, 1996.930747 
9, -28.713595, 0.524380, 65103, 3324.194399 
10, -19.678806, 0.531441, 93273, 6472.672538 
11, -19.678806, 0.535833, 98907, 7200.216292 
