1, -687.527985, 0.611367, 1251, 3.425321 
2, -635.335089, 0.511480, 1877, 6.774932 
3, -130.932328, 0.585519, 3129, 10.338184 
4, -130.113250, 0.498920, 9389, 53.155221 
5, -127.825092, 0.509282, 10641, 66.445097 
6, -126.677079, 0.492884, 11893, 87.919080 
7, 7.336213, 0.571783, 13771, 136.502329 
8, 13.133053, 0.505360, 16275, 213.272013 
9, 18.460041, 0.505963, 16901, 230.293700 
10, 24.706789, 0.507707, 17527, 249.439299 
11, 75.631438, 0.542228, 21909, 467.904555 
12, 102.199536, 0.545558, 22535, 495.135250 
13, 123.662545, 0.538125, 62599, 5878.763567 
14, 123.662545, 0.537464, 68859, 7201.095094 
