1, -562.041611, 0.534562, 1251, 3.377497 
2, -542.765815, 0.497230, 1877, 6.733798 
3, -536.012665, 0.462887, 3755, 15.572369 
4, -145.922056, 0.497813, 5007, 26.745162 
5, -108.123956, 0.548940, 5633, 30.625070 
6, -104.802451, 0.450899, 24413, 343.479583 
7, -82.536558, 0.548489, 45697, 989.685643 
8, -73.614169, 0.557149, 46323, 1007.749537 
9, -68.455568, 0.554917, 46949, 1035.896850 
10, -65.521735, 0.555070, 48201, 1080.991091 
11, -59.667611, 0.552688, 54461, 1405.737682 
12, -50.612585, 0.545133, 61347, 1804.107598 
13, -32.001220, 0.554826, 64477, 2075.678058 
14, -2.239762, 0.561728, 68859, 2475.093929 
15, 6.069348, 0.508257, 75745, 3192.561007 
16, 17.486076, 0.525303, 79501, 3645.312159 
17, 37.533765, 0.518729, 80127, 3732.330256 
18, 49.218229, 0.516408, 80753, 3797.074268 
19, 60.976301, 0.515433, 81379, 3855.053980 
20, 99.574204, 0.509108, 82631, 4069.573593 
21, 99.574204, 0.460040, 100785, 7200.580182 
