1, -663.969379, 0.543779, 1251, 2.864397 
2, -184.582937, 0.498619, 1877, 4.288629 
3, -136.783757, 0.593388, 5007, 39.007396 
4, -116.062393, 0.586455, 6259, 50.575379 
5, -105.088801, 0.552220, 6885, 61.065983 
6, -91.542140, 0.527749, 8763, 74.628558 
7, -81.807592, 0.517652, 11893, 120.439116 
8, -19.837708, 0.635393, 21909, 358.157819 
9, -6.780383, 0.634466, 22535, 377.808819 
10, -6.760513, 0.582283, 46323, 1630.977150 
11, -4.257901, 0.564962, 48201, 1768.528545 
12, -1.435147, 0.532605, 61347, 3111.256915 
13, -1.435147, 0.537313, 94525, 7200.588530 
