1, -143.229312, 0.536193, 1877, 5.719509 
2, -107.537138, 0.604938, 3755, 17.762060 
3, -107.404024, 0.492906, 10015, 68.168984 
4, -85.773379, 0.603218, 12519, 101.737211 
5, 0.045222, 0.648615, 13771, 133.042666 
6, 2.367818, 0.647823, 15023, 156.445143 
7, 3.625183, 0.563053, 19405, 271.378477 
8, 22.002582, 0.561732, 20657, 321.904577 
9, 24.759907, 0.555017, 26291, 558.096726 
10, 26.754732, 0.563431, 30673, 787.654712 
11, 40.687801, 0.584664, 35055, 1058.054416 
12, 43.651569, 0.565551, 36933, 1173.097335 
13, 67.693843, 0.548116, 79501, 5794.139502 
14, 67.693843, 0.551780, 86387, 7200.109515 
