1, -566.066640, 0.533421, 1877, 9.276129 
2, -437.529228, 0.542391, 3129, 21.417413 
3, -110.741112, 0.647899, 4381, 41.381984 
4, -63.703120, 0.595270, 11893, 134.079263 
5, -47.777272, 0.590017, 12519, 138.324844 
6, -43.126472, 0.576645, 18779, 265.188028 
7, -38.971828, 0.568215, 20031, 314.495731 
8, -25.378150, 0.688807, 28169, 590.621182 
9, -16.735484, 0.669741, 28795, 614.762026 
10, -11.318778, 0.575758, 30047, 676.628911 
11, 6.622525, 0.532721, 31299, 747.740769 
12, 24.921368, 0.443181, 52583, 2133.149346 
13, 24.921368, 0.483225, 94525, 7200.117892 
