1, -426.142702, 0.561301, 3755, 17.554605 
2, -113.979472, 0.582707, 5007, 27.575054 
3, -109.678514, 0.561441, 5633, 35.540922 
4, -109.529593, 0.465219, 45697, 1213.875998 
5, -83.494819, 0.511604, 66981, 2587.843668 
6, -77.315347, 0.509843, 67607, 2652.460014 
7, -48.484607, 0.577358, 68859, 2741.982676 
8, -27.152038, 0.577234, 70111, 2900.955696 
9, -19.040392, 0.680627, 76371, 3708.828268 
10, -11.682940, 0.674110, 78875, 4058.304133 
11, 41.783510, 0.633540, 82005, 4563.318170 
12, 41.783510, 0.521741, 97029, 7201.199306 
