1, -822.040926, 0.626728, 1251, 2.890996 
2, -814.477764, 0.559671, 1877, 6.533795 
3, -641.420009, 0.689300, 3129, 14.311866 
4, -641.095338, 0.629699, 3755, 17.308818 
5, -515.395561, 0.595563, 4381, 25.848378 
6, -122.110690, 0.663265, 5633, 37.432983 
7, -118.422258, 0.642208, 6259, 42.698835 
8, -113.089156, 0.624090, 6885, 49.672759 
9, -109.298076, 0.607745, 7511, 59.398759 
10, -98.006023, 0.648955, 8137, 63.234542 
11, -85.714670, 0.594254, 10015, 90.021080 
12, -14.895736, 0.670324, 10641, 105.915450 
13, 1.662759, 0.671364, 11267, 119.418018 
14, 33.084128, 0.593954, 14397, 199.257476 
15, 71.487070, 0.594119, 15023, 211.310163 
16, 71.487070, 0.516189, 88891, 7200.584920 
