1, -498.612244, 0.582609, 3129, 10.657181 
2, -472.457095, 0.587413, 3755, 13.821006 
3, -427.571469, 0.544348, 5007, 22.895828 
4, -308.748502, 0.595349, 6259, 32.132919 
5, -289.879748, 0.584604, 6885, 36.380276 
6, -248.851231, 0.546250, 8137, 51.857320 
7, -151.762022, 0.656355, 13145, 119.902245 
8, -98.917192, 0.610354, 14397, 159.266052 
9, -71.835894, 0.603298, 15649, 180.657804 
10, 49.353837, 0.533360, 23161, 397.074423 
11, 59.650622, 0.517218, 33177, 1007.832923 
12, 98.542640, 0.471053, 43819, 1963.783033 
13, 98.542640, 0.515081, 74493, 7200.123817 
