1, -239.909383, 0.543632, 1877, 4.450733 
2, -168.286727, 0.494149, 4381, 25.433687 
3, -139.351617, 0.557214, 6259, 38.442818 
4, -136.778397, 0.522186, 7511, 51.579931 
5, -132.983437, 0.530271, 16275, 164.865805 
6, -103.358921, 0.574129, 18153, 200.487810 
7, -98.318133, 0.575062, 20657, 274.122097 
8, -86.238125, 0.564882, 22535, 330.173178 
9, -78.413082, 0.538390, 33177, 701.453940 
10, 5.707444, 0.642340, 41315, 1066.004586 
11, 49.467221, 0.623714, 42567, 1119.175555 
12, 49.960944, 0.495344, 84509, 7011.748216 
13, 49.960944, 0.492189, 85135, 7201.332805 
