1, -132.487514, 0.626634, 5633, 26.071830 
2, -113.815507, 0.610023, 6259, 32.468174 
3, -108.310668, 0.461466, 12519, 121.327767 
4, -80.814400, 0.521716, 16275, 196.934745 
5, -25.670601, 0.631195, 26917, 499.994238 
6, -25.582676, 0.617307, 29421, 585.762449 
7, -22.469404, 0.614090, 30673, 626.074835 
8, -18.039117, 0.626543, 31299, 646.536761 
9, -14.917102, 0.618179, 34429, 805.233597 
10, -14.275634, 0.614597, 36307, 854.758146 
11, -0.181274, 0.649128, 37559, 966.411151 
12, 1.388832, 0.642653, 38185, 1022.198824 
13, 38.766896, 0.642600, 38811, 1058.694837 
14, 60.047506, 0.620582, 40689, 1185.708861 
15, 85.345479, 0.582027, 44445, 1463.683769 
16, 99.161607, 0.515991, 53209, 2295.050347 
17, 102.032566, 0.493299, 66355, 3609.974692 
18, 102.032566, 0.518096, 88265, 7200.474454 
