1, -349.383305, 0.425228, 1877, 7.566527 
2, -129.777649, 0.477086, 2503, 11.013197 
3, -129.549706, 0.554705, 3129, 14.263591 
4, -121.376469, 0.534836, 3755, 16.499323 
5, -79.748936, 0.578390, 6885, 43.939434 
6, -30.755424, 0.606431, 7511, 56.945157 
7, -16.739198, 0.427622, 24413, 882.759793 
8, 17.303731, 0.543160, 40689, 2571.783069 
9, 17.651562, 0.541503, 43193, 2890.945566 
10, 42.424352, 0.554154, 45071, 3154.067800 
11, 62.624636, 0.553469, 46323, 3315.583336 
12, 71.018485, 0.501190, 55087, 4401.922224 
13, 71.018485, 0.474093, 68233, 7201.485888 
