1, -245.456340, 0.540755, 2503, 5.837825 
2, -139.995029, 0.515738, 6885, 31.655744 
3, -127.779441, 0.546196, 8137, 38.719291 
4, -125.781633, 0.512056, 9389, 53.510181 
5, -118.557745, 0.500609, 10015, 59.017730 
6, -115.975490, 0.502857, 11893, 84.602264 
7, -19.783074, 0.615968, 12519, 95.647633 
8, 10.004522, 0.567658, 15023, 153.898390 
9, 10.380261, 0.591842, 34429, 1004.508073 
10, 76.915597, 0.592825, 36307, 1097.013678 
11, 89.456395, 0.572307, 61973, 3950.840245 
12, 89.456395, 0.528969, 82631, 7200.452753 
