1, -351.312978, 0.547348, 2503, 6.328121 
2, -107.964108, 0.541478, 3129, 7.065074 
3, -105.381487, 0.450777, 8763, 41.611454 
4, -52.030972, 0.593933, 24413, 265.060373 
5, -39.488450, 0.693398, 27543, 395.231423 
6, 17.181337, 0.794434, 33177, 595.265799 
7, 19.863783, 0.788756, 33803, 638.354268 
8, 20.171198, 0.763327, 36307, 760.772070 
9, 21.634050, 0.734808, 38185, 863.358401 
10, 22.921897, 0.763597, 40689, 1031.599275 
11, 28.738860, 0.737003, 42567, 1120.419739 
12, 40.845013, 0.677768, 45697, 1320.162581 
13, 48.143946, 0.576964, 63851, 2655.335128 
14, 53.599855, 0.569741, 73867, 4132.759986 
15, 98.915577, 0.546520, 74493, 4390.468314 
16, 101.838484, 0.527005, 75745, 4514.381114 
17, 117.206636, 0.492688, 78875, 5487.120635 
18, 117.206636, 0.441992, 84509, 7201.726528 
