1, -590.123487, 0.524740, 3755, 8.966505 
2, -589.395103, 0.499443, 5007, 12.767172 
3, -426.721114, 0.548618, 5633, 15.605466 
4, -165.320008, 0.558268, 8137, 32.230989 
5, -158.379121, 0.538407, 9389, 41.276405 
6, -144.066009, 0.517089, 10641, 55.044810 
7, -143.748039, 0.483203, 12519, 72.903181 
8, -138.650986, 0.469259, 13771, 88.101955 
9, -133.703022, 0.481536, 17527, 121.940520 
10, -119.853981, 0.493479, 18779, 138.353310 
11, -119.260653, 0.509760, 21283, 170.804601 
12, -119.201311, 0.485199, 25039, 262.542029 
13, -118.226055, 0.479569, 25665, 269.445750 
14, -118.203531, 0.484744, 26917, 298.710429 
15, -115.753860, 0.500978, 31925, 394.320705 
16, -50.096879, 0.659801, 39437, 674.995721 
17, -34.646727, 0.730293, 40063, 696.413189 
18, -20.824892, 0.668255, 46949, 977.954161 
19, -20.085724, 0.637756, 54461, 1385.518869 
20, -18.875460, 0.580871, 74493, 2729.295767 
21, -18.781280, 0.604591, 78249, 3028.091077 
22, -4.180604, 0.596623, 80127, 3244.939595 
23, 1.733391, 0.502914, 99533, 5669.169273 
24, 14.477465, 0.483015, 107045, 6743.477202 
25, 14.477465, 0.482687, 110175, 7200.198722 
