1, -329.402719, 0.530752, 1877, 4.268842 
2, -155.189385, 0.572629, 4381, 15.507109 
3, -154.894930, 0.519520, 5633, 22.759706 
4, -137.945320, 0.558933, 7511, 38.303460 
5, -119.188628, 0.549867, 8763, 51.472645 
6, -103.386016, 0.540575, 9389, 57.599422 
7, -99.212509, 0.518740, 11267, 93.789775 
8, -54.654576, 0.640191, 14397, 188.902734 
9, -42.939368, 0.647896, 15023, 217.518158 
10, -30.289587, 0.665707, 16275, 306.900783 
11, -24.201130, 0.636873, 17527, 345.504632 
12, -19.124596, 0.633998, 18153, 369.507022 
13, -16.833976, 0.605441, 20657, 429.236584 
14, 10.913493, 0.578303, 40689, 1612.192795 
15, 18.721629, 0.598317, 44445, 2022.625612 
16, 33.284968, 0.594921, 45697, 2240.763694 
17, 33.284968, 0.523261, 76371, 7201.019779 
