1, -304.208081, 0.480560, 3129, 7.949244 
2, -123.853274, 0.552835, 4381, 16.248154 
3, -116.594192, 0.494303, 6885, 25.766224 
4, -114.245740, 0.545718, 12519, 75.019327 
5, -103.874278, 0.551075, 13771, 85.410108 
6, -102.237093, 0.539096, 14397, 94.422562 
7, -97.810736, 0.549839, 15649, 113.531948 
8, -88.744277, 0.542188, 16275, 118.356271 
9, -88.192570, 0.526669, 17527, 129.981922 
10, -85.621641, 0.517930, 18779, 159.018202 
11, -43.545415, 0.540553, 27543, 378.767177 
12, -41.006965, 0.546293, 49453, 1384.705091 
13, -25.189525, 0.556526, 55087, 1794.459111 
14, -9.168926, 0.552133, 58217, 2069.220983 
15, 4.363334, 0.543514, 63851, 2741.696701 
16, 12.759458, 0.550224, 66981, 3129.493773 
17, 12.759458, 0.520832, 87639, 7200.774767 
