1, -103.840540, 0.585635, 8763, 43.494181 
2, -86.491165, 0.484326, 55087, 1300.573984 
3, -73.551761, 0.515325, 56339, 1382.337439 
4, -72.507855, 0.514539, 56965, 1414.376851 
5, -67.681103, 0.525714, 58217, 1471.157705 
6, -65.170604, 0.524517, 68859, 2159.832098 
7, -40.790729, 0.611830, 73867, 2547.037736 
8, -33.497297, 0.609908, 76371, 2911.034083 
9, -33.076196, 0.615997, 76997, 3054.224967 
10, -26.967459, 0.614832, 78875, 3412.141125 
11, -26.307368, 0.619757, 80753, 3766.718395 
12, -23.348178, 0.612887, 83883, 4374.578240 
13, -20.442811, 0.610817, 87013, 4706.050890 
14, -20.060976, 0.575918, 96403, 6808.754482 
