1, -609.667497, 0.456938, 1877, 3.707693 
2, -510.603501, 0.620072, 3755, 14.916269 
3, -283.427678, 0.613502, 4381, 20.514423 
4, -251.340275, 0.634845, 5007, 23.082731 
5, -216.097387, 0.606825, 5633, 26.539462 
6, -215.462876, 0.623641, 6885, 36.653719 
7, -132.266934, 0.604038, 9389, 76.759535 
8, -127.334266, 0.599235, 11267, 110.837080 
9, -98.588188, 0.624719, 12519, 125.109016 
10, -87.477836, 0.599255, 14397, 149.575026 
11, -84.591746, 0.566917, 16901, 196.948645 
12, -82.430659, 0.537317, 20657, 289.469765 
13, -12.216796, 0.548362, 27543, 516.211014 
14, 36.113469, 0.500534, 29421, 617.610738 
15, 39.244697, 0.400032, 41941, 1654.192726 
16, 39.244697, 0.422352, 83257, 7200.777803 
