1, -838.016778, 0.460064, 1251, 1.960785 
2, -638.115612, 0.443932, 2503, 6.844229 
3, -626.943771, 0.402861, 4381, 17.544439 
4, -584.646201, 0.422311, 5633, 22.564719 
5, -109.695501, 0.506925, 6259, 24.844613 
6, -107.546956, 0.524493, 15023, 115.558599 
7, -104.471454, 0.629534, 18153, 173.940021 
8, -69.319885, 0.605823, 19405, 205.227447 
9, -66.709173, 0.496464, 29421, 680.126587 
10, -58.676412, 0.481220, 33803, 881.867264 
11, -49.129757, 0.538074, 52583, 2323.214796 
12, -29.055135, 0.537807, 53835, 2511.201550 
13, -15.593890, 0.556915, 54461, 2569.576637 
14, -11.105711, 0.552210, 55713, 2737.690016 
15, -1.383201, 0.754621, 64477, 3811.737066 
16, 13.975471, 0.753518, 65103, 3867.719432 
17, 29.447615, 0.750942, 65729, 3906.573356 
18, 33.568726, 0.746164, 67607, 4080.270572 
19, 33.964396, 0.744007, 68233, 4130.699512 
20, 34.493083, 0.676116, 71989, 4429.808895 
21, 39.006086, 0.670882, 74493, 4683.639928 
22, 85.703337, 0.672192, 78875, 5205.905785 
23, 85.703337, 0.611248, 90143, 7200.724110 
