1, -134.320574, 0.520950, 3755, 8.961181 
2, -107.344144, 0.619652, 9389, 46.738150 
3, -78.246483, 0.612069, 12519, 93.752595 
4, -74.198501, 0.565472, 16275, 163.516206 
5, -73.143060, 0.502671, 21909, 281.563561 
6, -72.033074, 0.512017, 26291, 423.409684 
7, -71.078649, 0.527698, 30673, 566.041218 
8, -61.734344, 0.530243, 33177, 679.937755 
9, -58.119400, 0.586524, 80127, 4016.163395 
10, -48.154930, 0.585945, 80753, 4076.142258 
11, -42.579769, 0.584459, 82631, 4345.957164 
12, -40.894089, 0.573495, 88265, 5440.576638 
13, -40.894089, 0.562243, 97029, 7200.425279 
