1, -458.231135, 0.481990, 3129, 8.400047 
2, -106.625838, 0.583942, 5007, 15.903649 
3, -106.070656, 0.495754, 19405, 197.867337 
4, -63.959997, 0.680396, 21909, 245.004825 
5, -59.128275, 0.667914, 22535, 260.780673 
6, -29.436257, 0.695956, 25039, 362.838041 
7, 10.399757, 0.747746, 27543, 491.045912 
8, 30.335377, 0.662979, 30047, 587.588740 
9, 34.534326, 0.631030, 33177, 803.845745 
10, 37.171740, 0.493922, 38185, 1347.549306 
11, 112.009111, 0.536058, 40689, 1766.136773 
12, 125.088039, 0.510990, 41941, 1914.539036 
13, 125.088039, 0.618681, 67607, 7200.377009 
