1, -109.598638, 0.476271, 3755, 7.601657 
2, -107.129739, 0.429948, 9389, 34.341032 
3, -106.619533, 0.489090, 16275, 119.097428 
4, -105.927751, 0.536569, 21283, 191.704256 
5, -73.929412, 0.584410, 46323, 820.784910 
6, -68.452742, 0.581777, 46949, 838.918018 
7, -35.961918, 0.795102, 49453, 1027.150088 
8, -31.869699, 0.793356, 51331, 1161.714761 
9, 33.267675, 0.784168, 51957, 1203.235516 
10, 39.197095, 0.761309, 53835, 1363.811193 
11, 84.486582, 0.732672, 55087, 1492.731115 
12, 84.486582, 0.520850, 90143, 7200.452272 
