1, -114.791978, 0.639262, 3755, 11.991677 
2, -114.661165, 0.541506, 11267, 74.125963 
3, -114.038612, 0.521685, 14397, 99.584857 
4, -113.488777, 0.537404, 19405, 195.670823 
5, -109.994377, 0.516955, 28169, 409.761380 
6, -109.718905, 0.500821, 40063, 798.833879 
7, -107.547575, 0.501494, 41941, 892.277489 
8, -105.951012, 0.512355, 48201, 1129.650765 
9, -78.431885, 0.741376, 61973, 1726.324210 
10, -45.904158, 0.738154, 62599, 1765.249672 
11, -44.818736, 0.724627, 63851, 1813.695792 
12, -35.585364, 0.623156, 75119, 2693.817629 
13, -35.585364, 0.501098, 112053, 7200.141982 
