1, -777.906602, 0.546326, 1251, 1.861042 
2, -244.361801, 0.520619, 1877, 4.200315 
3, -230.280212, 0.451064, 2503, 5.744095 
4, -117.269059, 0.619788, 6885, 48.764193 
5, -107.047495, 0.636303, 7511, 68.158158 
6, -102.864098, 0.664311, 9389, 99.860814 
7, -100.424610, 0.737979, 21909, 352.195057 
8, -84.714722, 0.688392, 23161, 409.424056 
9, -68.552488, 0.630192, 25039, 497.607079 
10, -67.513058, 0.442011, 38811, 1320.857189 
11, -49.716081, 0.454166, 63225, 3774.301960 
12, -48.376061, 0.485216, 70111, 4604.839010 
13, -46.496901, 0.485257, 70737, 4656.452937 
14, 1.813336, 0.507584, 75119, 5188.729523 
15, 1.813336, 0.510424, 86387, 7200.039655 
