1, -908.609279, 0.520767, 1251, 2.119659 
2, -808.996682, 0.412658, 1877, 3.799908 
3, -113.254246, 0.381783, 2503, 5.394277 
4, -111.648301, 0.445748, 3755, 8.040959 
5, -111.409698, 0.494483, 6259, 20.961593 
6, -109.476260, 0.472538, 6885, 24.115315 
7, -109.246005, 0.509712, 11267, 52.306720 
8, -106.794017, 0.497743, 11893, 56.119051 
9, -49.895865, 0.717698, 20031, 155.407224 
10, -48.695693, 0.714050, 21283, 179.706518 
11, -42.405590, 0.694964, 21909, 189.311954 
12, -37.175445, 0.631880, 26917, 340.269985 
13, -36.231342, 0.599875, 34429, 619.531275 
14, -32.886421, 0.563102, 55713, 1799.645498 
15, 4.812337, 0.581717, 66355, 2516.719669 
16, 16.896159, 0.485136, 93899, 6438.132077 
17, 31.107966, 0.488227, 95777, 6672.725858 
18, 31.107966, 0.483402, 97655, 7200.081806 
