1, -150.879931, 0.600639, 1251, 1.926940 
2, -110.674696, 0.486248, 5633, 23.032516 
3, -108.227606, 0.537515, 10015, 58.399886 
4, -108.173408, 0.526170, 14397, 96.549477 
5, -105.426451, 0.528505, 22535, 196.318245 
6, -87.049717, 0.676467, 60095, 1431.508351 
7, -64.849428, 0.672231, 61347, 1518.327608 
8, -57.562814, 0.672596, 63225, 1714.781612 
9, -37.467319, 0.838080, 63851, 1767.999375 
10, -27.932143, 0.789776, 65729, 1893.520491 
11, -6.234322, 0.764895, 68859, 2230.228324 
12, -1.620426, 0.711508, 80127, 3490.473735 
13, 29.603292, 0.757374, 82631, 3779.659401 
14, 29.603292, 0.618447, 97655, 7201.522541 
