1, -619.201482, 0.530337, 1877, 2.573247 
2, -143.037532, 0.553212, 6259, 21.071895 
3, -122.706162, 0.479730, 8763, 38.101677 
4, -113.876956, 0.507903, 13145, 98.600533 
5, -82.655274, 0.524980, 16901, 145.984835 
6, -71.900406, 0.518447, 17527, 152.442089 
7, -55.978218, 0.675405, 35055, 550.664221 
8, -42.665848, 0.673243, 35681, 578.498606 
9, -40.345915, 0.665581, 37559, 615.234226 
10, -34.982380, 0.666091, 38811, 658.309508 
11, -34.885666, 0.631310, 51331, 1110.286372 
12, -32.106775, 0.614787, 78249, 3056.931425 
13, -24.428436, 0.601861, 87639, 3660.001375 
14, -24.428436, 0.636290, 120191, 7200.056853 
