1, -284.144473, 0.600000, 1251, 1.809996 
2, -164.312258, 0.416667, 2503, 7.589042 
3, -133.639736, 0.566290, 6259, 25.605714 
4, -104.957048, 0.617202, 6885, 27.339179 
5, -92.071035, 0.554397, 11893, 65.439789 
6, -80.453391, 0.542907, 12519, 70.414243 
7, -60.081457, 0.616764, 16275, 124.691049 
8, -37.191485, 0.640439, 18153, 144.361178 
9, -31.531180, 0.623549, 21283, 190.165962 
10, -20.462843, 0.631148, 30047, 449.448324 
11, 68.479386, 0.681261, 30673, 496.744632 
12, 68.869400, 0.599073, 31299, 532.662316 
13, 90.102515, 0.471495, 33177, 783.467704 
14, 93.864803, 0.438630, 33803, 839.125007 
15, 108.169237, 0.423645, 50079, 2383.101775 
16, 109.610522, 0.425307, 58217, 3311.263877 
17, 109.610522, 0.510562, 86387, 7200.195866 
