1, -707.376095, 0.639205, 1877, 5.270947 
2, -675.128680, 0.550562, 2503, 8.276906 
3, -393.844918, 0.667877, 3129, 10.749155 
4, -125.509756, 0.707576, 4381, 15.949467 
5, -78.358915, 0.703927, 7511, 38.214192 
6, -77.779646, 0.548274, 8137, 54.102384 
7, -29.787203, 0.586155, 10641, 102.308012 
8, -6.921665, 0.580784, 11267, 130.286784 
9, 12.353264, 0.581520, 12519, 149.439952 
10, 16.288584, 0.536459, 17527, 348.018793 
11, 22.181081, 0.497029, 21909, 568.957477 
12, 33.003846, 0.478531, 25665, 796.007010 
13, 35.965530, 0.525168, 26291, 835.730586 
14, 35.965530, 0.496204, 82005, 7200.075324 
