1, -108.164380, 0.570358, 13771, 81.951040 
2, -70.112708, 0.687196, 26917, 346.535679 
3, -42.257161, 0.677419, 28169, 377.079264 
4, -41.992057, 0.673831, 28795, 385.731921 
5, -37.634279, 0.623286, 34429, 496.613797 
6, -18.041048, 0.588519, 39437, 643.256137 
7, 8.918137, 0.565830, 68233, 1930.406166 
8, 24.425048, 0.563005, 68859, 2004.968914 
9, 24.516449, 0.497531, 80127, 2964.280145 
10, 36.929357, 0.467149, 96403, 4833.681771 
11, 62.587646, 0.466918, 98907, 5085.204512 
12, 62.587646, 0.448869, 115183, 7201.500634 
