1, -530.457289, 0.631818, 1251, 2.204413 
2, -235.955970, 0.691824, 1877, 4.574841 
3, -170.926877, 0.707593, 6259, 34.386345 
4, -138.222223, 0.715265, 8763, 67.653042 
5, -118.932432, 0.711986, 9389, 82.432831 
6, -113.220732, 0.683095, 12519, 145.307642 
7, -108.777142, 0.668421, 13145, 154.814456 
8, -42.898871, 0.738117, 32551, 683.180948 
9, -34.195139, 0.732743, 33177, 703.153230 
10, -32.161166, 0.711422, 37559, 844.784906 
11, -27.156818, 0.695218, 41315, 989.170224 
12, 11.145062, 0.751707, 43193, 1070.888447 
13, 15.459777, 0.750164, 43819, 1087.454370 
14, 20.459256, 0.741254, 45071, 1147.592346 
15, 30.739642, 0.738399, 46949, 1216.741427 
16, 40.724994, 0.703375, 48827, 1332.510703 
17, 74.346877, 0.603103, 51331, 1542.747242 
18, 80.177050, 0.520270, 93899, 6430.033793 
19, 80.177050, 0.515666, 98907, 7200.412362 
