1, -657.805749, 0.450000, 1251, 2.488605 
2, -570.349018, 0.612536, 1877, 8.255841 
3, -563.536830, 0.538200, 3755, 26.762482 
4, -414.296311, 0.664596, 4381, 29.980690 
5, -125.299783, 0.677465, 5007, 35.587368 
6, -121.797117, 0.644823, 5633, 41.243741 
7, -119.854479, 0.607111, 8763, 66.807556 
8, -117.866952, 0.549133, 13771, 113.539383 
9, -115.194055, 0.529382, 15649, 129.686663 
10, -105.951103, 0.518952, 35681, 617.919497 
11, -93.173663, 0.505169, 43193, 946.659994 
12, -91.130333, 0.499423, 44445, 1029.537791 
13, -89.419939, 0.503512, 45071, 1057.028442 
14, -7.248567, 0.654755, 48201, 1300.348651 
15, -4.538451, 0.705430, 48827, 1350.456498 
16, -2.850102, 0.696788, 50079, 1431.656789 
17, 11.419548, 0.699138, 50705, 1472.097168 
18, 17.755827, 0.681040, 53209, 1656.163818 
19, 17.917893, 0.677491, 54461, 1733.207271 
20, 29.396275, 0.668389, 58843, 2123.369706 
21, 45.647314, 0.689859, 59469, 2174.364284 
22, 52.273949, 0.687223, 60095, 2229.209512 
23, 64.088629, 0.679094, 62599, 2422.671480 
24, 64.088629, 0.587521, 105167, 7200.123101 
