1, -135.179321, 0.493915, 5633, 23.559801 
2, -133.476087, 0.509396, 8137, 43.218204 
3, -128.955287, 0.598684, 10641, 72.085400 
4, -127.270769, 0.541431, 11893, 85.573013 
5, -108.106732, 0.658664, 16275, 166.034580 
6, -97.807740, 0.655533, 16901, 174.333707 
7, -86.466126, 0.653871, 17527, 183.921211 
8, -41.150212, 0.690971, 18779, 205.847815 
9, -27.064913, 0.660426, 19405, 216.192016 
10, -17.370044, 0.626931, 20657, 246.750209 
11, -5.140456, 0.657118, 26917, 460.253029 
12, 24.204083, 0.529021, 43193, 1361.942611 
13, 54.660843, 0.515326, 44445, 1453.446337 
14, 54.660843, 0.565420, 98907, 7200.347391 
