1, -350.251233, 0.595455, 1251, 1.975185 
2, -169.642110, 0.600559, 2503, 27.387995 
3, -128.399401, 0.427136, 5007, 73.092717 
4, -68.279326, 0.706056, 8137, 151.910555 
5, -42.644744, 0.583599, 15023, 413.363912 
6, -29.671020, 0.507115, 20657, 796.269529 
7, -26.924796, 0.479673, 30047, 1261.038737 
8, -26.520325, 0.706840, 33177, 1555.037183 
9, -15.708401, 0.704571, 33803, 1594.684229 
10, -5.002359, 0.691716, 35681, 1674.273436 
11, 0.544397, 0.681302, 38185, 1830.807209 
12, 19.261877, 0.654612, 39437, 1953.014995 
13, 19.261877, 0.527178, 83883, 7200.464253 
