1, -168.787796, 0.533951, 1877, 2.829789 
2, -165.356421, 0.609504, 3129, 8.242355 
3, -155.733341, 0.403888, 5007, 31.140836 
4, -122.502045, 0.614321, 6259, 44.492013 
5, -116.967698, 0.612879, 6885, 51.716763 
6, -108.094216, 0.540284, 15023, 174.571813 
7, -106.765186, 0.505906, 18779, 228.429114 
8, -25.947897, 0.573135, 20031, 243.521535 
9, -25.668725, 0.564758, 22535, 283.078323 
10, 19.547229, 0.615442, 25039, 350.855202 
11, 21.491735, 0.573835, 25665, 367.090733 
12, 45.557352, 0.568216, 26291, 398.963144 
13, 50.092128, 0.499294, 81379, 6425.384184 
14, 50.092128, 0.493074, 85761, 7200.179881 
