1, -838.016778, 0.450000, 1251, 2.102767 
2, -375.547736, 0.457055, 1877, 3.557312 
3, -303.935467, 0.752525, 2503, 6.322716 
4, -284.937067, 0.569369, 3129, 7.891359 
5, -117.072451, 0.630016, 7511, 40.871067 
6, -111.152477, 0.584316, 8763, 57.692172 
7, -94.731264, 0.508848, 18153, 311.280886 
8, -55.134547, 0.708218, 23787, 555.802327 
9, -46.948894, 0.687238, 28169, 761.707232 
10, -35.377638, 0.689410, 28795, 801.480347 
11, -24.401045, 0.686867, 29421, 843.239038 
12, -20.453578, 0.641641, 35055, 1182.010916 
13, -20.453578, 0.532972, 95777, 7200.198259 
