1, -290.530814, 0.628450, 2503, 7.492717 
2, -192.181481, 0.625229, 3129, 9.165890 
3, -125.536382, 0.666110, 3755, 10.956780 
4, -124.098452, 0.590969, 5007, 14.720173 
5, -121.873403, 0.561728, 5633, 17.011578 
6, -111.392204, 0.550406, 6259, 19.923181 
7, -110.850329, 0.584846, 9389, 48.567533 
8, -109.521854, 0.542324, 15649, 121.225430 
9, -108.886475, 0.547484, 18779, 171.653009 
10, -97.473326, 0.578876, 22535, 232.308158 
11, -97.372287, 0.572724, 23161, 242.782485 
12, -85.143076, 0.555117, 23787, 265.016824 
13, -79.430309, 0.481645, 52583, 1783.066286 
14, -12.713658, 0.625995, 66355, 2661.995268 
15, -8.669395, 0.581953, 66981, 2733.230678 
16, -4.948026, 0.505056, 82631, 4513.386629 
17, 47.355955, 0.540134, 86387, 4910.659971 
18, 51.662321, 0.499905, 90143, 5636.192156 
19, 51.662321, 0.479364, 97029, 7200.626625 
