1, -304.752560, 0.361111, 1877, 3.339708 
2, -231.507718, 0.405896, 3129, 8.548532 
3, -228.983476, 0.679204, 4381, 16.239871 
4, -226.810271, 0.630682, 5633, 20.841764 
5, -125.056155, 0.643526, 7511, 35.054775 
6, -115.900223, 0.635618, 8137, 39.476006 
7, -38.694403, 0.602355, 20657, 271.330248 
8, -33.460966, 0.597246, 21283, 279.182758 
9, -24.792948, 0.596497, 23161, 320.305914 
10, -18.171231, 0.586007, 26291, 401.982334 
11, 1.806247, 0.585377, 28795, 482.949726 
12, 66.810882, 0.505564, 31299, 579.655031 
13, 87.998511, 0.516527, 45697, 1473.124404 
14, 87.998511, 0.479272, 92647, 7200.689907 
