1, -753.798342, 0.682008, 1251, 2.193303 
2, -573.113915, 0.677143, 1877, 3.718507 
3, -314.139963, 0.747845, 2503, 6.526019 
4, -291.590352, 0.486637, 5007, 23.334852 
5, -108.811287, 0.599806, 6259, 33.255588 
6, -108.708075, 0.529321, 8763, 54.203506 
7, -106.850000, 0.496068, 11893, 72.390208 
8, -106.833476, 0.499499, 55713, 1388.543721 
9, -97.030285, 0.567224, 80127, 2865.076912 
10, -95.578053, 0.531766, 96403, 4692.926672 
11, -93.351658, 0.531983, 97029, 4785.223041 
12, -90.617439, 0.525282, 104541, 5717.070748 
13, -36.510771, 0.629537, 105167, 5846.491797 
14, -30.119404, 0.651464, 112053, 7029.109047 
15, -30.119404, 0.649985, 112679, 7200.270669 
