1, -187.736266, 0.675966, 2503, 5.959080 
2, -187.313889, 0.536677, 6259, 40.286447 
3, -183.282401, 0.656674, 6885, 46.977425 
4, -179.067178, 0.637475, 7511, 51.345952 
5, -169.537541, 0.596119, 8137, 58.296744 
6, -168.247295, 0.565591, 8763, 62.801094 
7, -129.880504, 0.567914, 9389, 67.515062 
8, -124.086744, 0.541165, 10641, 76.358318 
9, -119.973036, 0.528126, 11267, 85.477641 
10, -118.968224, 0.552761, 60721, 1697.484656 
11, -117.741848, 0.533277, 65103, 2029.678154 
12, -115.250655, 0.511578, 72615, 2445.665204 
13, -113.693524, 0.489586, 83257, 3596.086898 
14, -50.614536, 0.545925, 85761, 3848.077087 
15, -42.985865, 0.526343, 93899, 4562.492975 
16, -32.976372, 0.523197, 100159, 5264.790648 
17, -32.976372, 0.508780, 116435, 7201.424520 
