1, -416.189913, 0.354779, 3129, 6.039978 
2, -390.936506, 0.467692, 3755, 8.946213 
3, -252.686746, 0.534184, 6885, 25.664842 
4, -140.433292, 0.546957, 7511, 29.772078 
5, -135.079415, 0.528783, 8137, 34.980686 
6, -113.026040, 0.558602, 9389, 47.063386 
7, -111.234997, 0.506494, 11267, 57.018386 
8, -85.745452, 0.623011, 17527, 125.859842 
9, -82.887664, 0.571251, 19405, 159.134758 
10, -78.508048, 0.562162, 22535, 217.450895 
11, -75.334008, 0.531794, 36933, 660.000152 
12, -74.558146, 0.525407, 38811, 730.194182 
13, -72.385793, 0.531712, 46323, 1002.965983 
14, -6.467047, 0.618967, 55087, 1307.026191 
15, 13.218091, 0.615601, 55713, 1346.352387 
16, 21.097856, 0.480518, 67607, 2336.406222 
17, 32.392700, 0.479512, 68233, 2406.587485 
18, 44.051450, 0.441935, 76371, 3358.575701 
19, 52.526572, 0.426588, 89517, 5232.369470 
20, 52.526572, 0.420520, 98907, 7201.134742 
