1, -587.364769, 0.677824, 1251, 1.232840 
2, -577.882566, 0.527157, 1877, 2.337210 
3, -135.048815, 0.616667, 3129, 4.594586 
4, -131.876019, 0.574751, 3755, 6.324378 
5, -127.533220, 0.630024, 5633, 12.492770 
6, -126.103532, 0.514305, 32551, 384.993282 
7, -119.432461, 0.508981, 33177, 397.311204 
8, -77.328693, 0.582182, 34429, 415.337635 
9, -64.651882, 0.583068, 35681, 463.884213 
10, -51.246334, 0.580059, 36307, 477.544221 
11, 5.760428, 0.656608, 43819, 707.379031 
12, 7.699960, 0.648387, 46323, 747.611370 
13, 14.381571, 0.667047, 48827, 907.668189 
14, 16.314443, 0.663999, 49453, 937.110332 
15, 24.912773, 0.658828, 50705, 1017.659760 
16, 25.730807, 0.648091, 55713, 1202.747442 
17, 43.811207, 0.621071, 68859, 1875.077422 
18, 50.026596, 0.618095, 69485, 1931.240755 
19, 54.398898, 0.616779, 70111, 1983.539238 
20, 77.731441, 0.611941, 71363, 2055.756106 
21, 89.217014, 0.501398, 99533, 5585.378687 
22, 89.217014, 0.506399, 109549, 7200.526061 
