1, -777.906602, 0.677824, 1251, 1.607306 
2, -701.109127, 0.643312, 1877, 3.382864 
3, -428.177648, 0.503563, 2503, 4.170519 
4, -417.105756, 0.536379, 3755, 7.548220 
5, -164.662589, 0.600384, 5633, 19.612518 
6, -161.366919, 0.581081, 6259, 36.836643 
7, -136.021379, 0.533179, 8137, 64.028450 
8, -103.584794, 0.564979, 8763, 74.683926 
9, -97.205575, 0.500181, 13771, 157.554480 
10, -79.868318, 0.497758, 14397, 163.128804 
11, -77.858035, 0.487125, 24413, 482.802922 
12, 2.856565, 0.625600, 32551, 949.524737 
13, 5.683897, 0.556214, 42567, 1383.801463 
14, 13.058034, 0.529648, 61973, 2706.381702 
15, 89.153225, 0.541873, 64477, 2946.337408 
16, 101.484975, 0.507498, 71363, 3749.630970 
17, 154.559878, 0.493286, 75745, 4187.057025 
18, 154.559878, 0.514531, 93273, 7201.068195 
