1, -426.599233, 0.650602, 1877, 2.912760 
2, -419.085085, 0.581818, 3129, 9.056937 
3, -398.404196, 0.426323, 3755, 11.880637 
4, -288.786862, 0.565077, 5633, 23.187195 
5, -240.129814, 0.583589, 6259, 31.140957 
6, -200.884453, 0.573643, 6885, 34.565141 
7, -166.342789, 0.621005, 7511, 45.401364 
8, -113.400923, 0.610053, 8763, 61.925835 
9, -111.649795, 0.595810, 9389, 67.048781 
10, -108.158137, 0.570335, 10641, 83.684496 
11, -106.665656, 0.485305, 16901, 222.619457 
12, -105.500349, 0.475308, 49453, 1408.444717 
13, -105.500349, 0.497258, 119565, 7200.195102 
