1, -113.060318, 0.449456, 3755, 11.111207 
2, -108.331170, 0.589129, 9389, 70.159983 
3, -68.505073, 0.585217, 55713, 1579.901608 
4, -68.421381, 0.575706, 58843, 1793.732261 
5, -64.451608, 0.564691, 64477, 2249.815967 
6, -62.166054, 0.554531, 67607, 2529.769822 
7, -48.804652, 0.567355, 68233, 2589.781406 
8, -35.063801, 0.563818, 74493, 3397.836765 
9, -33.567106, 0.545447, 84509, 4646.208389 
10, -30.490851, 0.512399, 93899, 6157.725788 
11, -26.032886, 0.543466, 95777, 6655.164765 
12, -8.864018, 0.535453, 96403, 6811.597747 
13, -8.864018, 0.535848, 97655, 7200.457652 
