1, -530.351057, 0.365979, 3755, 9.026698 
2, -413.465752, 0.647619, 5007, 14.755039 
3, -153.631710, 0.657922, 6259, 20.731452 
4, -106.887530, 0.597436, 8137, 28.979450 
5, -73.473654, 0.646192, 8763, 31.437782 
6, -69.746775, 0.561542, 25039, 297.296094 
7, -61.760181, 0.554093, 33803, 813.204404 
8, -59.524432, 0.551681, 34429, 883.485983 
9, -52.720866, 0.532328, 36933, 1022.899575 
10, -38.653504, 0.565125, 37559, 1061.366217 
11, -37.712690, 0.557289, 43193, 1433.604076 
12, -32.311174, 0.557049, 43819, 1495.947146 
13, -2.296312, 0.712864, 62599, 3524.016098 
14, 26.342952, 0.723815, 63851, 3781.219689 
15, 32.314977, 0.719484, 65103, 3982.262595 
16, 35.238969, 0.687381, 71363, 5151.624811 
17, 44.630372, 0.624618, 76997, 6199.096590 
18, 59.582127, 0.592681, 78875, 6669.456107 
19, 59.582127, 0.603323, 80753, 7200.985575 
