1, -246.468324, 0.505952, 1877, 2.879217 
2, -130.343420, 0.569980, 6259, 18.802523 
3, -111.927173, 0.561971, 8763, 32.836513 
4, -110.830496, 0.570059, 9389, 40.741182 
5, -108.072626, 0.527423, 11267, 59.486800 
6, -101.768555, 0.437901, 23161, 274.065763 
7, -100.733913, 0.435740, 23787, 296.652467 
8, -100.334202, 0.433635, 24413, 305.649247 
9, -94.957405, 0.431148, 25039, 325.655592 
10, -68.432410, 0.592320, 30673, 520.818387 
11, 8.174634, 0.619230, 31299, 545.684912 
12, 9.253559, 0.616480, 33177, 593.709594 
13, 25.498142, 0.636305, 45071, 1187.129888 
14, 39.918050, 0.524557, 50079, 1576.264411 
15, 45.520928, 0.420892, 74493, 4330.645613 
16, 45.520928, 0.579195, 90143, 7201.260786 
