1, -908.609279, 0.585774, 1251, 2.534896 
2, -808.996682, 0.436137, 1877, 4.657314 
3, -545.091069, 0.424015, 3129, 9.695232 
4, -398.932689, 0.452188, 3755, 11.711175 
5, -313.905899, 0.557778, 5007, 20.617445 
6, -136.409825, 0.518049, 6259, 32.608828 
7, -127.786671, 0.466608, 7511, 45.010744 
8, -127.418011, 0.374000, 12519, 114.973232 
9, -122.363945, 0.499758, 13145, 136.227303 
10, -120.709426, 0.488167, 13771, 152.089031 
11, -111.328025, 0.509953, 15649, 196.691761 
12, -104.749049, 0.585316, 16275, 212.368652 
13, -102.094390, 0.574408, 16901, 231.437544 
14, -100.332428, 0.542643, 20031, 321.731637 
15, -76.964406, 0.570298, 28169, 612.809108 
16, -76.689184, 0.568580, 28795, 628.428834 
17, -74.549144, 0.564331, 29421, 657.598226 
18, -67.485836, 0.529384, 35681, 1027.040202 
19, -56.963449, 0.509191, 39437, 1265.297498 
20, 43.954893, 0.613740, 48201, 2044.194416 
21, 49.907704, 0.602972, 51957, 2291.257761 
22, 71.676195, 0.566358, 53835, 2439.844543 
23, 71.676195, 0.507394, 90143, 7200.102262 
