1, -647.467577, 0.531381, 1251, 1.217754 
2, -302.223302, 0.478333, 3129, 6.731498 
3, -130.715800, 0.624709, 5633, 17.452715 
4, -130.563754, 0.526243, 10641, 57.144419 
5, -106.046062, 0.630745, 13771, 89.321934 
6, -104.784753, 0.613222, 14397, 97.070727 
7, -98.394773, 0.629189, 15649, 119.351447 
8, -96.313364, 0.616322, 16901, 137.085531 
9, -79.242715, 0.550279, 18779, 168.245117 
10, -55.156522, 0.480659, 43193, 1351.806114 
11, -47.537573, 0.617360, 45697, 1586.831065 
12, -30.929975, 0.615761, 46323, 1698.162247 
13, -29.689089, 0.624209, 56339, 3143.485162 
14, -29.689089, 0.601980, 78875, 7201.263383 
