1, -377.101370, 0.410749, 3129, 6.424786 
2, -348.155806, 0.549096, 5633, 15.817471 
3, -150.603919, 0.532688, 6259, 22.624764 
4, -150.239319, 0.448859, 8763, 46.516348 
5, -127.515847, 0.502607, 18153, 276.832934 
6, -105.450601, 0.613574, 18779, 290.977879 
7, -88.451119, 0.587186, 21283, 362.549948 
8, -75.856800, 0.530058, 31299, 740.533836 
9, -43.544215, 0.490849, 33803, 863.977590 
10, -17.663362, 0.509714, 40063, 1290.228231 
11, 8.091918, 0.510848, 41941, 1437.393511 
12, 12.429453, 0.475089, 62599, 4075.715810 
13, 12.429453, 0.492547, 78875, 7200.071878 
