1, -127.787762, 0.588418, 5633, 19.009614 
2, -116.276881, 0.579935, 6885, 29.338858 
3, -112.240015, 0.652193, 12519, 104.842127 
4, -109.866793, 0.627764, 13771, 116.712024 
5, -109.133695, 0.586549, 16275, 193.369564 
6, -108.664811, 0.528160, 20657, 299.997299 
7, -107.737760, 0.486234, 25665, 391.706012 
8, -106.426662, 0.503364, 28795, 472.202141 
9, -104.870973, 0.499527, 29421, 481.363088 
10, -96.421212, 0.658186, 46949, 1171.238875 
11, -90.561085, 0.646425, 48201, 1245.508351 
12, -23.026405, 0.722034, 50705, 1419.005706 
13, -19.899642, 0.713613, 51957, 1450.779966 
14, -19.547205, 0.703958, 53835, 1599.266248 
15, -18.509274, 0.672752, 60095, 2017.087057 
16, -11.649062, 0.658294, 63851, 2416.847400 
17, -9.843876, 0.640789, 71363, 3149.756978 
18, 9.786963, 0.629428, 75745, 3602.067732 
19, 9.786963, 0.585449, 102037, 7200.123378 
