1, -108.491099, 0.661826, 3129, 6.670655 
2, -105.930795, 0.603670, 3755, 8.214594 
3, -105.755795, 0.502184, 29421, 448.206970 
4, -102.562426, 0.504015, 45071, 952.203643 
5, -102.532491, 0.470790, 50079, 1229.195617 
6, -92.146243, 0.466280, 51957, 1310.337498 
7, -89.163184, 0.444090, 57591, 1685.035461 
8, 23.186704, 0.711253, 61347, 1883.692939 
9, 23.415380, 0.709689, 61973, 2009.437565 
10, 26.815413, 0.708070, 62599, 2084.709978 
11, 29.653010, 0.699275, 65729, 2557.863577 
12, 34.585695, 0.692119, 70737, 3349.682373 
13, 38.291246, 0.693503, 71989, 3595.715172 
14, 94.936322, 0.710695, 73241, 3784.519991 
15, 139.410845, 0.694724, 75745, 4244.729900 
16, 139.410845, 0.520458, 87639, 7200.139902 
