1, -533.560087, 0.686192, 1251, 2.039940 
2, -288.173793, 0.628492, 1877, 2.791729 
3, -199.111229, 0.475871, 3755, 7.979762 
4, -124.581079, 0.696329, 5007, 12.310300 
5, -123.589856, 0.614357, 6885, 39.077648 
6, -122.261455, 0.593750, 7511, 41.398323 
7, -120.736901, 0.575486, 8137, 43.888079 
8, -120.019180, 0.495272, 11267, 73.644146 
9, -116.693918, 0.504283, 23787, 298.763561 
10, -115.183017, 0.604869, 46949, 1071.161506 
11, -113.582070, 0.562992, 50079, 1261.662333 
12, -113.336494, 0.552428, 52583, 1386.738042 
13, -107.739303, 0.533498, 58217, 1788.322351 
14, -105.335058, 0.492976, 78249, 3691.044579 
15, -93.952122, 0.511639, 89517, 4631.806325 
16, -93.952122, 0.520508, 108923, 7200.651430 
