1, -305.091551, 0.508721, 1877, 2.718788 
2, -112.338951, 0.497549, 2503, 3.855491 
3, -110.130156, 0.465793, 5007, 11.612751 
4, -106.249197, 0.475886, 11893, 70.862269 
5, -104.088448, 0.547968, 40689, 741.338231 
6, -98.561288, 0.584221, 46323, 1013.297283 
7, -96.283983, 0.576316, 49453, 1123.872342 
8, -94.979652, 0.570295, 51957, 1256.394381 
9, -93.303621, 0.567022, 55087, 1405.125838 
10, -91.628966, 0.554436, 64477, 2038.612792 
11, -90.510339, 0.583951, 70111, 2399.075150 
12, -73.465268, 0.581020, 70737, 2428.602920 
13, -62.352322, 0.572232, 74493, 2600.890749 
14, -42.997816, 0.611575, 125825, 6770.643386 
15, -33.720149, 0.611547, 127077, 6919.931013 
16, -27.519381, 0.610191, 128955, 7028.830710 
17, -27.519381, 0.609277, 130207, 7200.077981 
