1, -541.729317, 0.370833, 3129, 4.222286 
2, -402.962060, 0.541045, 3755, 7.206133 
3, -125.465808, 0.556291, 4381, 8.771254 
4, -106.546885, 0.633188, 5007, 10.639450 
5, -105.952052, 0.471384, 72615, 1889.970115 
6, -69.577592, 0.603129, 81379, 2283.108751 
7, -67.993028, 0.599092, 85761, 2452.919863 
8, 13.466077, 0.715617, 105167, 3508.988541 
9, 22.389746, 0.714477, 105793, 3567.875466 
10, 22.955399, 0.712301, 107045, 3674.072427 
11, 26.127007, 0.710966, 107671, 3742.974584 
12, 31.266412, 0.707162, 108923, 3926.049206 
13, 31.266412, 0.638844, 138345, 7200.063097 
