1, -782.677614, 0.531381, 1251, 2.056228 
2, -135.832474, 0.522782, 1877, 3.649183 
3, -135.685199, 0.482480, 7511, 30.831296 
4, -132.382709, 0.462789, 8137, 33.807243 
5, -128.545624, 0.497079, 14397, 86.678266 
6, -128.265787, 0.516008, 18153, 121.018034 
7, -114.862841, 0.543464, 20031, 144.104531 
8, -81.730808, 0.619720, 111427, 4350.292878 
9, -66.504082, 0.624045, 113305, 4542.356138 
10, -64.953607, 0.603930, 114557, 4688.563228 
11, -50.981808, 0.584201, 116435, 4913.450923 
12, -45.522831, 0.585243, 117061, 4971.622508 
13, -35.207178, 0.593070, 128329, 6758.981972 
14, -35.207178, 0.594234, 128955, 7200.862529 
