1, -134.196884, 0.467866, 1877, 2.574098 
2, -123.647809, 0.461874, 2503, 4.398039 
3, -113.907885, 0.526287, 10641, 85.942676 
4, -107.859272, 0.512888, 11267, 91.654319 
5, -104.500194, 0.472088, 25665, 315.289268 
6, -100.040331, 0.619427, 51957, 1172.622647 
7, -94.746286, 0.610245, 52583, 1293.923121 
8, -53.436355, 0.628745, 53209, 1340.015978 
9, -53.290302, 0.619592, 55087, 1426.983451 
10, -41.005643, 0.611375, 58843, 1728.527343 
11, -40.738868, 0.684455, 61973, 1929.141771 
12, -10.344774, 0.679992, 63225, 2060.084776 
13, -6.522459, 0.644993, 70111, 2671.435468 
14, 15.049208, 0.627592, 74493, 3104.699030 
15, 24.598412, 0.579010, 93899, 5016.685461 
16, 41.715325, 0.565251, 95151, 5082.469397 
17, 42.829304, 0.550256, 100785, 5719.957024 
18, 42.829304, 0.546564, 108297, 7200.326080 
