1, -641.357600, 0.514815, 1251, 1.526397 
2, -126.839283, 0.396552, 2503, 7.368084 
3, -113.108171, 0.615794, 6259, 27.378802 
4, -108.888128, 0.598985, 6885, 34.740208 
5, -107.671750, 0.553748, 8763, 52.342870 
6, -106.481970, 0.557766, 10015, 62.503774 
7, -78.309507, 0.467495, 23161, 276.293812 
8, -48.296704, 0.500000, 23787, 301.336575 
9, -30.710249, 0.488308, 25665, 389.954384 
10, -29.289773, 0.596226, 40063, 1174.512950 
11, -23.951218, 0.588369, 43193, 1288.935768 
12, -9.496105, 0.602426, 45697, 1397.256148 
13, 20.739412, 0.580959, 51331, 1754.531902 
14, 41.550726, 0.575259, 51957, 1789.156207 
15, 66.907020, 0.557556, 54461, 2227.812657 
16, 67.189477, 0.547477, 56339, 2524.721448 
17, 97.589307, 0.534858, 57591, 2679.348509 
18, 101.359890, 0.514984, 66981, 4428.105262 
19, 101.359890, 0.492555, 78249, 7200.390500 
