1, -114.068433, 0.542434, 11267, 79.023898 
2, -111.680212, 0.534460, 11893, 91.706724 
3, -108.671629, 0.519649, 12519, 98.176330 
4, -107.090096, 0.483604, 18779, 219.259832 
5, -106.256733, 0.466995, 20657, 268.762007 
6, -36.348206, 0.666527, 30047, 516.667736 
7, -27.036462, 0.659374, 30673, 548.965781 
8, -23.837019, 0.589093, 34429, 701.507963 
9, -21.310063, 0.578630, 36307, 809.189521 
10, -15.435938, 0.587809, 36933, 838.034728 
11, -15.361325, 0.575499, 40063, 1039.545610 
12, 10.787723, 0.583234, 41315, 1163.942386 
13, 28.225219, 0.509459, 50079, 1914.953449 
14, 34.879821, 0.487029, 62599, 3331.322409 
15, 47.413405, 0.478744, 69485, 4271.146876 
16, 47.413405, 0.433196, 89517, 7200.298738 
