1, -473.292935, 0.519313, 2503, 4.852318 
2, -134.306719, 0.600379, 3129, 5.988649 
3, -115.736186, 0.568862, 4381, 9.203147 
4, -112.589279, 0.507975, 5633, 12.270852 
5, -110.852114, 0.473143, 6259, 13.751141 
6, -110.844072, 0.504331, 27543, 292.752158 
7, -109.977345, 0.515618, 30673, 368.724064 
8, -107.591406, 0.524761, 44445, 757.459920 
9, -97.127303, 0.712280, 76371, 2242.971296 
10, -55.819746, 0.710110, 76997, 2275.015559 
11, -25.733170, 0.702932, 78875, 2521.164147 
12, -24.813114, 0.694945, 80127, 2812.305557 
13, -24.621869, 0.633949, 96403, 5022.095316 
14, -16.419216, 0.615927, 102663, 6014.995044 
15, -16.419216, 0.588045, 109549, 7200.596761 
