1, -777.906602, 0.614815, 1251, 1.626501 
2, -719.065400, 0.582609, 1877, 3.749651 
3, -643.637374, 0.543820, 2503, 6.757413 
4, -621.405146, 0.562500, 3129, 8.710032 
5, -531.172246, 0.489412, 5007, 16.503880 
6, -371.164350, 0.658214, 5633, 22.137843 
7, -341.877900, 0.623975, 6259, 25.544739 
8, -277.193370, 0.624373, 10015, 64.974084 
9, -111.927312, 0.601086, 11893, 88.611170 
10, -109.094673, 0.551282, 13771, 113.959348 
11, -108.999249, 0.512556, 16901, 142.886800 
12, -107.624507, 0.476545, 23787, 263.969243 
13, -106.469612, 0.480436, 33177, 451.179312 
14, -106.193429, 0.500988, 41315, 688.183447 
15, -66.598074, 0.530531, 45071, 796.726308 
16, -45.135586, 0.528696, 45697, 810.328582 
17, -37.981322, 0.528375, 46949, 846.683978 
18, -37.971692, 0.525880, 49453, 931.284811 
19, -18.829325, 0.617816, 108297, 5505.463214 
20, -8.752211, 0.616481, 108923, 5525.623252 
21, 0.433411, 0.615752, 109549, 5592.249311 
22, 8.207769, 0.607472, 119565, 6599.656266 
23, 32.552162, 0.610476, 121443, 6858.416579 
24, 32.552162, 0.602381, 123321, 7200.735968 
