1, -771.186190, 0.618519, 1251, 2.098728 
2, -630.481564, 0.437148, 3129, 6.407430 
3, -547.184637, 0.633333, 4381, 10.119910 
4, -301.115429, 0.581340, 5007, 13.288302 
5, -292.066539, 0.550931, 5633, 18.531835 
6, -242.334764, 0.519231, 7511, 36.909254 
7, -231.567522, 0.494920, 8763, 44.602105 
8, -126.004550, 0.644231, 11267, 88.467156 
9, -112.627438, 0.630172, 11893, 104.154020 
10, -99.237000, 0.542012, 17527, 306.918754 
11, -89.529736, 0.454039, 61973, 4756.525737 
12, -85.699196, 0.518249, 63851, 5123.530411 
13, -67.894163, 0.514891, 65729, 5472.336904 
14, -58.042551, 0.506735, 66981, 5605.253217 
15, -6.500984, 0.577989, 68233, 5829.263491 
16, -6.500984, 0.540068, 74493, 7201.118492 
