1, -126.001997, 0.555439, 6259, 17.556562 
2, -125.528042, 0.469853, 8763, 39.293403 
3, -119.993594, 0.486468, 9389, 47.890929 
4, -105.162941, 0.554018, 10015, 60.513831 
5, -89.172479, 0.545405, 11893, 90.539393 
6, -77.587074, 0.503759, 16275, 183.832891 
7, -34.701793, 0.521028, 35055, 1093.703749 
8, -34.258053, 0.527286, 37559, 1323.665848 
9, -30.950384, 0.506158, 45697, 2276.113582 
10, -27.869594, 0.553408, 46323, 2392.893418 
11, -14.447920, 0.550547, 46949, 2438.732174 
12, -13.366813, 0.548103, 47575, 2519.781374 
13, 2.851925, 0.499067, 51331, 2913.357263 
14, 2.851925, 0.481937, 78875, 7200.643837 
