1, -113.477808, 0.551852, 1251, 1.227680 
2, -108.681970, 0.657860, 5007, 12.822070 
3, -107.589748, 0.542406, 7511, 26.282859 
4, -107.459215, 0.493263, 10015, 54.751870 
5, -94.438143, 0.680389, 15023, 124.869427 
6, -66.525720, 0.643994, 16275, 145.057911 
7, -22.929111, 0.618863, 20031, 203.448916 
8, -20.661455, 0.543807, 23161, 287.545093 
9, -14.512283, 0.590285, 24413, 311.433103 
10, -9.218822, 0.586012, 25665, 339.033848 
11, -6.027739, 0.573625, 27543, 393.219047 
12, -4.377085, 0.562518, 33177, 623.568786 
13, -1.668715, 0.562762, 33803, 651.816013 
14, 27.976807, 0.572187, 46949, 1382.583330 
15, 33.225156, 0.567418, 47575, 1420.454846 
16, 81.952406, 0.566390, 48201, 1436.828050 
17, 81.952406, 0.507232, 94525, 7200.747793 
