1, -360.015063, 0.567391, 2503, 4.058025 
2, -336.483186, 0.566613, 3755, 7.778043 
3, -187.435489, 0.636364, 4381, 10.421962 
4, -157.272646, 0.572559, 5007, 14.419144 
5, -134.709703, 0.460050, 7511, 25.017769 
6, -129.533896, 0.513656, 11267, 57.232593 
7, -127.998602, 0.497027, 14397, 100.029855 
8, -124.653991, 0.465543, 16275, 139.683218 
9, -24.319989, 0.642857, 34429, 573.266959 
10, -19.100067, 0.641667, 35681, 639.622244 
11, -18.230378, 0.633356, 36307, 671.511558 
12, 3.149994, 0.631768, 36933, 739.401711 
13, 7.467274, 0.579349, 43193, 1095.977540 
14, 68.070370, 0.610769, 45071, 1278.421560 
15, 68.096227, 0.611370, 46949, 1398.329423 
16, 69.250734, 0.547511, 82005, 5471.595324 
17, 69.250734, 0.550686, 90143, 7201.391073 
