1, -198.219301, 0.672872, 1877, 4.030461 
2, -165.719280, 0.495676, 11893, 159.545852 
3, -163.118383, 0.463896, 13145, 171.168514 
4, -114.552394, 0.537101, 18779, 274.137762 
5, -114.282041, 0.505018, 21283, 358.977176 
6, -106.399685, 0.497595, 24413, 430.436354 
7, -105.852266, 0.494149, 30673, 599.242380 
8, -45.400020, 0.586596, 36307, 797.934823 
9, -41.866105, 0.560863, 41941, 1283.090753 
10, -40.555273, 0.550489, 45697, 1554.530544 
11, -33.246393, 0.536709, 50079, 2027.237835 
12, -30.274070, 0.523583, 55713, 2793.530554 
13, -29.200125, 0.525757, 61347, 3895.740106 
14, -28.430614, 0.524953, 61973, 4001.217246 
15, -19.594833, 0.549464, 62599, 4234.785887 
16, -19.594833, 0.551552, 75119, 7200.651086 
