1, -532.389714, 0.354839, 3755, 7.696776 
2, -356.342940, 0.534950, 4381, 10.491604 
3, -276.781763, 0.511140, 5007, 12.399091 
4, -215.700846, 0.513919, 6259, 25.157658 
5, -127.634143, 0.502568, 7511, 34.966970 
6, -124.264448, 0.477477, 8137, 38.443316 
7, -119.448542, 0.466097, 11267, 67.026604 
8, -118.851057, 0.422700, 15649, 144.825787 
9, -53.007548, 0.576703, 65103, 1788.993432 
10, -43.944097, 0.553468, 76997, 3384.568076 
11, -26.275751, 0.541305, 81379, 3986.308085 
12, 1.240062, 0.511496, 88891, 5576.954420 
13, 1.240062, 0.480213, 98907, 7200.308422 
