1, -334.070213, 0.728102, 2503, 4.869835 
2, -301.586009, 0.604545, 3129, 8.478164 
3, -221.478023, 0.551592, 3755, 10.797887 
4, -178.101923, 0.492605, 4381, 13.235968 
5, -123.547018, 0.453410, 5633, 22.487855 
6, -107.943168, 0.541964, 6259, 25.044402 
7, -104.189281, 0.490942, 17527, 170.018021 
8, -76.296800, 0.565185, 64477, 1987.580805 
9, -75.894916, 0.558294, 66355, 2202.524501 
10, -69.881131, 0.558092, 68233, 2449.360622 
11, -67.143222, 0.519865, 69485, 2589.043331 
12, -65.101356, 0.504314, 80127, 3864.453056 
13, -65.101356, 0.505689, 103289, 7200.265016 
