1, -675.122236, 0.500000, 1251, 2.084315 
2, -557.969889, 0.646497, 2503, 7.736237 
3, -176.627353, 0.684431, 4381, 30.203064 
4, -130.519091, 0.686503, 6259, 70.139271 
5, -130.207992, 0.627932, 8137, 84.412695 
6, -130.075795, 0.581262, 10015, 104.887215 
7, -123.251122, 0.560582, 13771, 140.817532 
8, -108.259022, 0.571828, 34429, 590.627998 
9, -99.233785, 0.558467, 35681, 647.186459 
10, -95.770712, 0.549771, 36933, 678.937634 
11, -93.795182, 0.552456, 38185, 722.205296 
12, -92.954083, 0.551414, 44445, 945.541624 
13, -85.969709, 0.551198, 45697, 980.090529 
14, -81.935844, 0.538660, 50079, 1145.781943 
15, -63.701279, 0.555922, 61973, 1773.873367 
16, -52.610287, 0.540747, 64477, 1896.449519 
17, -44.791836, 0.557441, 68859, 2227.675336 
18, -38.352290, 0.501097, 78875, 3185.848606 
19, -38.352290, 0.517178, 108923, 7200.821856 
