1, -540.291766, 0.000000, 625, 0.260985 
1, -260.582040, 0.569781, 5007, 17.632520 
2, -120.580858, 0.591855, 6259, 22.123312 
3, -116.968553, 0.561433, 6885, 25.798145 
4, -115.912138, 0.537349, 7511, 29.800011 
5, -104.125997, 0.537873, 31299, 558.494268 
6, -104.063941, 0.534055, 33803, 722.389870 
7, -14.817096, 0.671729, 36307, 811.635686 
8, 34.264811, 0.553267, 51957, 1632.870624 
9, 36.078261, 0.526660, 54461, 1885.079858 
10, 54.913525, 0.518637, 56965, 2167.326642 
11, 54.913525, 0.490581, 91395, 7200.197470 
