1, -423.681327, 0.000000, 625, 0.230348 
1, -347.042665, 0.693277, 4381, 25.018797 
2, -129.917661, 0.599650, 6259, 42.041032 
3, -125.484323, 0.515519, 13145, 131.398421 
4, -116.016361, 0.524878, 16901, 198.896610 
5, -111.841923, 0.488904, 24413, 368.501936 
6, -86.347467, 0.652908, 26291, 410.137880 
7, -85.755663, 0.649615, 26917, 422.591589 
8, -66.798141, 0.672574, 35055, 696.445552 
9, -64.207870, 0.668539, 35681, 714.980798 
10, -63.465712, 0.646630, 37559, 781.184489 
11, -12.055286, 0.647824, 38811, 841.593771 
12, -11.915231, 0.579755, 42567, 1134.473744 
13, 8.656694, 0.575429, 45071, 1426.574867 
14, 9.748350, 0.517423, 48201, 1867.862648 
15, 43.328020, 0.517165, 48827, 1903.322811 
16, 67.362482, 0.531994, 54461, 2529.405327 
17, 81.614389, 0.657013, 55087, 2653.384156 
18, 96.062025, 0.646573, 55713, 2729.164990 
19, 104.990337, 0.638345, 56339, 2810.787622 
20, 107.312768, 0.534725, 61347, 3696.713238 
21, 108.717483, 0.534486, 62599, 3964.148504 
22, 119.401844, 0.493196, 66981, 4984.888352 
23, 119.401844, 0.441220, 75119, 7200.818171 
