1, -976.821579, 0.000000, 625, 0.959145 
1, -821.431165, 0.650641, 1251, 3.270209 
2, -473.390310, 0.720812, 1877, 5.897105 
3, -388.607235, 0.621951, 2503, 8.788128 
4, -106.746857, 0.744526, 4381, 29.979470 
5, -91.958722, 0.676560, 8763, 138.389176 
6, -88.492663, 0.616980, 10641, 200.843836 
7, -83.957466, 0.594843, 11267, 213.901078 
8, -74.215846, 0.645270, 27543, 918.432221 
9, -70.892514, 0.640334, 28169, 949.799242 
10, -68.036608, 0.605757, 33803, 1219.478797 
11, -35.292924, 0.623956, 35681, 1337.770595 
12, -16.665030, 0.619762, 36307, 1380.820797 
13, -2.901455, 0.596006, 40063, 1709.233549 
14, -1.918812, 0.583018, 43819, 2122.968256 
15, 29.552836, 0.560671, 49453, 3025.507887 
16, 29.552836, 0.517714, 71363, 7201.038993 
