1, -981.698768, 0.000000, 625, 0.826505 
1, -838.016778, 0.500000, 1251, 2.508421 
2, -614.065362, 0.526316, 1877, 3.697152 
3, -94.882120, 0.724066, 2503, 5.894083 
4, -92.658230, 0.633531, 3755, 10.794386 
5, -72.729216, 0.582790, 4381, 13.263030 
6, -59.498444, 0.696547, 7511, 48.621168 
7, -49.341342, 0.629870, 14397, 203.632394 
8, 14.314939, 0.675224, 17527, 335.597566 
9, 27.925803, 0.680964, 19405, 477.550610 
10, 31.911606, 0.507714, 23161, 808.096782 
11, 84.521481, 0.555170, 27543, 1247.879936 
12, 96.780625, 0.547145, 28169, 1297.648169 
13, 99.647296, 0.541013, 30047, 1528.089462 
14, 122.267501, 0.537218, 31299, 1692.604243 
15, 134.419283, 0.478036, 47575, 4499.076887 
16, 148.932563, 0.491207, 52583, 5781.603690 
17, 148.932563, 0.483089, 58217, 7202.476799 
