1, -940.068477, 0.000000, 625, 0.777151 
1, -751.255028, 0.535256, 1251, 2.282148 
2, -655.171737, 0.540724, 1877, 4.676145 
3, -220.637557, 0.666048, 2503, 16.141208 
4, -166.937435, 0.627373, 3755, 23.286157 
5, -121.047900, 0.680056, 5007, 33.447085 
6, -118.598935, 0.593363, 10641, 92.428215 
7, -55.271447, 0.550587, 29421, 454.980186 
8, -33.672739, 0.586542, 30673, 487.076209 
9, -5.109330, 0.581147, 31299, 505.547089 
10, 51.473580, 0.573588, 34429, 607.080146 
11, 52.203547, 0.577559, 35681, 660.761234 
12, 72.928171, 0.575314, 36307, 682.520111 
13, 77.593435, 0.464108, 60721, 2560.915468 
14, 77.733260, 0.469421, 62599, 2733.518163 
15, 77.733260, 0.470607, 92021, 7200.783272 
