1, -120.906687, 0.000000, 625, 0.120210 
1, -106.640942, 0.589308, 14397, 138.756528 
2, -100.695335, 0.568978, 16275, 176.055493 
3, -94.779445, 0.567043, 16901, 189.680698 
4, -81.956625, 0.649316, 17527, 212.845363 
5, -78.839061, 0.641190, 18153, 225.826123 
6, -63.745322, 0.575845, 21283, 332.708299 
7, -13.659595, 0.555869, 23787, 415.088480 
8, -11.152021, 0.500123, 31925, 887.480097 
9, 5.484335, 0.546313, 43819, 2018.475035 
10, 22.767098, 0.512534, 45697, 2166.293026 
11, 23.967379, 0.492136, 46323, 2257.679324 
12, 66.103091, 0.519010, 47575, 2335.665446 
13, 76.561886, 0.489447, 50079, 2721.658297 
14, 80.987714, 0.462462, 55713, 3694.048618 
15, 81.033273, 0.478954, 63225, 4812.598399 
16, 81.033273, 0.489551, 75745, 7200.669756 
