1, -545.773247, 0.000000, 625, 0.254245 
1, -248.579277, 0.459040, 3755, 16.638379 
2, -144.615734, 0.477356, 4381, 18.511701 
3, -137.802258, 0.522810, 6885, 44.144823 
4, -127.522167, 0.557856, 8763, 56.004322 
5, -101.360833, 0.602213, 10641, 76.238526 
6, -95.821546, 0.591556, 11267, 83.829929 
7, -80.294145, 0.575523, 11893, 95.007786 
8, -77.447306, 0.556804, 33177, 779.803747 
9, -73.294714, 0.533920, 60721, 2533.732081 
10, -30.737979, 0.650213, 61347, 2611.692625 
11, -5.751113, 0.647380, 62599, 2855.082029 
12, 4.781542, 0.617692, 75745, 5276.459576 
13, 12.341053, 0.611495, 79501, 5995.385597 
14, 57.147596, 0.613277, 80753, 6349.988315 
15, 57.147596, 0.603817, 84509, 7200.932585 
