1, -537.669637, 0.000000, 625, 0.314137 
1, -527.773424, 0.738149, 1877, 3.795533 
2, -492.203201, 0.692456, 2503, 5.184437 
3, -135.344043, 0.733719, 3755, 10.679182 
4, -114.675600, 0.622739, 10015, 121.367037 
5, -102.011828, 0.620900, 11267, 174.011959 
6, -101.187151, 0.587429, 12519, 192.835082 
7, -85.793757, 0.576456, 13145, 213.816473 
8, -67.143530, 0.539540, 15023, 279.081771 
9, -63.356506, 0.439566, 26291, 969.725988 
10, -52.070423, 0.508280, 63225, 5111.527291 
11, -45.199541, 0.499939, 65103, 5405.316059 
12, -39.268028, 0.465144, 78249, 7163.621654 
13, -39.268028, 0.465937, 78249, 7200.794524 
