1, -138.163689, 0.000000, 625, 0.148467 
1, -108.815784, 0.567322, 3129, 10.759274 
2, -106.677114, 0.602510, 5007, 23.628544 
3, -100.199559, 0.505648, 71363, 3358.034280 
4, -90.049027, 0.502111, 74493, 3727.710757 
5, -86.399684, 0.568351, 78875, 4331.657349 
6, -81.673994, 0.568450, 79501, 4406.694076 
7, -60.370676, 0.638889, 80753, 4528.748681 
8, -59.607976, 0.618613, 87013, 5177.437443 
9, -51.922403, 0.585221, 93273, 5889.488209 
10, -28.550821, 0.745726, 93899, 5983.171715 
11, -16.819115, 0.716451, 95151, 6160.690490 
12, -16.819115, 0.582659, 102037, 7200.019688 
