1, -827.505314, 0.000000, 625, 0.723793 
1, -813.812306, 0.663462, 1251, 2.637505 
2, -730.427871, 0.547804, 1877, 4.258808 
3, -659.853234, 0.728840, 2503, 6.118054 
4, -513.503880, 0.807531, 3129, 11.625494 
5, -496.702181, 0.735263, 4381, 22.111744 
6, -200.042232, 0.737207, 6259, 41.074531 
7, -152.227753, 0.642366, 6885, 44.571994 
8, -111.484711, 0.636122, 7511, 49.518405 
9, -110.595292, 0.574316, 9389, 70.235484 
10, -107.802379, 0.543837, 12519, 117.369507 
11, -105.017576, 0.555393, 14397, 152.854354 
12, -90.188904, 0.584694, 40063, 805.691682 
13, -83.870667, 0.577781, 42567, 970.353724 
14, -49.089542, 0.611899, 49453, 1423.887421 
15, -5.413112, 0.607519, 51957, 1570.922967 
16, 25.530789, 0.632482, 63225, 2690.926269 
17, 67.201399, 0.626756, 65729, 3018.652096 
18, 67.201399, 0.601873, 88265, 7201.652865 
