1, -802.307470, 0.000000, 625, 0.569077 
1, -578.004330, 0.511261, 1877, 3.417005 
2, -431.874767, 0.586031, 3129, 7.977631 
3, -137.742276, 0.630137, 5007, 18.513398 
4, -114.007515, 0.754286, 8763, 49.903509 
5, -86.136187, 0.689167, 22535, 443.260809 
6, -72.786185, 0.681606, 23161, 453.864161 
7, -53.717445, 0.669214, 23787, 477.507946 
8, -38.607024, 0.663390, 25039, 514.804341 
9, -36.755721, 0.578470, 38185, 1202.367284 
10, -33.264213, 0.551406, 46323, 1770.580770 
11, -30.748983, 0.474850, 84509, 5874.281610 
12, -22.635471, 0.473035, 92021, 6950.701412 
13, -22.635471, 0.491514, 93273, 7200.380382 
