1, 0.379807, 0, 0.027750 
2, 0.382077, -1068.186720, 625, 2.749464 
3, 0.396836, -908.200223, 1250, 3.830307 
4, 0.416631, -680.740559, 1875, 4.720274 
5, 0.514049, -345.913039, 2500, 59.673266 
6, 0.515822, -363.320281, 3125, 60.839730 
7, 0.634383, -307.208157, 3750, 62.158531 
8, 0.635732, -259.990824, 4375, 78.614393 
9, 0.636299, -316.143487, 5000, 79.405214 
10, 0.661487, -840.367913, 5625, 105.815003 
11, 0.663758, -999.351020, 6250, 327.440099 
12, 0.663970, -800.142505, 6875, 566.827230 
13, 0.664609, -906.838761, 7500, 919.551154 
14, 0.669008, -432.396906, 8125, 2639.582791 
15, 0.669150, -388.460327, 8750, 2645.547139 
16, 0.672130, -391.509067, 9375, 2899.037896 
17, 0.672201, -452.572231, 10000, 2951.278077 
18, 0.673762, -498.629041, 10625, 3050.028841 
19, 0.674117, -438.724538, 11250, 3208.775534 
20, 0.674755, -384.050766, 11875, 3512.845208 
21, 0.674826, -350.621577, 12500, 3707.396698 
22, 0.675181, -431.941307, 13125, 4759.229419 
23, 0.675181, -511.627291, 13750, 6600.347410 
