1, 0.389434, 0, 0.096028 
2, 0.430846, -478.262598, 625, 1.045722 
3, 0.525491, -335.452073, 1250, 10.774078 
4, 0.527099, -612.037606, 1875, 13.654101 
5, 0.527179, -556.182662, 2500, 25.430609 
6, 0.528385, -537.976897, 3125, 27.398711 
7, 0.530637, -588.591609, 3750, 30.754967 
8, 0.538356, -684.480980, 4375, 33.203391 
9, 0.614506, -467.456937, 5000, 89.204828 
10, 0.620055, -521.490172, 5625, 90.155829 
11, 0.624156, -486.581211, 6250, 91.615198 
12, 0.625844, -823.111176, 6875, 93.827862 
13, 0.628498, -767.245739, 7500, 95.231900 
14, 0.628900, -771.284136, 8125, 96.565606 
15, 0.633966, -731.501313, 8750, 104.941331 
16, 0.635333, -760.525794, 9375, 107.039575 
17, 0.637424, -964.042451, 10000, 114.045607 
18, 0.643052, -319.134169, 10625, 355.541817 
19, 0.649727, -349.568905, 11250, 358.607223 
20, 0.655516, -657.531633, 11875, 818.867121 
21, 0.655838, -684.784700, 12500, 838.896411 
22, 0.656481, -670.836455, 13125, 1371.388267 
23, 0.657687, -686.018399, 13750, 1525.393646 
24, 0.658652, -583.122943, 14375, 1961.911366 
25, 0.658733, -580.765534, 15000, 3442.961135 
26, 0.660261, -555.048800, 15625, 3660.958867 
27, 0.662432, -548.138246, 16250, 4930.982576 
28, 0.663799, -543.284978, 16875, 4933.273468 
29, 0.663959, -573.874349, 17500, 5226.092071 
30, 0.665326, -564.640058, 18125, 5992.105658 
31, 0.665889, -549.604569, 18750, 5994.273582 
32, 0.665889, -561.913984, 19375, 6600.136369 
