1, 0.140238, 0, 0.058998 
2, 0.366436, -559.571362, 625, 0.074287 
3, 0.644821, -984.601015, 1250, 2.049183 
4, 0.644902, -762.664891, 1875, 209.332149 
5, 0.646751, -749.234964, 2500, 344.052380 
6, 0.648279, -1107.771058, 3125, 361.293002 
7, 0.650852, -792.021593, 3750, 399.045961 
8, 0.652943, -901.907681, 4375, 1286.205228 
9, 0.653265, -825.534275, 5000, 1749.841400 
10, 0.653345, -940.219609, 5625, 2065.587174 
11, 0.653908, -772.093029, 6250, 2267.540044 
12, 0.654390, -722.188448, 6875, 3000.646097 
13, 0.654551, -856.209316, 7500, 3644.232773 
14, 0.655114, -293.469239, 8125, 3759.828858 
15, 0.655999, -311.234430, 8750, 3764.685979 
16, 0.656722, -317.003315, 9375, 3773.925202 
17, 0.656883, -307.503324, 10000, 3782.146416 
18, 0.656964, -283.600800, 10625, 3783.848324 
19, 0.657607, -370.154008, 11250, 3790.484677 
20, 0.657768, -389.810872, 11875, 3807.619537 
21, 0.658089, -420.111153, 12500, 3809.583737 
22, 0.658894, -367.028807, 13125, 3831.601134 
23, 0.658974, -418.647991, 13750, 3833.997296 
24, 0.659054, -361.722052, 14375, 4223.005965 
25, 0.662030, -341.534404, 15000, 4442.268610 
26, 0.662271, -337.405395, 15625, 4564.335424 
27, 0.662673, -289.001072, 16250, 4565.863935 
28, 0.662914, -370.776877, 16875, 5348.763233 
29, 0.663155, -394.694688, 17500, 5479.453511 
30, 0.663638, -387.293489, 18125, 5615.547731 
31, 0.663959, -351.897826, 18750, 6240.526119 
32, 0.665246, -365.021045, 19375, 6306.146135 
33, 0.666050, -357.642664, 20000, 6371.822595 
34, 0.666050, -298.842412, 20625, 6600.257521 
