1, 0.468195, 0, 0.281095 
2, 0.514361, -790.604396, 625, 15.717078 
3, 0.534209, -780.879417, 1250, 17.172625 
4, 0.564287, -714.094326, 1875, 18.897382 
5, 0.626418, -354.567036, 2500, 37.650211 
6, 0.628328, -444.460658, 3125, 55.302899 
7, 0.629438, -498.516856, 3750, 1771.483886 
8, 0.630424, -662.376675, 4375, 1882.979449 
9, 0.632705, -646.560067, 5000, 1883.792765 
10, 0.633691, -596.935457, 5625, 2067.925128 
11, 0.634246, -644.083258, 6250, 2193.810273 
12, 0.634615, -686.276518, 6875, 2194.615194 
13, 0.636218, -670.379094, 7500, 2195.490059 
14, 0.636588, -655.546706, 8125, 2695.881387 
15, 0.636834, -670.812385, 8750, 3116.075608 
16, 0.638375, -671.069984, 9375, 3118.800027 
17, 0.638622, -680.776671, 10000, 3122.390925 
18, 0.639300, -669.175161, 10625, 3326.212415 
19, 0.639793, -657.624190, 11250, 3454.875793 
20, 0.640163, -664.056400, 11875, 4678.378059 
21, 0.640163, -671.667905, 12500, 6600.057705 
