1, 0.125656, 0, 0.129753 
2, 0.596779, -806.664877, 625, 1.998392 
3, 0.637647, -879.098308, 1250, 3.143306 
4, 0.637718, -762.414695, 1875, 36.142953 
5, 0.655101, -282.593342, 2500, 97.848045 
6, 0.658365, -672.952915, 3125, 108.494610 
7, 0.658507, -744.517934, 3750, 110.606199 
8, 0.658791, -651.618725, 4375, 113.858977 
9, 0.661487, -817.868742, 5000, 299.816745 
10, 0.662622, -955.019045, 5625, 2477.099462 
11, 0.662977, -850.218058, 6250, 3112.297811 
12, 0.663474, -692.663281, 6875, 3540.890172 
13, 0.668866, -828.009603, 7500, 4767.543670 
14, 0.670640, -752.441885, 8125, 5447.547909 
15, 0.670924, -1016.779730, 8750, 5533.457586 
16, 0.671137, -1118.130578, 9375, 5613.805043 
17, 0.671775, -928.055456, 10000, 5847.600449 
18, 0.672414, -859.918170, 10625, 5849.047883 
19, 0.675465, -1104.495804, 11250, 6138.861649 
20, 0.676955, -978.001637, 11875, 6357.991993 
21, 0.677380, -838.079490, 12500, 6394.563555 
22, 0.677380, -868.955462, 13125, 6600.059091 
