1, 0.451951, 0, 0.065747 
2, 0.457828, -696.455911, 625, 15.669275 
3, 0.458919, -659.931150, 1250, 16.152391 
4, 0.459101, -674.092855, 1875, 61.485131 
5, 0.515875, -914.796016, 2500, 204.088482 
6, 0.597916, -882.965068, 3125, 206.293355 
7, 0.605853, -850.730264, 3750, 217.441997 
8, 0.605914, -909.433404, 4375, 218.649891 
9, 0.607671, -896.242494, 5000, 219.719720 
10, 0.616941, -689.295990, 5625, 221.725217 
11, 0.627848, -366.447916, 6250, 268.403308 
12, 0.635725, -344.589560, 6875, 275.396562 
13, 0.636149, -319.960950, 7500, 277.203998 
14, 0.637482, -799.817875, 8125, 569.611906 
15, 0.637542, -743.737064, 8750, 728.959959 
16, 0.637603, -797.342001, 9375, 1840.354550 
17, 0.637664, -777.937108, 10000, 2390.608836 
18, 0.637785, -754.224021, 10625, 2802.279119 
19, 0.638027, -758.288765, 11250, 3537.717955 
20, 0.638088, -744.559532, 11875, 3997.223196 
21, 0.643177, -672.981909, 12500, 5529.986751 
22, 0.643177, -649.620682, 13125, 6600.135909 
