1, 0.389434, 0, 0.400679 
2, 0.404230, -402.812569, 625, 5.437883 
3, 0.515680, -190.683594, 1250, 18.993176 
4, 0.567305, -345.905337, 1875, 19.761873 
5, 0.635092, -885.535086, 2500, 21.643115 
6, 0.636459, -506.429699, 3125, 96.042802 
7, 0.639273, -534.436663, 3750, 99.836726 
8, 0.639514, -543.423849, 4375, 102.025616 
9, 0.643052, -838.176639, 5000, 117.037894 
10, 0.647314, -353.871809, 5625, 183.924427 
11, 0.647475, -459.052744, 6250, 342.534566 
12, 0.647636, -459.023476, 6875, 343.547872 
13, 0.651013, -447.119287, 7500, 346.127470 
14, 0.651496, -454.356539, 8125, 467.261727 
15, 0.652943, -343.725668, 8750, 472.834565 
16, 0.653265, -316.611729, 9375, 474.756852 
17, 0.653345, -351.639995, 10000, 586.750946 
18, 0.653426, -334.841013, 10625, 635.110263 
19, 0.656964, -645.694501, 11250, 636.359332 
20, 0.659376, -339.672024, 11875, 1360.815083 
21, 0.662512, -625.896387, 12500, 1508.784335 
22, 0.663075, -636.298477, 13125, 1509.423707 
23, 0.666372, -638.797440, 13750, 1984.097690 
24, 0.666854, -607.330765, 14375, 2318.787446 
25, 0.666935, -609.239831, 15000, 2374.460161 
26, 0.667578, -611.449589, 15625, 2445.957955 
27, 0.668704, -618.638854, 16250, 2470.557041 
28, 0.669025, -624.554508, 16875, 2544.500494 
29, 0.670794, -653.638797, 17500, 2611.256916 
30, 0.670955, -617.144686, 18125, 2927.402840 
31, 0.670955, -661.130232, 18750, 6600.202968 
