1, 0.451951, 0, 0.103233 
2, 0.456374, -631.010841, 625, 22.391083 
3, 0.494789, -663.019569, 1250, 30.391925 
4, 0.600824, -648.411868, 1875, 34.067985 
5, 0.601854, -311.245340, 2500, 44.526445 
6, 0.602096, -659.134932, 3125, 48.950227 
7, 0.602824, -629.019830, 3750, 60.179860 
8, 0.615608, -695.474849, 4375, 138.308477 
9, 0.618093, -670.655124, 5000, 148.221027 
10, 0.618153, -826.120372, 5625, 150.405658 
11, 0.618396, -664.113235, 6250, 211.555552 
12, 0.619607, -360.293257, 6875, 236.567056 
13, 0.627060, -436.119661, 7500, 248.331864 
14, 0.627424, -418.156646, 8125, 343.241700 
15, 0.628333, -430.579178, 8750, 347.293911 
16, 0.631665, -331.895147, 9375, 385.951822 
17, 0.635846, -685.200534, 10000, 405.332214 
18, 0.636088, -643.766124, 10625, 575.886369 
19, 0.636755, -659.172875, 11250, 583.366611 
20, 0.637664, -674.373010, 11875, 594.362004 
21, 0.637785, -637.882082, 12500, 1021.403078 
22, 0.639057, -663.208143, 13125, 1115.228448 
23, 0.642935, -633.963975, 13750, 1150.175315 
24, 0.644147, -668.650171, 14375, 1764.183603 
25, 0.644389, -641.464935, 15000, 1906.338719 
26, 0.645298, -743.244920, 15625, 2487.763929 
27, 0.646086, -338.967514, 16250, 2488.834790 
28, 0.646328, -498.781238, 16875, 2593.159153 
29, 0.646328, -449.829732, 17500, 6600.051129 
