0, -1354.741104, 0.000000, 100, 5.152732 
1, -1297.910093, -0.027404, 300, 145.242977 
2, -1168.403557, -0.056642, 501, 232.047569 
3, -1119.741834, -0.026758, 2511, 1884.540527 
4, -1057.591972, -0.020389, 6933, 5480.615564 
5, -1056.309814, -0.020274, 7134, 5650.705434 
6, -1040.978632, -0.019873, 7536, 6037.556406 
7, -1010.461839, -0.019401, 7938, 6393.101545 
8, -993.708480, -0.018670, 8541, 7092.534782 
9, -993.708480, -0.018379, 8542, 7202.632651 
0, -1272.376631, 0.000000, 100, 1.704580 
1, -1269.632451, -0.021535, 930, 397.303232 
2, -875.352026, -0.013409, 1350, 752.252620 
