1, -125.755152, 0.578947, 1251, 2.503677 
2, -110.589072, 0.342923, 3129, 9.659663 
3, -48.589218, 0.595923, 10015, 70.387794 
4, -47.596285, 0.537248, 16901, 165.030792 
5, -47.288539, 0.537155, 18779, 214.158529 
6, -41.345995, 0.505902, 32551, 629.161722 
7, -35.168175, 0.488282, 58843, 1986.702960 
8, -5.368297, 0.550232, 95777, 5241.811102 
9, -4.292084, 0.549789, 97029, 5320.554748 
10, 1.823316, 0.528140, 100159, 5709.745863 
11, 5.124684, 0.527931, 105793, 6295.492091 
12, 5.124684, 0.528074, 112053, 7200.459606 
