1, -358.424801, 0.507075, 1877, 4.844056 
2, -316.916191, 0.583668, 3129, 8.672460 
3, -196.311070, 0.578531, 4381, 11.959025 
4, -135.284369, 0.531725, 6259, 20.782798 
5, -128.253843, 0.501989, 7511, 25.602101 
6, -109.717441, 0.478528, 9389, 39.408580 
7, -105.015010, 0.516949, 10015, 44.907457 
8, -100.395122, 0.502497, 10641, 55.504317 
9, -43.120590, 0.603763, 11893, 82.684886 
10, -35.356388, 0.575556, 13145, 112.295809 
11, -26.198246, 0.571165, 15023, 159.405792 
12, -24.451768, 0.547204, 16275, 246.783900 
13, -1.507765, 0.491991, 26917, 815.776573 
14, 3.462759, 0.472681, 61347, 4950.844397 
15, 3.462759, 0.474554, 77623, 7200.069665 
