1, -111.380444, 0.504630, 3129, 8.007743 
2, -110.602480, 0.465181, 3755, 10.876393 
3, -109.640275, 0.551373, 5633, 24.352407 
4, -99.189059, 0.555634, 8137, 44.880599 
5, -94.580525, 0.605198, 14397, 128.614698 
6, -59.088164, 0.617367, 15023, 140.736945 
7, -40.893900, 0.610667, 15649, 160.951042 
8, -33.913498, 0.560996, 25665, 392.538356 
9, 29.224116, 0.768303, 31299, 608.788540 
10, 49.494384, 0.758195, 32551, 723.669618 
11, 85.432984, 0.748632, 33177, 798.656827 
12, 91.953947, 0.580469, 41941, 2055.251058 
13, 91.953947, 0.530779, 60721, 7201.213585 
