1, -334.420095, 0.628655, 1251, 1.820385 
2, -295.378974, 0.565581, 5007, 16.364033 
3, -258.254805, 0.490607, 7511, 41.837978 
4, -256.574183, 0.530802, 9389, 78.134351 
5, -251.798873, 0.499073, 10015, 86.882544 
6, -227.017027, 0.471103, 13145, 182.395798 
7, -216.466445, 0.456254, 14397, 236.000085 
8, -216.320240, 0.396987, 20031, 566.667144 
9, -125.003347, 0.456698, 21283, 613.373308 
10, -122.589918, 0.454658, 22535, 653.016475 
11, -122.257635, 0.422597, 30673, 1016.163941 
12, -120.284690, 0.422496, 33177, 1094.062525 
13, -119.787125, 0.422935, 40063, 1496.182070 
14, -115.360116, 0.440789, 48201, 2026.885266 
15, -115.078656, 0.434722, 50079, 2229.889762 
16, -107.672889, 0.518513, 57591, 2787.683005 
17, -103.935295, 0.506320, 59469, 2921.854030 
18, -100.002584, 0.512815, 61347, 3113.919601 
19, -90.243194, 0.516017, 63225, 3267.943279 
20, -46.677436, 0.516161, 71989, 4089.146777 
21, -41.649497, 0.584077, 76997, 4713.182944 
22, -21.289022, 0.581998, 77623, 4771.713846 
23, -2.855305, 0.580951, 78249, 4887.909451 
24, 5.271513, 0.567909, 82631, 5738.852041 
25, 5.271513, 0.528376, 88265, 7201.717131 
