1, -908.609279, 0.605263, 1251, 2.172476 
2, -808.996682, 0.488208, 1877, 3.698043 
3, -304.090072, 0.646368, 3755, 11.328635 
4, -125.012885, 0.688601, 5007, 20.024273 
5, -122.738616, 0.625833, 6259, 31.039856 
6, -112.626474, 0.516385, 17527, 217.538537 
7, -110.798022, 0.503631, 18779, 231.641249 
8, -109.671637, 0.485818, 20031, 243.420482 
9, -108.605806, 0.486154, 24413, 329.924061 
10, -105.037932, 0.481420, 26917, 385.370143 
11, -27.297587, 0.720623, 36933, 662.660645 
12, -26.009765, 0.717191, 37559, 686.664656 
13, -25.038159, 0.707305, 38811, 721.082937 
14, -1.770994, 0.700328, 39437, 759.275495 
15, 9.867718, 0.607607, 66355, 2213.087650 
16, 9.867718, 0.569103, 113305, 7200.344579 
