1, -561.495713, 0.473480, 3755, 9.542960 
2, -479.309067, 0.655100, 5007, 17.681664 
3, -405.409912, 0.556911, 5633, 21.097594 
4, -116.007498, 0.604327, 6259, 30.498535 
5, -114.703285, 0.561871, 8763, 59.158248 
6, -111.009171, 0.545713, 9389, 64.425845 
7, -101.948901, 0.623899, 10015, 80.362001 
8, -92.437203, 0.521461, 17527, 384.620304 
9, -87.713327, 0.505560, 42567, 2434.166673 
10, -84.928744, 0.496928, 46323, 2949.459324 
11, -83.959012, 0.495777, 46949, 3054.931495 
12, -70.052450, 0.510452, 47575, 3148.975620 
13, -69.646361, 0.497975, 51957, 4050.894091 
14, -57.596267, 0.493938, 52583, 4121.576032 
15, -50.671995, 0.491751, 55087, 4446.790802 
16, -48.745449, 0.500596, 67607, 6481.493921 
17, -40.467365, 0.502863, 68233, 6543.776634 
18, -11.747071, 0.500363, 70111, 7130.245698 
19, -11.747071, 0.499910, 70111, 7200.184904 
