1, -184.963691, 0.610000, 1877, 2.902735 
2, -130.984392, 0.460477, 8137, 43.456821 
3, -128.798464, 0.449425, 8763, 47.354230 
4, -126.683042, 0.500996, 11267, 65.269365 
5, -126.619803, 0.495316, 40689, 830.699858 
6, -125.234966, 0.479109, 50705, 1647.620245 
7, 23.536984, 0.573875, 53209, 1844.723702 
8, 24.337297, 0.567630, 56339, 2179.681513 
9, 27.478013, 0.567942, 56965, 2210.514616 
10, 34.175848, 0.566126, 59469, 2339.422809 
11, 44.588026, 0.566341, 60095, 2389.610990 
12, 56.630501, 0.534979, 68233, 3085.891622 
13, 96.671805, 0.643760, 85761, 5409.006799 
14, 105.721578, 0.642962, 86387, 5773.411527 
15, 113.302591, 0.618869, 87013, 5834.522854 
16, 126.636290, 0.524956, 93899, 7201.674050 
