1, -703.350625, 0.472868, 2503, 4.614687 
2, -166.247508, 0.510888, 3129, 5.289520 
3, -162.684361, 0.465816, 6259, 18.974800 
4, -132.345357, 0.468883, 8137, 31.689943 
5, -127.837399, 0.438436, 9389, 39.341297 
6, -127.578424, 0.519962, 12519, 67.888984 
7, -122.863216, 0.494759, 15023, 93.048675 
8, -122.304485, 0.612161, 26291, 283.334604 
9, -117.273882, 0.506865, 31925, 571.047812 
10, -110.198767, 0.502815, 32551, 590.074231 
11, -101.910004, 0.477010, 35681, 727.012762 
12, -101.209853, 0.442587, 41941, 1039.672435 
13, -98.900486, 0.435213, 44445, 1214.592364 
14, -52.056676, 0.542362, 52583, 1789.007992 
15, -40.226018, 0.543049, 54461, 2175.292115 
16, -26.919632, 0.538239, 56339, 2529.831532 
17, -15.833531, 0.531709, 58217, 2938.888803 
18, -2.035834, 0.495921, 71989, 5694.140649 
19, 7.930189, 0.488440, 76371, 6315.058681 
20, 7.930189, 0.524973, 80753, 7201.160737 
