1, -320.880762, 0.631579, 1251, 1.534646 
2, -292.177236, 0.533854, 3129, 7.885100 
3, -129.287185, 0.576401, 6259, 18.834592 
4, -118.732719, 0.509867, 18779, 150.902069 
5, -104.488980, 0.502210, 19405, 156.040700 
6, -103.889220, 0.505940, 30673, 376.693186 
7, -93.330734, 0.472389, 33803, 481.989567 
8, -9.439046, 0.559137, 67607, 1895.557864 
9, 1.462984, 0.541266, 71363, 2380.206285 
10, 2.252465, 0.523208, 76371, 2964.264591 
11, 19.487084, 0.521307, 77623, 3124.480248 
12, 25.206940, 0.482671, 92021, 5182.703603 
13, 25.206940, 0.528535, 102663, 7200.168580 
