1, -113.035773, 0.511080, 3755, 8.061333 
2, -111.317398, 0.481540, 15649, 94.351497 
3, -111.245030, 0.497170, 20657, 177.100699 
4, -110.836061, 0.507302, 23787, 217.973554 
5, -109.593394, 0.518658, 27543, 330.677377 
6, -96.204172, 0.553165, 29421, 361.447818 
7, -78.637006, 0.547058, 30673, 386.752451 
8, -68.685328, 0.696680, 35681, 547.243273 
9, -67.450950, 0.436344, 53209, 1795.927710 
10, -60.347373, 0.394554, 80753, 5237.638509 
11, -53.576892, 0.404902, 85135, 5976.322489 
12, -45.157385, 0.405981, 88265, 6344.867907 
13, -39.305674, 0.408898, 93899, 7066.122097 
14, -39.305674, 0.411160, 95151, 7200.238322 
