1, -112.440288, 0.423800, 10015, 50.029279 
2, -109.425498, 0.531419, 23787, 280.331214 
3, -108.997405, 0.522594, 24413, 305.448176 
4, -108.912211, 0.513958, 25039, 331.750062 
5, -103.274484, 0.501519, 26291, 363.710640 
6, -101.222396, 0.509594, 31925, 537.924464 
7, -97.889264, 0.487109, 36307, 695.959677 
8, -92.380831, 0.498231, 39437, 826.879531 
9, -84.867928, 0.530264, 103289, 5895.738664 
10, -78.339063, 0.532869, 104541, 6012.573641 
11, -76.879076, 0.534019, 107045, 6314.921329 
12, -72.599015, 0.529458, 108297, 6465.498518 
13, -72.599015, 0.514718, 113305, 7200.486477 
