1, -117.569728, 0.545045, 18779, 174.800681 
2, -109.642169, 0.536657, 19405, 188.815158 
3, -106.978787, 0.565563, 45071, 1287.413278 
4, -105.176604, 0.556003, 48201, 1458.138032 
5, -98.265381, 0.611032, 68859, 3076.663287 
6, -91.797259, 0.689899, 70737, 3256.339719 
7, -91.021890, 0.685018, 71363, 3324.955513 
8, -78.747202, 0.680690, 71989, 3361.704550 
9, -33.651675, 0.665337, 75119, 3706.209465 
10, -26.599034, 0.661713, 78875, 4042.227959 
11, -20.417581, 0.656927, 81379, 4260.580055 
12, -17.067389, 0.598805, 102037, 5931.069203 
13, -17.067389, 0.621247, 111427, 7200.295114 
