1, -782.677614, 0.643275, 1251, 1.758797 
2, -609.403814, 0.630769, 1877, 3.403007 
3, -474.327853, 0.539100, 4381, 12.819206 
4, -376.600388, 0.538685, 5633, 17.920318 
5, -181.939950, 0.561197, 6259, 20.875098 
6, -120.968363, 0.519943, 8763, 46.570792 
7, -116.249781, 0.502685, 9389, 50.713455 
8, -110.809587, 0.487379, 10015, 53.547404 
9, -110.751624, 0.497017, 18779, 146.612376 
10, -110.536313, 0.514466, 20657, 172.538085 
11, -109.221782, 0.518507, 22535, 186.515021 
12, -99.136421, 0.539660, 25039, 223.256694 
13, -88.197899, 0.551831, 26917, 290.340639 
14, -82.551672, 0.523283, 27543, 320.065004 
15, -63.343735, 0.475567, 28795, 391.386941 
16, -45.034384, 0.441767, 57591, 2920.618020 
17, -32.405784, 0.441999, 68233, 4855.101123 
18, -32.405784, 0.433520, 78249, 7200.590880 
