0, -1344.210093, 0.000000, 101, 2.333525 
1, -1029.400687, -0.049951, 302, 193.188796 
0, -1344.210093, 0.000000, 101, 2.401822 
1, -1029.400687, -0.049951, 302, 196.913795 
2, -583.650850, -0.043475, 403, 333.744904 
3, -582.718496, -0.040808, 504, 408.826408 
0, -1761.918538, 0.000000, 101, 2.825198 
1, -1584.184184, -0.049954, 201, 156.995895 
2, -1302.619676, -0.053277, 302, 222.918946 
3, -1221.631248, -0.052303, 403, 293.893603 
4, -1136.492331, -0.049234, 504, 375.985167 
5, -1070.010418, -0.034130, 908, 713.440517 
6, -915.147156, -0.033820, 1009, 780.023748 
