1, -647.467577, 0.577982, 1251, 2.707809 
2, -587.203813, 0.622485, 1877, 5.216032 
3, -513.934308, 0.547619, 3129, 9.638846 
4, -462.442603, 0.584488, 3755, 12.284765 
5, -401.256746, 0.552768, 4381, 17.750637 
6, -110.978144, 0.643847, 5007, 19.120865 
7, -105.909937, 0.620449, 5633, 20.718832 
8, -42.594075, 0.671852, 88265, 3475.066976 
9, -38.957560, 0.670526, 88891, 3524.787206 
10, -34.982499, 0.667237, 90769, 3633.275852 
11, -32.843403, 0.664160, 92647, 3840.516000 
12, -11.576603, 0.727488, 111427, 5552.678581 
13, 24.924049, 0.722915, 112053, 5583.908368 
14, 25.330736, 0.720897, 112679, 5638.761197 
15, 34.196328, 0.711905, 113931, 5886.044859 
16, 34.196328, 0.661619, 118939, 7200.473680 
