1, -201.419058, 0.500655, 1251, 1.513764 
2, -196.782034, 0.466993, 1877, 3.876841 
3, -174.418782, 0.544788, 5007, 19.439921 
4, -168.800381, 0.526559, 5633, 22.635023 
5, -143.532200, 0.526480, 7511, 37.829660 
6, -133.368586, 0.493946, 10641, 62.389441 
7, -133.265870, 0.502601, 22535, 235.255566 
8, -130.642690, 0.482730, 31925, 521.763897 
9, -107.686737, 0.641656, 41315, 792.173959 
10, -97.833231, 0.636446, 41941, 802.352018 
11, -88.993053, 0.627440, 43819, 923.363642 
12, -75.845594, 0.621555, 46949, 1097.890067 
13, -58.204930, 0.653705, 69485, 2489.486082 
14, -43.154601, 0.659879, 70111, 2543.094852 
15, -10.490555, 0.665364, 71363, 2741.007864 
16, 16.456739, 0.550931, 87639, 6751.818247 
17, 16.456739, 0.543926, 88891, 7200.180399 
