1, -337.047965, 0.534731, 1251, 2.056165 
2, -109.990084, 0.498339, 2503, 6.295522 
3, -107.262774, 0.560458, 5007, 16.914159 
4, -104.867751, 0.491807, 21283, 255.847351 
5, -66.936550, 0.519124, 21909, 278.469684 
6, -57.285058, 0.535047, 25039, 332.347372 
7, -55.782247, 0.532270, 41315, 972.364234 
8, -51.992438, 0.562248, 44445, 1076.745531 
9, -51.052127, 0.572525, 51957, 1433.107716 
10, -45.332255, 0.578393, 52583, 1468.659549 
11, -42.697973, 0.568959, 55713, 1647.391567 
12, -41.255007, 0.558433, 58843, 1864.057768 
13, -41.057301, 0.554031, 63225, 2260.465129 
14, -30.478446, 0.553363, 64477, 2328.588437 
15, -28.677121, 0.525116, 100159, 5859.763127 
16, -28.677121, 0.533071, 110175, 7200.307187 
