1, -461.827226, 0.532710, 2503, 5.187875 
2, -110.269009, 0.575170, 3129, 7.827977 
3, -109.224650, 0.506009, 8137, 39.984070 
4, -107.508954, 0.515996, 12519, 86.371122 
5, -95.253891, 0.570107, 21909, 217.164385 
6, -90.831284, 0.472530, 38811, 792.248363 
7, -86.858796, 0.485894, 48827, 1354.525437 
8, -86.577149, 0.464927, 56339, 1870.031090 
9, -84.633128, 0.713197, 84509, 4457.535776 
10, -68.799781, 0.708917, 86387, 4572.256789 
11, -64.347241, 0.702775, 87639, 4650.092172 
12, -56.966551, 0.667664, 88891, 4746.631073 
13, -21.297581, 0.635496, 90769, 5015.111883 
14, -17.561966, 0.623670, 95777, 5538.055942 
15, -17.561966, 0.548910, 107671, 7200.744039 
