1, -514.050391, 0.439647, 3755, 9.236015 
2, -144.762635, 0.474067, 4381, 11.687116 
3, -130.246013, 0.441350, 5007, 13.278040 
4, -125.341957, 0.414422, 5633, 17.165486 
5, -123.038576, 0.414276, 7511, 26.790310 
6, -115.712537, 0.378815, 8763, 32.752495 
7, -111.382781, 0.542658, 9389, 34.515691 
8, -106.693013, 0.545813, 13771, 79.356646 
9, -99.459596, 0.579551, 37559, 607.835117 
10, -95.593802, 0.536376, 50705, 1086.428762 
11, -66.571021, 0.622750, 60095, 1597.240402 
12, -62.642133, 0.616297, 60721, 1623.538730 
13, -48.349493, 0.614012, 61347, 1672.149897 
14, -47.480664, 0.602098, 63851, 1971.124746 
15, -30.187297, 0.577202, 69485, 2508.649042 
16, -5.199699, 0.572584, 101411, 6805.891038 
17, -5.199699, 0.569181, 104541, 7200.160089 
