1, -365.341467, 0.498034, 1251, 3.313271 
2, -336.865784, 0.381910, 2503, 17.396725 
3, -258.301904, 0.436633, 3129, 18.940189 
4, -150.063686, 0.627907, 5007, 34.847997 
5, -149.454208, 0.572226, 5633, 41.053420 
6, -121.270492, 0.593669, 6885, 62.433837 
7, -117.049264, 0.553252, 8763, 106.561257 
8, -112.079843, 0.511675, 13771, 236.280059 
9, -108.714316, 0.520086, 16275, 302.113182 
10, -82.925241, 0.561513, 19405, 368.159294 
11, -76.331118, 0.553748, 20031, 399.226378 
12, -63.279490, 0.502045, 28795, 740.368118 
13, -62.159894, 0.497322, 32551, 888.828417 
14, -58.576494, 0.492031, 54461, 2219.085620 
15, -52.369103, 0.490002, 55713, 2348.613520 
16, -44.015384, 0.601039, 61973, 2830.200079 
17, -41.407017, 0.598367, 63225, 2965.668011 
18, -21.216260, 0.621280, 65729, 3156.321236 
19, 21.446006, 0.626745, 68859, 3510.223943 
20, 47.827644, 0.623323, 69485, 3711.667639 
21, 47.827644, 0.559772, 87639, 7201.312416 
