1, -123.917380, 0.478622, 1877, 3.243049 
2, -110.495446, 0.385621, 3755, 9.893925 
3, -108.076022, 0.562937, 21283, 199.389165 
4, -89.539868, 0.574090, 21909, 221.936815 
5, -81.323023, 0.571910, 23787, 315.619203 
6, -54.952098, 0.562697, 26291, 435.313321 
7, -30.992806, 0.602600, 44445, 2035.762562 
8, -26.764579, 0.583975, 50705, 2932.749937 
9, -25.237864, 0.585176, 53209, 3284.853640 
10, -22.911459, 0.580893, 58217, 4104.236043 
11, -16.824536, 0.576348, 64477, 5298.532043 
12, -2.884539, 0.576702, 66981, 5706.773653 
13, -2.884539, 0.596349, 73241, 7200.143334 
