1, -481.968846, 0.589063, 3755, 10.254643 
2, -394.792174, 0.580451, 4381, 13.858659 
3, -124.691450, 0.596127, 5633, 22.295085 
4, -116.537250, 0.534502, 8763, 48.985867 
5, -106.253118, 0.498067, 17527, 125.810896 
6, -83.726215, 0.577404, 26291, 318.214100 
7, -82.706010, 0.569432, 26917, 349.147716 
8, -82.086600, 0.544620, 29421, 475.129972 
9, -81.439325, 0.532304, 30673, 516.963324 
10, -75.456525, 0.523628, 33803, 649.008882 
11, -73.155247, 0.490637, 57591, 2466.790341 
12, -72.659904, 0.501629, 61347, 2752.852646 
13, -72.659904, 0.622130, 101411, 7201.632216 
