1, -666.840006, 0.581913, 1251, 2.371897 
2, -110.127921, 0.588991, 2503, 7.725607 
3, -106.724521, 0.529322, 4381, 15.751485 
4, -71.369384, 0.518163, 39437, 675.236618 
5, -66.278542, 0.496764, 46323, 942.097351 
6, -63.939657, 0.470697, 60095, 1562.438085 
7, -63.919255, 0.444620, 71363, 2465.707968 
8, -61.101456, 0.605479, 99533, 4914.847367 
9, -45.949680, 0.620739, 100785, 5089.448549 
10, -42.660105, 0.610177, 103915, 5458.492898 
11, -18.186344, 0.608452, 104541, 5507.252106 
12, -18.186344, 0.573841, 116435, 7200.383710 
