1, -278.747644, 0.412844, 1251, 1.685215 
2, -112.929502, 0.533575, 3129, 8.849542 
3, -111.165298, 0.513445, 3755, 10.427582 
4, -109.247089, 0.509777, 5633, 19.046822 
5, -108.448816, 0.504673, 8137, 38.299559 
6, -107.149289, 0.491980, 19405, 149.900869 
7, -105.959804, 0.504396, 35055, 483.494849 
8, -101.389036, 0.533658, 49453, 928.053931 
9, -101.175444, 0.533926, 51331, 1001.981708 
10, -100.133253, 0.531686, 51957, 1040.505328 
11, -99.510785, 0.524267, 53835, 1144.664930 
12, -98.871140, 0.524519, 55087, 1252.443550 
13, -92.417405, 0.520588, 58843, 1401.712759 
14, -79.262113, 0.567890, 60095, 1449.912021 
15, -78.726490, 0.563187, 61347, 1515.370878 
16, -74.782968, 0.552080, 64477, 1685.225466 
17, -72.205223, 0.547952, 65729, 1730.168505 
18, -71.196640, 0.539642, 80753, 2826.880405 
19, -61.421078, 0.565750, 90769, 3805.447850 
20, -57.662036, 0.561944, 92647, 3931.201949 
21, -54.468098, 0.560932, 93273, 4004.482997 
22, -54.101584, 0.554662, 101411, 4783.879348 
23, -50.333523, 0.547582, 105793, 5161.186915 
24, -50.333523, 0.538700, 123321, 7200.088021 
