1, -301.229164, 0.437746, 1251, 1.973964 
2, -112.960295, 0.480271, 1877, 3.483260 
3, -108.097987, 0.521605, 2503, 6.304074 
4, -83.334933, 0.530790, 8137, 71.515935 
5, -80.116328, 0.529412, 8763, 88.108865 
6, -79.805903, 0.499548, 10641, 130.204522 
7, -77.513502, 0.498513, 11267, 139.818801 
8, -36.926033, 0.529770, 16275, 329.616010 
9, -31.929059, 0.515400, 21909, 722.356632 
10, -29.764948, 0.532348, 22535, 814.771686 
11, -9.115422, 0.520134, 26291, 1272.394054 
12, -9.115422, 0.509008, 55087, 7200.742158 
