1, -564.706918, 0.503277, 1251, 3.023336 
2, -244.061273, 0.530829, 3129, 20.018565 
3, -221.304074, 0.497466, 3755, 28.178853 
4, -130.503877, 0.492744, 4381, 35.729716 
5, -117.072233, 0.557704, 6259, 52.115148 
6, -111.583924, 0.563947, 7511, 68.324651 
7, -110.858387, 0.505453, 10641, 109.906743 
8, -95.096773, 0.511080, 11267, 121.526439 
9, -93.939543, 0.473206, 17527, 228.709369 
10, -85.909683, 0.472068, 28169, 544.832621 
11, -58.690839, 0.494280, 33803, 773.476011 
12, -47.169235, 0.529755, 38185, 976.251194 
13, -35.469398, 0.510129, 49453, 1884.889531 
14, -34.325899, 0.608387, 54461, 2358.938748 
15, -28.907975, 0.689648, 68233, 4082.295678 
16, -7.924963, 0.703867, 68859, 4195.408779 
17, -3.598516, 0.686122, 75119, 5133.282943 
18, 2.319667, 0.682759, 77623, 5453.617955 
19, 4.682784, 0.680095, 78875, 5753.808886 
20, 6.548441, 0.675602, 81379, 6134.031476 
21, 6.626625, 0.686939, 83257, 6595.740684 
22, 6.626625, 0.676152, 84509, 7200.614281 
