1, -280.140411, 0.640891, 1251, 2.330180 
2, -185.494947, 0.575972, 1877, 4.354611 
3, -147.752576, 0.499260, 3755, 15.677686 
4, -147.373621, 0.442518, 5007, 26.156086 
5, -108.147900, 0.547424, 8763, 62.753152 
6, -106.846816, 0.509779, 11267, 100.774661 
7, -92.318090, 0.523541, 58843, 1704.274489 
8, -65.392307, 0.550589, 71363, 2608.369775 
9, -60.607072, 0.548758, 71989, 2628.937014 
10, -45.946989, 0.623094, 72615, 2669.979109 
11, -34.162716, 0.626403, 74493, 2825.067364 
12, -29.907712, 0.623044, 76371, 3051.776037 
13, -26.125111, 0.602090, 88891, 4274.213370 
14, -12.730592, 0.642396, 92021, 4585.261688 
15, -5.468243, 0.639476, 94525, 4827.185691 
16, 0.518683, 0.638528, 96403, 4912.635282 
17, 2.705607, 0.638919, 98907, 5207.493312 
18, 2.705607, 0.622913, 118939, 7200.802741 
