1, -115.779176, 0.493932, 1877, 2.968751 
2, -113.508215, 0.442376, 3755, 11.586483 
3, -112.659627, 0.507570, 5007, 19.327288 
4, -109.039280, 0.493967, 5633, 22.578369 
5, -108.507599, 0.490649, 8137, 46.279774 
6, -108.152474, 0.534773, 12519, 107.713242 
7, -107.885964, 0.542727, 18153, 223.428369 
8, -107.220334, 0.509002, 27543, 459.530582 
9, -106.796050, 0.549551, 34429, 711.776633 
10, -106.795535, 0.527325, 40689, 945.226988 
11, -105.201772, 0.511493, 65729, 2484.196701 
12, -103.611573, 0.510115, 66355, 2503.362084 
13, -101.966923, 0.519172, 68859, 2679.184268 
14, -101.219043, 0.498388, 82005, 3944.489317 
15, -99.750980, 0.514621, 83883, 4261.931667 
16, -98.417940, 0.504799, 88265, 4710.786758 
17, -98.417940, 0.512824, 102663, 7200.398764 
