1, -886.138209, 0.545216, 1251, 4.214686 
2, -417.466785, 0.590328, 2503, 14.695990 
3, -227.422762, 0.573630, 3129, 22.133865 
4, -192.677254, 0.503669, 5633, 48.765173 
5, -135.274879, 0.509253, 6259, 51.003341 
6, -131.747510, 0.496603, 6885, 57.918718 
7, -123.392076, 0.486936, 7511, 72.532125 
8, -109.553165, 0.599048, 10641, 121.354706 
9, -109.373300, 0.605298, 11893, 153.788332 
10, -108.978987, 0.616989, 13145, 193.889380 
11, -65.505261, 0.650270, 16275, 302.054539 
12, -59.825482, 0.549478, 31299, 1347.364417 
13, -46.349130, 0.543417, 31925, 1378.955695 
14, -40.138786, 0.611578, 35055, 1657.094601 
15, -36.178004, 0.607989, 36307, 1741.207561 
16, -35.902818, 0.599573, 38185, 1954.732683 
17, -31.563452, 0.587615, 43193, 2487.175382 
18, -24.338614, 0.579672, 55713, 3456.076759 
19, -21.556454, 0.575765, 61347, 4413.816781 
20, -20.122359, 0.575774, 65103, 4974.659308 
21, -15.290337, 0.576981, 78875, 7193.926276 
22, -15.290337, 0.576093, 78875, 7200.333724 
