1, -553.115024, 0.410223, 1251, 1.784179 
2, -521.591679, 0.379132, 2503, 5.894986 
3, -464.628979, 0.565966, 3129, 11.200128 
4, -158.875971, 0.634791, 3755, 13.570109 
5, -132.561236, 0.585667, 5007, 23.953249 
6, -124.612994, 0.498294, 7511, 44.002337 
7, -123.230319, 0.605556, 8763, 54.261433 
8, -116.292163, 0.588386, 10015, 63.082486 
9, -108.326169, 0.505263, 19405, 207.396741 
10, -98.892963, 0.541541, 25665, 375.470442 
11, -96.593334, 0.527095, 28169, 447.390211 
12, -89.007171, 0.523685, 29421, 479.261986 
13, -78.975803, 0.529824, 35055, 693.568073 
14, -75.027500, 0.544222, 44445, 1122.975979 
15, -68.093295, 0.540063, 45697, 1173.143315 
16, -66.498561, 0.611315, 77623, 3438.285800 
17, -45.764896, 0.588079, 79501, 3626.634765 
18, -38.370301, 0.581690, 80753, 3793.673388 
19, -23.306590, 0.581569, 83257, 3960.809581 
20, -23.306590, 0.580630, 105793, 7200.041892 
