1, -109.028108, 0.533014, 3755, 10.743535 
2, -83.316230, 0.624083, 7511, 32.781199 
3, -69.125228, 0.611013, 8137, 38.777920 
4, -62.974288, 0.589012, 9389, 48.926646 
5, -52.125457, 0.638226, 65103, 2101.826730 
6, -51.104273, 0.637053, 66355, 2220.051844 
7, -50.012299, 0.626337, 68233, 2376.565300 
8, -48.729192, 0.620661, 70737, 2652.344696 
9, -44.293987, 0.704564, 71363, 2674.952560 
10, -40.180359, 0.701080, 72615, 2793.549402 
11, -27.020857, 0.699076, 73241, 2862.617017 
12, -15.478743, 0.714897, 75119, 3007.455489 
13, -11.410133, 0.719108, 81379, 3804.572381 
14, -1.516674, 0.701233, 83883, 4195.999942 
15, 1.452181, 0.715298, 84509, 4247.553677 
16, 11.670385, 0.708446, 85135, 4279.735395 
17, 18.037684, 0.691118, 86387, 4437.565878 
18, 21.274244, 0.690843, 87013, 4486.529428 
19, 25.747435, 0.688098, 87639, 4516.987136 
20, 29.907758, 0.686428, 88265, 4577.268925 
21, 29.907758, 0.605387, 106419, 7200.356097 
