1, -604.585329, 0.000000, 625, 0.297196 
1, -282.121421, 0.534884, 2503, 6.932506 
2, -119.227453, 0.486523, 3755, 10.867882 
3, -25.051888, 0.575640, 26291, 515.892516 
4, 28.261801, 0.565263, 27543, 644.250442 
5, 29.833526, 0.564767, 30047, 790.286303 
6, 30.437120, 0.569005, 31299, 878.731644 
7, 31.438582, 0.578368, 32551, 943.165856 
8, 44.939795, 0.579554, 33177, 973.485580 
9, 49.288741, 0.578770, 33803, 1008.131048 
10, 52.999527, 0.576790, 38185, 1342.828556 
11, 69.517867, 0.568216, 38811, 1389.773055 
12, 89.243137, 0.566478, 43819, 1808.111161 
13, 89.243137, 0.548770, 76997, 7200.302602 
