1, -126.540418, 0.000000, 625, 0.130010 
1, -120.219952, 0.608995, 13771, 187.023368 
2, -43.263154, 0.669505, 16901, 313.174296 
3, -43.143437, 0.625759, 22535, 615.344888 
4, -41.839472, 0.627085, 23787, 651.528581 
5, -32.887899, 0.602897, 26917, 828.635310 
6, -16.469376, 0.621513, 29421, 1110.466539 
7, -2.187146, 0.601842, 32551, 1411.272442 
8, 9.473543, 0.593112, 35681, 1642.311598 
9, 13.371198, 0.629524, 51331, 3362.816947 
10, 23.169197, 0.628013, 51957, 3485.656136 
11, 67.359336, 0.626792, 52583, 3547.641401 
12, 69.250493, 0.577507, 60721, 4683.941900 
13, 85.826340, 0.553797, 63851, 5129.303745 
14, 85.826340, 0.523476, 72615, 7201.658840 
