1, -675.084186, 0.000000, 625, 0.556180 
1, -533.336226, 0.464978, 3129, 11.689271 
2, -248.297262, 0.459227, 3755, 19.039148 
3, -204.108354, 0.386764, 6259, 52.895431 
4, -122.472678, 0.558208, 11893, 122.882207 
5, -120.186653, 0.548282, 12519, 129.836410 
6, -119.335639, 0.535032, 15649, 194.382105 
7, -117.344277, 0.499675, 18153, 237.695793 
8, -115.099885, 0.544342, 42567, 933.898757 
9, -55.068555, 0.713202, 45697, 1024.399051 
10, -48.669034, 0.660747, 56339, 1501.520882 
11, -42.545004, 0.589261, 71989, 2553.640932 
12, -42.545004, 0.556403, 113931, 7200.644120 
