1, -802.307470, 0.000000, 625, 0.515874 
1, -254.608242, 0.546693, 1877, 4.041978 
2, -228.589240, 0.492625, 5007, 23.693555 
3, -127.980969, 0.523145, 7511, 38.914417 
4, -123.982642, 0.640501, 8763, 49.617486 
5, -117.329062, 0.605952, 14397, 122.938027 
6, -117.306459, 0.600914, 15023, 131.692240 
7, -103.739988, 0.616833, 20031, 217.086087 
8, -103.648218, 0.604251, 21909, 263.341051 
9, -77.509657, 0.519946, 27543, 434.701638 
10, 23.353860, 0.510843, 42567, 1191.975809 
11, 39.352447, 0.497059, 55713, 2134.019880 
12, 39.706920, 0.525961, 68233, 3489.463061 
13, 42.108574, 0.511195, 72615, 3871.066588 
14, 51.705700, 0.509158, 83257, 5281.625673 
15, 51.705700, 0.509179, 98907, 7200.301345 
