1, -1001.344701, 0.000000, 625, 0.846806 
1, -537.729672, 0.515707, 1251, 2.680899 
2, -135.991428, 0.543590, 3755, 13.317466 
3, -131.056724, 0.505892, 7511, 51.356187 
4, -113.380518, 0.412823, 11893, 89.373279 
5, -106.917844, 0.461372, 15023, 126.433967 
6, -63.416390, 0.642456, 27543, 427.735527 
7, -63.085651, 0.638586, 28169, 440.190459 
8, -55.553468, 0.626985, 31925, 624.421755 
9, -55.489410, 0.625390, 34429, 707.971229 
10, -50.984163, 0.719283, 35681, 761.089621 
11, -50.980225, 0.709937, 37559, 849.844188 
12, -45.004244, 0.617882, 63851, 2646.048533 
13, -45.004244, 0.616110, 103915, 7200.345572 
