1, -537.875541, 0.000000, 625, 0.212837 
1, -502.842542, 0.519841, 3755, 11.281993 
2, -379.046122, 0.527016, 5633, 26.436511 
3, -338.466825, 0.549245, 6259, 32.422090 
4, -26.016978, 0.544460, 6885, 40.027986 
5, -25.026636, 0.505732, 11893, 111.970094 
6, -21.118842, 0.433582, 26291, 506.571558 
7, 2.656741, 0.491287, 45071, 1515.133505 
8, 12.879918, 0.489702, 46949, 1627.603316 
9, 20.971695, 0.441867, 51331, 2017.660124 
10, 34.760126, 0.428222, 53835, 2230.626918 
11, 42.367664, 0.433304, 59469, 2770.979322 
12, 53.609500, 0.436775, 76997, 4619.731195 
13, 64.606723, 0.441355, 77623, 4697.440093 
14, 64.606723, 0.461685, 95777, 7200.745136 
