1, -545.773247, 0.000000, 625, 0.270019 
1, -290.570689, 0.546107, 5007, 18.729877 
2, -290.259029, 0.532367, 5633, 24.177146 
3, -233.400833, 0.489907, 7511, 37.077095 
4, -137.206038, 0.570415, 10641, 66.824444 
5, -113.949115, 0.521055, 14397, 146.931781 
6, -28.337030, 0.562600, 23161, 304.685910 
7, -22.082928, 0.518721, 23787, 320.359044 
8, -18.104755, 0.519013, 25039, 349.633151 
9, -10.089127, 0.505988, 31299, 559.572619 
10, 2.501576, 0.520259, 53209, 1684.700910 
11, 2.501576, 0.485253, 104541, 7200.130727 
