1, -566.342763, 0.000000, 625, 0.194629 
1, -458.962791, 0.736677, 3129, 9.736188 
2, -447.063982, 0.692828, 3755, 13.097082 
3, -441.842124, 0.621042, 5007, 21.640157 
4, -385.009973, 0.669094, 6259, 31.370899 
5, -104.414033, 0.714932, 6885, 40.837909 
6, -78.453550, 0.499802, 12519, 159.068386 
7, -70.037211, 0.501761, 14397, 193.556108 
8, -56.095436, 0.497863, 59469, 2396.652980 
9, 5.469654, 0.594752, 66355, 2941.025039 
10, 59.052707, 0.608626, 71363, 3397.211416 
11, 59.654142, 0.596532, 85761, 5391.706886 
12, 59.654142, 0.576304, 97029, 7200.739671 
