1, -554.767069, 0.000000, 625, 0.196168 
1, -222.692035, 0.507881, 2503, 6.585137 
2, -205.783612, 0.480576, 3129, 9.679254 
3, -196.123868, 0.452711, 3755, 13.832693 
4, -160.555493, 0.499487, 5007, 22.300491 
5, -147.534941, 0.538462, 7511, 43.632789 
6, -135.170446, 0.524129, 8137, 52.187087 
7, -125.674763, 0.569250, 8763, 68.289697 
8, -114.712142, 0.563996, 11267, 96.924874 
9, -61.456387, 0.611500, 21909, 308.460961 
10, -51.939661, 0.611277, 50705, 1383.164497 
11, -24.368133, 0.548729, 66981, 3542.896374 
12, -24.035844, 0.521982, 82631, 6324.700284 
13, -24.035844, 0.518829, 85761, 7200.194105 
