1, -138.163689, 0.000000, 625, 0.097995 
1, -135.815991, 0.636035, 6259, 45.577109 
2, -132.757526, 0.587608, 7511, 54.918125 
3, -128.813375, 0.575167, 8763, 77.562096 
4, -120.055428, 0.701343, 30047, 550.260365 
5, -114.780769, 0.695700, 30673, 565.619561 
6, -92.671974, 0.681646, 31299, 597.723892 
7, -25.531227, 0.634035, 41941, 1613.877049 
8, 29.485612, 0.615278, 44445, 2191.863745 
9, 48.848704, 0.591767, 46949, 2547.054775 
10, 53.419553, 0.533625, 62599, 5368.483989 
11, 66.814905, 0.529316, 68859, 6708.061838 
12, 66.814905, 0.604527, 70111, 7200.542655 
