1, -940.068477, 0.000000, 625, 0.755404 
1, -629.252718, 0.621381, 1251, 2.462374 
2, -625.508042, 0.541205, 3129, 11.234670 
3, -526.943511, 0.483364, 5007, 22.097628 
4, -476.425175, 0.491176, 6885, 33.618778 
5, -430.272507, 0.650917, 7511, 39.573295 
6, -330.856160, 0.622598, 8137, 48.412694 
7, -124.339792, 0.646486, 8763, 55.279819 
8, -123.331123, 0.643299, 9389, 59.122777 
9, -119.143590, 0.553841, 19405, 231.376503 
10, -40.678862, 0.606858, 20657, 268.505724 
11, -14.687930, 0.604046, 21283, 286.701395 
12, -12.577260, 0.533459, 72615, 5701.570004 
13, -12.577260, 0.534742, 82005, 7200.809900 
