1, -636.854979, 0.000000, 625, 0.269862 
1, -279.402185, 0.556164, 3129, 14.999429 
2, -195.712216, 0.547194, 3755, 17.961390 
3, -186.999311, 0.527803, 6259, 37.226480 
4, -99.463117, 0.534378, 6885, 42.396466 
5, -87.253581, 0.521880, 7511, 52.179407 
6, -81.406576, 0.557634, 10641, 93.774436 
7, -53.550706, 0.720091, 33803, 727.549501 
8, -27.316084, 0.701445, 35681, 817.948273 
9, -17.153187, 0.669746, 40689, 1169.373720 
10, -8.168102, 0.681225, 43193, 1378.242643 
11, -7.962336, 0.637284, 51331, 2084.644705 
12, 15.725637, 0.605395, 53835, 2436.665915 
13, 16.839023, 0.605811, 55713, 2667.843215 
14, 23.761630, 0.606754, 60721, 3344.231677 
15, 27.514618, 0.656490, 71989, 5325.022016 
16, 55.409313, 0.656247, 72615, 5417.285448 
17, 73.476034, 0.606443, 79501, 6531.014274 
18, 73.476034, 0.594359, 83257, 7200.206134 
