1, -802.307470, 0.000000, 625, 0.581464 
1, -738.044800, 0.626506, 1877, 5.036489 
2, -683.974987, 0.530364, 2503, 9.641503 
3, -676.507994, 0.457481, 3129, 14.138865 
4, -441.355433, 0.545903, 3755, 18.408034 
5, -393.529650, 0.549787, 5007, 25.820060 
6, -297.307459, 0.595371, 5633, 28.283365 
7, -279.356925, 0.579264, 6259, 31.442650 
8, -118.226294, 0.749821, 6885, 57.830995 
9, -105.111435, 0.576753, 11267, 145.640057 
10, 41.361277, 0.680882, 31299, 695.424334 
11, 49.240412, 0.637159, 47575, 1644.241327 
12, 57.941686, 0.628687, 51331, 1901.989103 
13, 126.458556, 0.618743, 75745, 4093.245180 
14, 128.848404, 0.618547, 76371, 4162.972190 
15, 146.106244, 0.609082, 77623, 4269.777022 
16, 149.790498, 0.652151, 83257, 4917.101961 
17, 149.790498, 0.644607, 96403, 7200.560258 
