1, -530.736218, 0.000000, 625, 0.217763 
1, -423.342058, 0.527168, 3755, 11.612529 
2, -116.761399, 0.532508, 4381, 16.346095 
3, -114.827241, 0.549020, 6259, 38.885148 
4, -58.213601, 0.626340, 9389, 87.866139 
5, -56.028038, 0.590324, 10015, 107.673134 
6, -44.125653, 0.592324, 10641, 125.746076 
7, -42.689152, 0.587950, 13145, 203.501163 
8, -40.568987, 0.575016, 15023, 263.592129 
9, -36.060739, 0.562018, 19405, 434.895200 
10, -24.331814, 0.557883, 23161, 635.152141 
11, -4.365044, 0.566759, 25039, 726.747133 
12, 22.437421, 0.654438, 38185, 1710.967211 
13, 31.435646, 0.625189, 42567, 2233.749172 
14, 47.857201, 0.592640, 48201, 3112.384082 
15, 47.857201, 0.559806, 73241, 7200.310677 
