1, -554.767069, 0.000000, 625, 0.199020 
1, -296.344867, 0.599647, 1877, 6.972224 
2, -190.408926, 0.596954, 5007, 35.245046 
3, -117.533400, 0.711048, 5633, 39.164867 
4, -114.565120, 0.551348, 8137, 64.830742 
5, -90.253772, 0.617415, 14397, 169.224406 
6, -87.280277, 0.602835, 15649, 200.087170 
7, -76.816488, 0.592213, 21283, 365.639149 
8, -66.805867, 0.527693, 60721, 2264.203670 
9, -49.109683, 0.524714, 62599, 2440.820000 
10, -48.683159, 0.520421, 78875, 3928.636049 
11, -29.631086, 0.663349, 80127, 4065.135134 
12, -19.368021, 0.660448, 82631, 4273.421091 
13, -12.680256, 0.659470, 83883, 4379.810503 
14, -11.848208, 0.669673, 89517, 4966.735009 
15, 7.347370, 0.663889, 90769, 5136.443275 
16, 7.377076, 0.636328, 96403, 5808.177222 
17, 8.900707, 0.679789, 98907, 6409.424435 
18, 8.900707, 0.675012, 100785, 7201.359067 
