1, -570.004664, 0.000000, 625, 0.304526 
1, -332.777395, 0.499451, 3755, 14.103877 
2, -146.710501, 0.505607, 4381, 18.019385 
3, -136.955730, 0.480383, 5007, 24.393490 
4, -136.830281, 0.496006, 6885, 38.793226 
5, -95.720736, 0.634018, 11267, 102.332644 
6, -68.399217, 0.573136, 21909, 374.765881 
7, -68.388453, 0.567664, 23161, 408.090208 
8, -66.280074, 0.578565, 25665, 480.605370 
9, 0.058542, 0.677782, 41315, 1211.876783 
10, 47.983084, 0.698880, 41941, 1283.392946 
11, 55.354649, 0.627165, 43193, 1381.977045 
12, 74.701720, 0.537989, 50079, 1996.573796 
13, 74.701720, 0.485059, 89517, 7200.192141 
