1, -117.414895, 0.000000, 625, 0.135845 
1, -114.743392, 0.586061, 4381, 24.398530 
2, -111.111586, 0.556557, 5007, 31.426471 
3, -109.093851, 0.592264, 9389, 86.767753 
4, -106.791924, 0.584897, 13145, 162.791210 
5, -25.586629, 0.630884, 15649, 202.468558 
6, -11.322147, 0.569564, 18779, 284.757075 
7, -3.866898, 0.593377, 24413, 506.279441 
8, 0.139734, 0.587411, 25039, 528.043390 
9, 8.885727, 0.581312, 25665, 549.595762 
10, 11.576017, 0.559000, 28169, 661.423027 
11, 32.836030, 0.553168, 30047, 723.847528 
12, 38.839907, 0.557103, 34429, 965.344021 
13, 53.048616, 0.523495, 51957, 2007.350541 
14, 53.048616, 0.470408, 94525, 7200.836994 
