1, -657.131364, 0.000000, 625, 0.443321 
1, -632.241304, 0.628062, 1251, 1.608488 
2, -619.104398, 0.523536, 4381, 15.966652 
3, -464.990390, 0.596789, 5633, 24.398000 
4, -423.248408, 0.591562, 6259, 30.834747 
5, -343.579114, 0.629359, 6885, 35.234312 
6, -205.987777, 0.675405, 7511, 38.887561 
7, -167.551388, 0.681852, 8137, 44.583501 
8, -159.174588, 0.685950, 8763, 50.142991 
9, -122.157854, 0.730466, 10641, 83.597548 
10, -114.142067, 0.559334, 15023, 183.420045 
11, -111.537965, 0.521963, 17527, 233.931317 
12, -108.467780, 0.665267, 21283, 367.118215 
13, -92.771662, 0.639660, 25665, 599.361935 
14, -77.508972, 0.625167, 26917, 653.555741 
15, -75.670733, 0.570689, 36307, 1276.081190 
16, -71.605406, 0.553641, 41941, 1706.616967 
17, -61.042082, 0.544879, 55713, 2948.196266 
18, -50.343518, 0.526100, 63851, 4317.855444 
19, -50.343518, 0.500253, 82005, 7201.179748 
