1, -981.698768, 0.000000, 625, 0.793671 
1, -704.036781, 0.614699, 1251, 2.661880 
2, -626.724612, 0.648746, 1877, 4.902834 
3, -612.649232, 0.551051, 2503, 6.991031 
4, -608.383832, 0.505777, 3129, 10.459532 
5, -332.508134, 0.455603, 4381, 16.165459 
6, -234.419673, 0.508458, 5007, 22.225534 
7, -222.263849, 0.501692, 6259, 32.533217 
8, -133.438196, 0.490909, 7511, 43.667963 
9, -113.531445, 0.610762, 8763, 53.543669 
10, -79.731541, 0.572867, 10641, 73.280415 
11, -76.476198, 0.515735, 18779, 217.777750 
12, -74.224617, 0.519098, 20657, 256.100906 
13, -52.300705, 0.530255, 30047, 647.921634 
14, -11.882122, 0.621465, 40063, 1069.597571 
15, -10.037010, 0.609804, 46323, 1367.968122 
16, -7.975457, 0.601946, 49453, 1545.925325 
17, 7.485192, 0.601803, 50705, 1629.145723 
18, 7.485192, 0.545590, 102037, 7200.420024 
