1, -1068.186720, 0.000000, 625, 0.910071 
1, -918.789610, 0.550111, 1251, 3.023403 
2, -675.591870, 0.578571, 1877, 5.496018 
3, -639.845616, 0.621547, 3129, 12.992177 
4, -639.517241, 0.570886, 3755, 18.821424 
5, -476.992693, 0.646091, 5007, 36.259971 
6, -461.053945, 0.584708, 5633, 44.261698 
7, -131.234785, 0.692810, 6259, 50.066284 
8, -129.033025, 0.576156, 11267, 95.494169 
9, -118.359205, 0.620289, 24413, 392.426684 
10, -114.953450, 0.606848, 25665, 431.279455 
11, -114.084995, 0.600543, 26291, 452.406718 
12, -112.414256, 0.590014, 27543, 493.887699 
13, -111.323934, 0.575313, 30047, 555.417342 
14, -110.739592, 0.570072, 30673, 580.172735 
15, -109.599204, 0.559896, 31925, 612.490573 
16, -34.245348, 0.587099, 36933, 800.510811 
17, 0.336100, 0.622084, 39437, 907.448443 
18, 11.595098, 0.580310, 43819, 1202.309330 
19, 20.887782, 0.526608, 64477, 3387.050068 
20, 20.887782, 0.501011, 85761, 7200.151794 
