1, -545.773247, 0.000000, 625, 0.188010 
1, -538.729692, 0.512931, 3129, 11.533121 
2, -146.902664, 0.662750, 3755, 17.609116 
3, -132.825199, 0.633791, 5007, 34.451087 
4, -115.788486, 0.608359, 5633, 44.144121 
5, -51.049508, 0.592047, 9389, 97.170128 
6, -48.136397, 0.541152, 15649, 256.128093 
7, -45.722362, 0.537141, 20657, 392.287104 
8, -30.529129, 0.572563, 25039, 562.359074 
9, -23.364893, 0.664583, 26917, 668.158092 
10, -11.797616, 0.641012, 29421, 837.172031 
11, -7.227082, 0.642174, 41941, 1773.816095 
12, 1.603004, 0.630558, 44445, 1923.660090 
13, 1.603004, 0.598728, 81379, 7200.259793 
