1, -120.906687, 0.000000, 625, 0.080976 
1, -113.515775, 0.578046, 3755, 14.481847 
2, -110.139496, 0.541634, 6259, 42.043435 
3, -110.001315, 0.482108, 8763, 58.723605 
4, -107.497119, 0.528112, 12519, 97.449170 
5, -85.417134, 0.585531, 30047, 439.054253 
6, -85.213894, 0.562997, 33177, 543.437741 
7, -75.274891, 0.573142, 35055, 601.788013 
8, -61.202726, 0.572138, 35681, 629.654774 
9, -55.853150, 0.546390, 38185, 721.709260 
10, -55.616356, 0.548373, 40063, 790.855459 
11, -54.002572, 0.547027, 40689, 814.930076 
12, -53.631476, 0.559399, 47575, 1081.395079 
13, -53.048250, 0.553871, 50705, 1249.313161 
14, -44.225033, 0.548402, 53209, 1369.268675 
15, -39.504994, 0.547300, 54461, 1443.577888 
16, -33.633543, 0.639834, 66355, 2373.003252 
17, -33.586386, 0.636446, 66981, 2409.836741 
18, -26.719154, 0.621585, 71989, 2732.112362 
19, -23.592486, 0.620278, 73867, 2889.707893 
20, -12.137090, 0.619268, 74493, 2918.869907 
21, -3.054038, 0.610684, 81379, 3509.013076 
22, 38.880093, 0.734514, 83883, 3810.589316 
23, 59.314869, 0.723679, 84509, 3868.877867 
24, 67.563489, 0.552944, 102037, 6394.249197 
25, 70.174559, 0.550017, 107045, 7177.243066 
26, 70.174559, 0.559847, 107045, 7200.278187 
