1, -137.848641, 0.000000, 625, 0.114599 
1, -116.580209, 0.611858, 5633, 27.354346 
2, -90.414242, 0.604540, 9389, 64.394181 
3, -85.623077, 0.597455, 10015, 67.557141 
4, -82.495621, 0.484483, 13145, 130.636042 
5, -59.183052, 0.480818, 16901, 228.436518 
6, -51.673364, 0.621560, 41315, 1558.773685 
7, -37.161496, 0.619961, 41941, 1585.082258 
8, -34.273662, 0.620510, 44445, 1690.437374 
9, -20.916718, 0.619681, 45071, 1722.208764 
10, 10.677954, 0.720880, 79501, 5056.653133 
11, 89.714962, 0.693496, 80753, 5218.956516 
12, 100.297532, 0.713362, 83257, 5730.879838 
13, 100.297532, 0.658557, 92021, 7200.031030 
