1, -1001.344701, 0.000000, 625, 1.001450 
1, -666.435303, 0.561247, 1251, 2.673400 
2, -625.985609, 0.538256, 5007, 23.771489 
3, -240.435660, 0.733603, 5633, 30.765249 
4, -227.186206, 0.652068, 8763, 70.109746 
5, -223.048892, 0.594049, 10015, 86.713253 
6, -170.185955, 0.633601, 11267, 101.938588 
7, -168.422144, 0.628041, 11893, 107.587391 
8, -147.582318, 0.611045, 12519, 116.084600 
9, -109.679992, 0.633514, 13145, 124.085894 
10, -106.109737, 0.558584, 22535, 399.049467 
11, -78.664142, 0.640285, 25665, 553.250281 
12, -62.059274, 0.607926, 35055, 1021.110153 
13, -35.636142, 0.590879, 82005, 6078.873212 
14, -35.636142, 0.591299, 89517, 7200.302361 
