0, 9.350000, 0.000000, 100, 0.579413 
1, 155.750000, 0.886000, 200, 19.664648 
2, 219.770000, 0.913658, 301, 78.060278 
3, 274.580000, 0.928571, 503, 231.449945 
4, 277.460000, 0.894617, 604, 348.425384 
5, 311.410000, 0.897912, 806, 567.922825 
6, 324.670000, 0.889586, 1008, 813.887781 
7, 347.050000, 0.905517, 1210, 1120.817621 
8, 359.370000, 0.908781, 2018, 2753.622163 
9, 465.280000, 0.931150, 2119, 3034.636975 
10, 469.670000, 0.935198, 2422, 3517.058440 
11, 469.670000, 0.943485, 2423, 3545.661451 
