1, -636.736613, 0.665354, 1251, 96.782379 
2, -629.609966, 0.632312, 1877, 221.969532 
3, -359.615637, 0.549505, 3129, 670.016820 
4, -345.328577, 0.523810, 3755, 984.183101 
5, -287.341541, 0.561828, 4381, 1320.440284 
6, -210.505235, 0.669100, 5007, 2110.739861 
7, -162.648990, 0.642781, 5633, 2661.729042 
8, -157.410500, 0.617083, 6259, 2853.952045 
9, -155.294218, 0.597496, 6885, 3136.888632 
10, -146.106779, 0.583973, 7511, 3614.261866 
11, -108.908687, 0.603639, 8137, 4581.696574 
12, -107.443113, 0.559712, 9389, 5731.113072 
13, -107.375143, 0.514049, 11267, 7084.216909 
14, -107.375143, 0.500308, 11267, 7204.323225 
