1, -39.232273, -30.981553, 104375, 158.552504 
2, -31.003766, -1.346343, 208125, 258.360543 
3, -30.269622, -21.614170, 519375, 582.311397 
4, -28.308198, -11.010600, 623125, 715.661394 
5, -24.604716, -2.395964, 1038125, 1255.702458 
6, -11.846688, -7.514982, 1245625, 1534.810064 
7, -9.195554, -0.545780, 1971875, 2469.668228 
8, -8.237603, -0.940996, 2075625, 2622.916185 
9, -3.884150, 4.171298, 2801875, 3643.058385 
10, -2.529411, -11.489775, 3424375, 4486.509636 
11, -2.529411, -4.667188, 5266250, 7200.121926 
