1, -68.158451, -62.968217, 104375, 57.893247 
2, -48.728661, 4.506830, 311875, 227.295475 
3, -39.167457, 30.859185, 415625, 357.579023 
4, -24.648463, 38.645795, 519375, 528.777927 
5, -12.444698, 48.255041, 623125, 736.491737 
6, -2.319702, 49.263415, 726875, 893.284001 
7, 3.843393, 38.412596, 934375, 1188.452151 
8, 16.652473, 72.994889, 1349375, 1875.480397 
9, 37.006022, 68.271467, 1971875, 3272.787887 
10, 42.564742, 86.296376, 2179375, 3913.662925 
11, 54.497639, 73.017298, 2283125, 4494.388417 
12, 94.867918, 80.602880, 2594375, 6097.147486 
13, 94.867918, 58.854378, 2755000, 7200.939486 
