1, -132.732204, -115.676710, 104375, 30.373232 
2, -122.406700, -113.606409, 208125, 64.048967 
3, -118.388196, -108.034077, 2490625, 708.634787 
4, -86.262791, -87.617427, 2698125, 776.864676 
5, -80.117218, -69.422922, 3528125, 1146.804000 
6, -79.054922, -59.517675, 3735625, 1253.050821 
7, -68.084623, -52.900084, 3943125, 1368.889541 
8, -52.023477, -50.199775, 4773125, 1889.424053 
9, -42.926856, -35.839306, 6951875, 3293.275579 
10, -37.658871, -24.214224, 7159375, 3420.745594 
11, -37.324999, -13.913416, 7678125, 3761.969035 
12, -29.577237, -24.628842, 8923125, 4585.149878 
