1, -535.491968, 0.446602, 1877, 4.941833 
2, -350.660271, 0.496957, 2503, 10.455059 
3, -142.809594, 0.574482, 7511, 74.116039 
4, -121.307277, 0.545676, 8763, 94.761887 
5, -108.143880, 0.546129, 15023, 184.744098 
6, -107.927130, 0.552274, 38811, 742.408403 
7, -107.031127, 0.531405, 40689, 805.005967 
8, -104.197650, 0.522630, 41941, 836.012116 
9, -102.416296, 0.690787, 51331, 1213.462177 
10, -40.766556, 0.714795, 51957, 1244.082726 
11, -37.939924, 0.712214, 53835, 1351.900130 
12, -23.797443, 0.706838, 55087, 1415.963208 
13, 47.965269, 0.723678, 55713, 1438.289700 
14, 63.100353, 0.696804, 63225, 1884.324967 
15, 69.402569, 0.681526, 66981, 2212.965545 
16, 90.640351, 0.632781, 70737, 2494.395929 
17, 90.640351, 0.536119, 110801, 7200.973563 
