1, -912.878951, 0.444444, 1251, 2.999142 
2, -674.855743, 0.659950, 1877, 5.496583 
3, -651.222365, 0.602881, 2503, 9.838340 
4, -428.111511, 0.654240, 4381, 22.515163 
5, -421.155976, 0.576062, 5633, 33.182847 
6, -318.198909, 0.674322, 6885, 46.607602 
7, -285.924901, 0.588791, 7511, 56.480779 
8, -275.494227, 0.554158, 8137, 65.636751 
9, -94.182160, 0.792035, 9389, 90.383989 
10, -80.329794, 0.756732, 10015, 114.024089 
11, -58.925558, 0.628872, 10641, 134.362739 
12, -57.903556, 0.619648, 11267, 155.145504 
13, 5.855327, 0.565480, 14397, 272.104241 
14, 5.855327, 0.514724, 70737, 7200.984921 
