1, -107.579347, 0.553345, 2503, 7.372602 
2, -107.493267, 0.548528, 17527, 192.997426 
3, -105.647132, 0.520668, 23161, 328.199042 
4, -92.464806, 0.640465, 60721, 1957.272256 
5, -51.995340, 0.643165, 61347, 1993.379903 
6, -43.575962, 0.629865, 63851, 2174.271785 
7, -42.358300, 0.605834, 66355, 2364.199579 
8, -30.140152, 0.605346, 67607, 2431.039552 
9, -27.241187, 0.578235, 75745, 3440.513265 
10, 27.583898, 0.624389, 76371, 3486.514071 
11, 56.146558, 0.602325, 76997, 3570.891531 
12, 58.165249, 0.585239, 83883, 4276.406511 
13, 103.504747, 0.557382, 88891, 4850.742596 
14, 103.504747, 0.487441, 102037, 7200.678866 
