1, -737.899199, 0.488889, 1251, 2.547264 
2, -417.798903, 0.525822, 1877, 4.551526 
3, -216.079970, 0.527426, 3755, 13.151392 
4, -98.725732, 0.553885, 4381, 17.698013 
5, -79.401964, 0.659681, 8763, 60.981973 
6, -74.852974, 0.636073, 24413, 445.477726 
7, -41.274137, 0.634470, 25039, 465.172177 
8, -29.520211, 0.594580, 29421, 590.507123 
9, 0.298155, 0.594298, 30047, 602.736429 
10, 12.838916, 0.581670, 33803, 729.044583 
11, 13.760694, 0.568369, 79501, 4433.733356 
12, 13.760694, 0.573195, 100785, 7200.504071 
