1, -607.454929, 0.409669, 1877, 5.072873 
2, -309.680700, 0.558712, 3129, 26.363296 
3, -306.854739, 0.534332, 4381, 37.481942 
4, -233.044367, 0.666868, 5007, 46.139505 
5, -150.042875, 0.666312, 6885, 71.869155 
6, -149.303088, 0.637408, 9389, 102.221430 
7, -114.844616, 0.622819, 10015, 112.514725 
8, -73.400823, 0.765740, 22535, 363.853435 
9, -63.545736, 0.657115, 23787, 462.265035 
10, 68.829457, 0.629451, 43819, 1858.248758 
11, 72.558792, 0.624783, 45071, 1998.557784 
12, 89.066916, 0.597003, 49453, 2535.382355 
13, 109.174426, 0.572525, 53209, 3090.612285 
