1, -777.906602, 0.565079, 1251, 2.008970 
2, -110.692896, 0.528545, 2503, 6.015564 
3, -108.431779, 0.526967, 23161, 278.641832 
4, -107.044664, 0.565060, 45071, 1023.778239 
5, -39.515295, 0.713785, 58843, 1659.377795 
6, 25.275131, 0.670654, 61973, 1868.040267 
7, 32.595676, 0.583623, 82005, 4470.680320 
8, 45.274936, 0.544592, 95151, 6263.923382 
9, 56.080358, 0.561560, 99533, 6841.546323 
10, 59.049686, 0.551707, 100785, 7040.130114 
11, 77.797450, 0.540526, 101411, 7141.558696 
12, 77.797450, 0.541908, 101411, 7201.022865 
