1, -336.531951, 0.412178, 1877, 4.195446 
2, -149.447788, 0.595568, 5007, 20.139239 
3, -144.145333, 0.545752, 6259, 28.004652 
4, -57.237696, 0.610348, 13145, 131.871409 
5, -11.201965, 0.610941, 16901, 214.323021 
6, 8.515639, 0.621445, 17527, 221.301731 
7, 11.703075, 0.581896, 43819, 1278.139309 
8, 14.805172, 0.693127, 68233, 3051.147371 
9, 18.860310, 0.692057, 68859, 3079.196844 
10, 22.510786, 0.724716, 75119, 3618.130883 
11, 43.975269, 0.717522, 80753, 4504.580036 
12, 48.618437, 0.668706, 91395, 5949.787572 
13, 63.534293, 0.663877, 93899, 6419.957805 
14, 80.011609, 0.659675, 96403, 7047.693434 
15, 80.011609, 0.657093, 97029, 7200.651825 
