1, -123.089805, 0.474194, 3755, 16.718082 
2, -117.388406, 0.545775, 5633, 27.726078 
3, -114.366301, 0.498581, 7511, 45.929444 
4, -110.454268, 0.547751, 10641, 83.609631 
5, -108.854308, 0.529482, 11267, 89.031267 
6, -106.962118, 0.571228, 13771, 123.645792 
7, -83.163851, 0.579563, 21283, 297.526369 
8, -63.999091, 0.555076, 23787, 394.493408 
9, -46.031926, 0.554182, 24413, 431.641309 
10, -45.686073, 0.552938, 25665, 467.674962 
11, -44.965036, 0.546682, 31299, 674.938118 
12, -44.660817, 0.565089, 41941, 1246.797730 
13, -43.763444, 0.565116, 42567, 1264.444428 
14, -40.717926, 0.573199, 45071, 1429.334515 
15, -40.123457, 0.576520, 46949, 1512.464893 
16, -37.796051, 0.561512, 73867, 3566.865394 
17, -37.796051, 0.565925, 106419, 7200.374059 
