1, -432.093767, 0.514286, 1251, 1.385339 
2, -330.930908, 0.502693, 2503, 7.385160 
3, -311.312014, 0.692102, 3755, 17.586495 
4, -171.668594, 0.629694, 5007, 33.234256 
5, -126.157013, 0.611245, 6885, 56.648031 
6, -106.719900, 0.612602, 7511, 71.636278 
7, -33.391752, 0.615654, 10015, 128.419406 
8, -31.629153, 0.589299, 13145, 199.064357 
9, -20.781359, 0.522185, 26917, 961.162610 
10, -19.426130, 0.538137, 38185, 1965.532648 
11, -16.870527, 0.538214, 58217, 4513.001173 
12, -9.188479, 0.541406, 63851, 5704.043742 
13, -9.188479, 0.577333, 73241, 7200.182488 
