1, -630.154396, 0.539683, 1251, 2.090046 
2, -625.309871, 0.451923, 1877, 3.812504 
3, -301.803429, 0.645971, 3755, 13.936250 
4, -254.233423, 0.579559, 4381, 22.138767 
5, -176.951368, 0.591216, 5007, 24.620760 
6, -171.687927, 0.578424, 5633, 34.659014 
7, -113.997994, 0.605033, 7511, 55.391387 
8, -111.569774, 0.588697, 8137, 63.014492 
9, -111.112339, 0.547192, 13145, 138.218029 
10, -108.663565, 0.526612, 14397, 155.930392 
11, -106.800002, 0.556151, 25665, 378.393463 
12, -71.246746, 0.679109, 30047, 504.886332 
13, 3.844700, 0.615829, 62599, 3343.486439 
14, 35.391299, 0.593915, 63225, 3459.119090 
15, 35.992871, 0.527085, 70737, 4639.190198 
16, 35.992871, 0.459728, 82631, 7200.393307 
