1, -328.794707, 0.667797, 1251, 1.121383 
2, -279.411336, 0.475845, 1877, 2.880039 
3, -109.776732, 0.681053, 4381, 12.647551 
4, -109.461683, 0.614958, 5633, 18.923143 
5, -103.726467, 0.681044, 33803, 781.433799 
6, -100.594636, 0.633879, 36307, 886.173416 
7, -94.711237, 0.553069, 46949, 1516.905454 
8, -86.069027, 0.547955, 48827, 1614.176735 
9, -1.381779, 0.698086, 76997, 4105.523479 
10, -0.511169, 0.695301, 77623, 4160.396510 
11, 4.184134, 0.680068, 82631, 4737.532207 
12, 4.184134, 0.641455, 97029, 7200.382576 
