1, -312.041835, 0.538983, 1251, 1.282353 
2, -105.233335, 0.609272, 7511, 33.457025 
3, -56.528149, 0.672935, 79501, 2732.934749 
4, -50.811771, 0.633283, 85135, 3366.363436 
5, -21.519472, 0.707153, 88891, 3729.296261 
6, -20.379341, 0.703717, 90143, 3919.899919 
7, -5.196965, 0.702917, 91395, 4097.611451 
8, -1.514283, 0.712259, 97029, 5053.969143 
9, 3.761777, 0.710851, 97655, 5119.985532 
10, 4.720916, 0.703723, 102037, 5965.745950 
11, 11.627391, 0.701767, 102663, 6043.033825 
12, 16.149393, 0.694374, 106419, 6585.213635 
13, 19.071255, 0.687237, 110801, 7140.002131 
14, 19.071255, 0.685375, 111427, 7200.390027 
