1, -124.193183, 0.411157, 2503, 5.559609 
2, -121.691219, 0.462679, 10641, 98.870393 
3, -118.509950, 0.474988, 11267, 107.977172 
4, -63.447975, 0.597256, 17527, 260.263422 
5, -22.264689, 0.746269, 20031, 345.930276 
6, -9.322790, 0.744051, 20657, 392.740101 
7, 15.400069, 0.708663, 21909, 437.202330 
8, 30.475259, 0.502515, 33177, 1789.020354 
9, 60.401926, 0.494558, 35681, 2223.496463 
10, 66.110675, 0.488010, 36307, 2286.668956 
11, 85.868506, 0.429853, 52583, 5360.573172 
12, 85.868506, 0.412123, 60721, 7200.384786 
