1, -777.906602, 0.664407, 1251, 1.895355 
2, -141.106391, 0.514382, 3129, 8.269840 
3, -133.770683, 0.368151, 7511, 29.861477 
4, -131.367260, 0.633214, 11893, 88.715330 
5, -115.776466, 0.586947, 13145, 112.471867 
6, -108.651571, 0.541267, 15023, 150.630764 
7, -92.153974, 0.429964, 25665, 516.486901 
8, -72.730030, 0.433043, 31925, 741.682147 
9, -64.095695, 0.432649, 32551, 768.563408 
10, -47.871066, 0.474994, 38811, 1031.384750 
11, -31.483663, 0.473723, 39437, 1046.413601 
12, -27.399201, 0.470607, 43819, 1353.289534 
13, -12.855278, 0.478645, 56339, 2261.712356 
14, -11.156868, 0.461249, 88265, 6505.619583 
15, -11.156868, 0.455955, 92021, 7200.114412 
