1, -239.907335, 0.660839, 3755, 10.687811 
2, -239.246986, 0.615962, 5007, 20.371160 
3, -113.623841, 0.642573, 6259, 40.298481 
4, -110.017974, 0.564958, 8137, 108.151257 
5, -107.584141, 0.542623, 11893, 228.758811 
6, -54.905695, 0.604537, 13145, 283.195483 
7, -51.736260, 0.561399, 18153, 435.232779 
8, -50.940706, 0.561528, 31925, 1105.871904 
9, -42.909904, 0.696536, 33177, 1221.929940 
10, -38.762206, 0.692805, 33803, 1243.792141 
11, -37.705539, 0.681270, 35681, 1417.815650 
12, -36.912458, 0.660265, 38185, 1615.379355 
13, -35.071793, 0.629615, 40689, 2047.916688 
14, -34.027042, 0.627461, 42567, 2254.386437 
15, -24.584287, 0.613614, 43819, 2475.736513 
16, -23.439994, 0.580615, 47575, 2962.120730 
17, 32.416664, 0.670268, 50705, 3500.912429 
18, 41.777381, 0.668177, 51331, 3547.343597 
19, 83.469621, 0.590650, 54461, 3885.438947 
20, 92.591436, 0.550275, 61347, 4579.337806 
21, 103.949418, 0.637398, 70737, 6291.102479 
22, 133.509322, 0.636376, 71363, 6499.530054 
23, 198.194695, 0.677939, 71989, 6683.054329 
24, 198.194695, 0.671119, 73867, 7200.250005 
