1, -121.157843, 0.577737, 5007, 22.214179 
2, -119.929385, 0.556799, 5633, 28.832869 
3, -114.521762, 0.545193, 8763, 91.409835 
4, -113.510502, 0.555556, 10015, 110.227311 
5, -113.180759, 0.534316, 10641, 113.546147 
6, -110.028345, 0.510458, 14397, 175.746238 
7, -106.609289, 0.496386, 15649, 190.700656 
8, -74.337854, 0.518385, 65103, 2026.844204 
9, -66.741922, 0.515772, 65729, 2033.469140 
10, -65.846238, 0.513771, 66355, 2061.293685 
11, -63.979014, 0.513584, 67607, 2125.958984 
12, -57.778607, 0.512657, 68233, 2145.181204 
13, -57.332491, 0.511135, 68859, 2173.159944 
14, -44.753136, 0.729591, 75745, 2698.615427 
15, -35.697362, 0.728443, 76371, 2806.177052 
16, -33.159926, 0.725251, 78249, 3049.384256 
17, -32.423753, 0.717890, 79501, 3175.105010 
18, -20.074138, 0.712919, 81379, 3418.457514 
19, -17.718286, 0.693082, 89517, 4237.860365 
20, -17.718286, 0.622357, 113305, 7200.379225 
