1, -838.016778, 0.508475, 1251, 2.126702 
2, -673.691269, 0.638404, 1877, 3.206172 
3, -625.770742, 0.679570, 2503, 4.699909 
4, -117.320479, 0.655139, 6259, 23.493921 
5, -116.501385, 0.621841, 6885, 26.088285 
6, -89.837162, 0.518458, 14397, 110.839706 
7, -85.470248, 0.509276, 16901, 170.933406 
8, -76.212831, 0.553477, 20657, 318.623799 
9, -70.062675, 0.556356, 26291, 588.215152 
10, -64.747922, 0.555399, 26917, 633.732466 
11, -56.650802, 0.544120, 28795, 842.206300 
12, -45.639698, 0.507481, 38185, 1441.888397 
13, -39.053277, 0.499941, 41315, 1687.788455 
14, -28.424257, 0.524575, 62599, 3905.035842 
15, -12.259938, 0.520397, 63225, 3973.740561 
16, 27.697641, 0.476761, 68859, 4661.968932 
17, 27.697641, 0.434867, 80753, 7200.975708 
