1, -125.958385, 0.564885, 3129, 7.463107 
2, -112.098413, 0.540453, 15023, 161.197155 
3, -110.952911, 0.508099, 16901, 187.770602 
4, -109.222831, 0.455706, 18153, 225.991368 
5, -108.436821, 0.452399, 18779, 251.694228 
6, -105.869764, 0.435771, 20657, 310.727952 
7, -75.758480, 0.584330, 23161, 401.586204 
8, -75.518509, 0.551320, 25665, 558.980778 
9, -62.396085, 0.502898, 28169, 714.937556 
10, -38.414340, 0.526131, 33803, 1002.323797 
11, -35.028433, 0.528136, 35681, 1111.078752 
12, -34.367807, 0.521717, 50705, 2121.650432 
13, -33.762521, 0.521736, 54461, 2349.402475 
14, -29.422156, 0.527815, 77623, 4741.757912 
15, -29.422156, 0.523166, 93273, 7201.182385 
