1, -634.724975, 0.637755, 1877, 2.832904 
2, -349.982018, 0.745098, 3755, 10.254851 
3, -343.234723, 0.579725, 6259, 28.623717 
4, -169.006468, 0.604010, 10641, 67.544802 
5, -138.696964, 0.620038, 12519, 81.460030 
6, -129.767742, 0.577293, 13771, 97.027364 
7, -120.572763, 0.553039, 15023, 114.504201 
8, -117.152683, 0.542725, 15649, 125.204364 
9, -109.800135, 0.531674, 16275, 132.267071 
10, -66.837566, 0.559635, 56339, 1413.991809 
11, -62.364662, 0.554370, 63851, 1811.210082 
12, -59.946477, 0.554352, 71989, 2389.507345 
13, -56.692865, 0.556055, 80127, 2973.197733 
14, -50.645526, 0.531230, 87639, 3489.848208 
15, -50.645526, 0.499554, 115183, 7200.223629 
