1, -803.895254, 0.508475, 1251, 2.222615 
2, -133.870284, 0.714286, 1877, 4.074962 
3, -123.933008, 0.669291, 2503, 7.006335 
4, -123.104510, 0.604128, 4381, 21.958213 
5, -123.067995, 0.559239, 11893, 105.241937 
6, -118.955075, 0.543355, 12519, 121.375064 
7, -114.455202, 0.518584, 13771, 140.939899 
8, -113.293347, 0.540622, 21283, 251.674101 
9, -109.868359, 0.515471, 28795, 389.017608 
10, -108.570593, 0.531713, 36307, 583.819951 
11, -106.382775, 0.529266, 46949, 1042.489195 
12, -106.215232, 0.522286, 48201, 1086.149060 
13, -106.215232, 0.516302, 127077, 7200.441797 
