1, -220.472488, 0.613757, 1877, 3.915189 
2, -141.408875, 0.411859, 3755, 9.254951 
3, -111.813189, 0.498562, 6885, 26.945282 
4, -95.427690, 0.434097, 13145, 196.266924 
5, -79.254505, 0.498253, 25665, 886.565211 
6, -76.667333, 0.520191, 26291, 911.860263 
7, -75.405326, 0.510335, 28169, 1070.343328 
8, -72.372014, 0.493040, 31299, 1361.526017 
9, -69.478589, 0.477149, 41315, 2314.120783 
10, -55.811697, 0.662868, 43193, 2519.967869 
11, -50.061427, 0.648384, 44445, 2732.326417 
12, -33.553177, 0.642800, 45071, 2818.193451 
13, -30.935332, 0.632577, 45697, 2953.144811 
14, -26.524355, 0.583047, 51331, 4210.209479 
15, -9.091965, 0.585665, 53209, 4719.941222 
16, -0.758625, 0.597092, 53835, 4792.956221 
17, 0.603144, 0.609452, 55087, 5005.356528 
18, 1.451298, 0.606261, 57591, 5640.586796 
19, 5.564559, 0.603186, 59469, 6199.458071 
20, 7.324868, 0.601525, 61347, 6403.160280 
21, 124.794131, 0.603358, 61973, 6591.253219 
22, 132.001740, 0.586442, 63225, 6958.304891 
23, 132.001740, 0.594145, 63851, 7200.637585 
