1, -771.186190, 0.586441, 1251, 2.135188 
2, -359.400241, 0.513228, 1877, 3.279093 
3, -138.384748, 0.560644, 3755, 11.468681 
4, -132.973266, 0.530495, 4381, 13.273945 
5, -130.132152, 0.501066, 5007, 15.343545 
6, -125.396310, 0.475426, 5633, 17.999086 
7, -110.435659, 0.550253, 10015, 49.954342 
8, -110.219326, 0.521466, 11267, 64.368627 
9, -109.353206, 0.518859, 13145, 81.551332 
10, -107.714565, 0.472000, 15649, 119.023533 
11, -99.207870, 0.518446, 33803, 577.746515 
12, -93.193589, 0.471830, 55087, 2080.638970 
13, -72.625492, 0.495840, 58217, 2495.057454 
14, -61.820905, 0.644205, 66981, 3770.243808 
15, -60.480726, 0.627897, 70737, 4366.318015 
16, -50.054785, 0.616286, 74493, 4960.984033 
17, -48.521625, 0.613534, 75119, 5032.264056 
18, -33.863068, 0.612572, 75745, 5163.850875 
19, -26.748120, 0.607415, 77623, 5554.849152 
20, -23.424888, 0.615565, 78249, 5755.227335 
21, -14.137059, 0.612302, 78875, 5864.731684 
22, -9.730463, 0.608072, 79501, 5949.974209 
23, -9.730463, 0.595906, 84509, 7200.031883 
