1, -901.368319, 0.661017, 1251, 2.144307 
2, -432.191159, 0.487685, 1877, 4.735064 
3, -209.022006, 0.635000, 3129, 18.091913 
4, -175.523727, 0.594542, 4381, 29.976079 
5, -132.165132, 0.467477, 6259, 44.826697 
6, -109.804809, 0.503766, 13145, 127.460605 
7, -102.130813, 0.475028, 15649, 162.398621 
8, -45.719236, 0.546237, 18779, 228.629156 
9, -10.721535, 0.478298, 23161, 399.933031 
10, 0.732783, 0.480703, 33803, 1068.949302 
11, 1.394386, 0.407400, 74493, 5844.821296 
12, 1.394386, 0.463903, 81379, 7200.471073 
