1, -453.904266, 0.600446, 1877, 6.246543 
2, -449.746411, 0.493706, 2503, 12.353535 
3, -113.360578, 0.568362, 3755, 19.256068 
4, -112.034886, 0.500000, 5007, 30.682661 
5, -59.343705, 0.623536, 10015, 93.329473 
6, -57.959278, 0.612007, 10641, 110.707804 
7, -56.615789, 0.601061, 11267, 118.456801 
8, -51.446951, 0.575626, 13145, 142.110955 
9, -48.425847, 0.670442, 21283, 355.045149 
10, -44.636628, 0.640625, 23787, 425.368143 
11, -43.710139, 0.561524, 48827, 2165.478815 
12, -2.815332, 0.706650, 64477, 4216.198569 
13, 5.154179, 0.716777, 65103, 4266.854172 
14, 22.499060, 0.715004, 65729, 4334.627865 
15, 26.504275, 0.700000, 66355, 4376.790409 
16, 28.690803, 0.695452, 67607, 4689.044097 
17, 52.020586, 0.693411, 68233, 4719.922029 
18, 59.922982, 0.647436, 75745, 5601.345188 
19, 62.271362, 0.644543, 76371, 5826.590796 
20, 84.595173, 0.611580, 79501, 6354.424814 
21, 108.967151, 0.579542, 83257, 7074.662326 
22, 113.612593, 0.560194, 83883, 7202.145147 
