1, -124.390098, 0.627645, 3129, 5.680663 
2, -119.767701, 0.481053, 9389, 49.191037 
3, -115.208154, 0.464220, 10015, 63.441483 
4, -110.394345, 0.448980, 10641, 73.118305 
5, -107.590414, 0.472540, 16901, 150.427453 
6, -107.044239, 0.498177, 28795, 362.999537 
7, -106.254192, 0.484215, 62599, 1503.043275 
8, -102.509367, 0.565607, 65729, 1622.761043 
9, -102.381390, 0.558659, 68233, 1781.209151 
10, -98.595642, 0.547876, 70111, 1939.888368 
11, -96.869808, 0.545771, 71363, 2035.553813 
12, -96.758780, 0.523410, 76997, 2526.204697 
13, -79.289468, 0.488977, 83257, 3170.802195 
14, -70.632062, 0.487875, 103915, 7090.347959 
15, -70.632062, 0.511921, 103915, 7200.104864 
