1, -114.984556, 0.470439, 4381, 21.706502 
2, -108.889630, 0.519435, 5633, 29.114740 
3, -106.418329, 0.490363, 14397, 157.130568 
4, 17.499017, 0.742237, 46949, 1228.652177 
5, 19.870696, 0.739114, 47575, 1253.434267 
6, 21.358575, 0.736366, 48201, 1290.694015 
7, 22.272560, 0.725361, 50079, 1396.080303 
8, 48.877723, 0.767287, 55713, 1735.788060 
9, 75.718288, 0.707165, 56339, 1793.808335 
10, 80.072474, 0.616406, 61347, 2156.076224 
11, 88.768262, 0.463227, 78875, 4626.241272 
12, 88.768262, 0.459119, 89517, 7202.573210 
