1, -129.599089, 0.438825, 2503, 5.023415 
2, -113.748689, 0.487682, 10015, 53.368526 
3, -106.310602, 0.503385, 10641, 70.602156 
4, -70.947359, 0.606673, 16275, 206.917286 
5, -68.944730, 0.588327, 16901, 224.108119 
6, -60.113914, 0.505640, 25665, 471.807801 
7, -58.913584, 0.501023, 32551, 750.161104 
8, -37.839172, 0.521949, 48827, 1567.139566 
9, -22.956242, 0.517328, 49453, 1670.099741 
10, -19.705292, 0.530303, 74493, 3738.859762 
11, -0.835959, 0.534155, 99533, 6130.168719 
12, -0.835959, 0.597190, 108297, 7200.667530 
