1, -545.773247, 0.000000, 625, 0.198200 
1, -158.178119, 0.426499, 2503, 18.488125 
2, -145.211804, 0.582080, 6259, 54.051059 
3, -134.391015, 0.544865, 8137, 74.976048 
4, -133.738034, 0.556426, 8763, 82.028519 
5, -125.747785, 0.554653, 13145, 151.094122 
6, -125.530585, 0.508812, 18153, 262.573470 
7, -118.467125, 0.500556, 18779, 292.610026 
8, -117.479505, 0.526067, 26291, 514.045113 
9, -110.021700, 0.512122, 29421, 643.052149 
10, -61.510141, 0.630706, 35055, 897.580130 
11, -57.415044, 0.627331, 35681, 913.574015 
12, -51.058753, 0.622076, 36307, 944.615133 
13, -48.762269, 0.633573, 40063, 1165.427113 
14, -46.071312, 0.631201, 40689, 1211.885529 
15, -44.943233, 0.628617, 41315, 1256.367115 
16, -43.092141, 0.557784, 47575, 1911.212391 
17, -41.300989, 0.552110, 55087, 2550.804693 
18, -36.318988, 0.537470, 63225, 3358.298206 
19, -36.318988, 0.513602, 92021, 7200.464173 
