1, -940.068477, 0.000000, 625, 0.776927 
1, -715.095811, 0.702413, 1251, 4.916447 
2, -641.068495, 0.606164, 1877, 7.434818 
3, -636.414002, 0.529412, 2503, 9.508691 
4, -139.491591, 0.690058, 3755, 20.563976 
5, -131.208377, 0.656573, 4381, 27.033781 
6, -128.177252, 0.642904, 5007, 34.334733 
7, -127.707972, 0.566555, 7511, 56.683511 
8, -124.769130, 0.542497, 8763, 70.576766 
9, -120.662518, 0.516854, 10015, 88.971171 
10, -115.333333, 0.539555, 10641, 106.062422 
11, -115.234198, 0.558194, 20031, 595.718441 
12, -104.270454, 0.578163, 21283, 651.413448 
13, -95.256756, 0.581827, 22535, 682.422813 
14, -86.752706, 0.553855, 26291, 797.748932 
15, -73.908755, 0.567582, 30673, 922.015305 
16, -57.933525, 0.565085, 31299, 947.031370 
17, -16.781317, 0.562654, 31925, 964.639991 
18, 41.010992, 0.624860, 53835, 2157.208937 
19, 52.007019, 0.620183, 54461, 2247.043203 
20, 70.843785, 0.618062, 55087, 2303.042403 
21, 91.406808, 0.600636, 58843, 2676.443762 
22, 98.647473, 0.515207, 65103, 3368.641237 
23, 111.201454, 0.445415, 81379, 6290.720120 
24, 111.201454, 0.414883, 86387, 7200.140452 
