1, -540.291766, 0.000000, 625, 0.289008 
1, -363.750515, 0.699634, 1877, 7.413233 
2, -178.036149, 0.617310, 5633, 46.651501 
3, -116.701361, 0.609492, 6259, 51.480068 
4, -110.302268, 0.622552, 8137, 80.182535 
5, -89.530350, 0.578610, 10015, 96.786125 
6, -54.876675, 0.582734, 22535, 392.850079 
7, -32.180695, 0.570900, 23787, 437.902606 
8, -19.903705, 0.652262, 24413, 469.974836 
9, -16.788369, 0.643753, 25665, 517.765020 
10, 13.160344, 0.637317, 26291, 547.127687 
11, 19.667422, 0.453852, 35055, 1128.638748 
12, 20.047047, 0.483327, 46323, 2156.225101 
13, 20.891624, 0.462198, 50705, 2676.033781 
14, 28.917092, 0.454308, 71989, 6025.132248 
15, 28.917092, 0.456762, 78249, 7200.134066 
