1, -137.848641, 0.000000, 625, 0.118380 
1, -116.308132, 0.568465, 3129, 17.373201 
2, -107.018890, 0.590112, 5633, 41.451472 
3, -106.789908, 0.552745, 11893, 102.348311 
4, -103.660493, 0.535700, 14397, 139.408190 
5, -83.108746, 0.712889, 35681, 603.416321 
6, -75.896678, 0.686388, 37559, 673.606170 
7, -73.707261, 0.635764, 42567, 1118.728991 
8, -24.952531, 0.653186, 43193, 1180.729350 
9, -14.315551, 0.646484, 43819, 1238.178984 
10, -6.313983, 0.615707, 45697, 1355.539054 
11, -3.115719, 0.602834, 49453, 1774.369672 
12, 2.594184, 0.586282, 53835, 2218.382568 
13, 21.601757, 0.583092, 57591, 2592.477046 
14, 25.750151, 0.571154, 66981, 3779.925298 
15, 32.630098, 0.530311, 71363, 4483.828352 
16, 69.015059, 0.495482, 73241, 4760.876168 
17, 76.765820, 0.469481, 82631, 6356.383885 
18, 76.765820, 0.560544, 85761, 7200.715552 
