1, -530.736218, 0.000000, 625, 0.279021 
1, -392.683366, 0.474346, 2503, 7.828439 
2, -233.608540, 0.659804, 3129, 15.296465 
3, -156.182447, 0.619197, 6259, 46.505351 
4, -149.896162, 0.608198, 6885, 53.765314 
5, -144.510418, 0.546039, 8137, 68.579796 
6, -136.027142, 0.534085, 8763, 76.259386 
7, -124.393799, 0.524049, 18779, 230.206984 
8, -120.048604, 0.515207, 19405, 250.551168 
9, -118.908369, 0.507674, 20031, 265.944399 
10, -118.256426, 0.504430, 20657, 271.097840 
11, -117.687943, 0.534080, 41315, 788.350525 
12, -6.642217, 0.668635, 46949, 1011.734886 
13, 6.610233, 0.520271, 56339, 1700.346463 
14, 6.901655, 0.422902, 71989, 3563.756479 
15, 6.901655, 0.465104, 93899, 7200.244602 
