1, -569.539098, 0.000000, 625, 0.303929 
1, -530.957967, 0.692478, 2503, 8.289494 
2, -339.896205, 0.644737, 4381, 27.942050 
3, -191.307758, 0.634427, 6259, 48.993780 
4, -131.708916, 0.682320, 6885, 52.396044 
5, -128.971758, 0.663816, 7511, 55.989261 
6, -122.034599, 0.597274, 10015, 76.642292 
7, -121.798464, 0.544793, 31299, 489.016833 
8, -107.273142, 0.795780, 42567, 914.790285 
9, -107.044084, 0.691916, 45071, 1125.865820 
10, -93.527745, 0.745549, 53209, 2005.568248 
11, -88.528796, 0.673707, 56339, 2434.074183 
12, -86.218402, 0.764180, 57591, 2599.057197 
13, -74.027470, 0.739210, 61973, 3172.722714 
14, -69.304932, 0.722127, 66981, 3743.717683 
15, -57.116231, 0.688535, 79501, 5843.685272 
16, -57.116231, 0.666925, 87013, 7200.447920 
