1, -554.767069, 0.000000, 625, 0.175102 
1, -207.676383, 0.567468, 3129, 13.317178 
2, -174.587928, 0.516129, 4381, 22.717699 
3, -131.834645, 0.572414, 8137, 52.563943 
4, -125.814546, 0.495925, 10641, 83.978303 
5, -112.119322, 0.494355, 12519, 123.852234 
6, -109.579559, 0.548506, 13771, 145.759244 
7, -106.939094, 0.538809, 16275, 190.342274 
8, -105.443378, 0.550827, 23787, 372.623632 
9, -68.511819, 0.575137, 24413, 385.364910 
10, -62.973265, 0.544780, 29421, 588.432534 
11, -50.588563, 0.547326, 32551, 689.040621 
12, -46.372445, 0.546621, 37559, 869.080384 
13, -28.746602, 0.516463, 47575, 1289.285343 
14, -28.746602, 0.505301, 114557, 7200.182084 
