1, -298.256027, 0.476608, 1251, 2.162706 
2, -278.461245, 0.357320, 6259, 31.188597 
3, -240.005640, 0.499820, 15023, 144.776268 
4, -212.359537, 0.583078, 16275, 191.166767 
5, -179.164996, 0.560142, 17527, 220.073731 
6, -144.106479, 0.558406, 18779, 253.286906 
7, -114.075957, 0.544028, 21909, 357.283983 
8, -112.185092, 0.537798, 22535, 369.040747 
9, -109.262288, 0.497442, 31299, 567.203335 
10, -108.931380, 0.486734, 34429, 666.109831 
11, -45.633624, 0.714741, 61973, 1758.111264 
12, -28.469201, 0.660193, 63851, 1857.214294 
13, -24.594636, 0.639377, 66355, 2084.315315 
14, -17.812091, 0.565079, 71989, 2706.401552 
15, -2.910524, 0.535580, 75745, 3094.494405 
16, 15.106404, 0.514279, 80753, 3795.486345 
17, 15.106404, 0.551790, 100785, 7200.023284 
