1, -362.021627, 0.643275, 1251, 1.685619 
2, -358.055508, 0.480730, 1877, 3.860920 
3, -116.967504, 0.651316, 3755, 11.608234 
4, -115.772290, 0.611905, 4381, 16.661253 
5, -115.330231, 0.546025, 5633, 24.856978 
6, -112.433413, 0.476881, 6259, 30.139418 
7, -108.356610, 0.420870, 10015, 92.165043 
8, -96.766203, 0.422955, 15649, 232.718417 
9, -51.344760, 0.405547, 17527, 280.509876 
10, -38.466106, 0.467353, 21909, 480.064382 
11, -27.266309, 0.451503, 24413, 620.775160 
12, -8.835461, 0.470337, 36307, 1393.175753 
13, 26.465828, 0.470478, 41941, 1830.132773 
14, 26.465828, 0.425172, 75119, 7200.272137 
