1, -340.876544, 0.622807, 1251, 2.453785 
2, -199.125848, 0.496216, 4381, 18.333371 
3, -136.043572, 0.478564, 5007, 20.966593 
4, -127.028033, 0.455801, 5633, 24.464644 
5, -126.559150, 0.526222, 9389, 51.898887 
6, -64.336826, 0.586325, 10015, 59.148676 
7, -27.762472, 0.432352, 18779, 365.672951 
8, -6.671333, 0.521148, 20657, 416.213979 
9, -5.741074, 0.457238, 28795, 784.927017 
10, 20.557480, 0.470272, 35055, 1117.406194 
11, 51.904878, 0.479625, 38185, 1312.518954 
12, 52.515320, 0.484133, 41315, 1523.992775 
13, 83.394007, 0.520307, 44445, 1723.810328 
14, 96.798411, 0.460083, 87013, 6535.113521 
15, 96.798411, 0.502798, 90769, 7200.543340 
