1, -89.160217, 0.587413, 12519, 113.965077 
2, -64.656467, 0.574713, 13145, 121.654742 
3, -46.749249, 0.561971, 15023, 166.291059 
4, -36.172228, 0.533711, 20031, 266.604300 
5, -35.352202, 0.528695, 21283, 288.275728 
6, -20.532474, 0.531318, 23787, 337.867071 
7, 48.309601, 0.577515, 27543, 461.670513 
8, 64.023556, 0.576074, 28795, 509.319971 
9, 66.402567, 0.580429, 30047, 590.636571 
10, 70.433207, 0.545723, 33177, 859.597485 
11, 84.107523, 0.498011, 55087, 4340.191185 
12, 99.965487, 0.469533, 64477, 6492.188728 
13, 99.965487, 0.468586, 67607, 7200.227215 
