1, -132.050994, 0.408780, 5633, 25.620037 
2, -118.272149, 0.620997, 10641, 72.834262 
3, -115.690262, 0.580587, 20657, 271.421597 
4, -115.306209, 0.526325, 31299, 527.230705 
5, -112.841439, 0.530420, 36933, 765.442178 
6, -96.592756, 0.561486, 40689, 961.844401 
7, -94.776855, 0.532494, 45697, 1343.649730 
8, -93.785359, 0.617139, 64477, 3215.615206 
9, -60.143219, 0.608324, 65103, 3250.182389 
10, -58.081819, 0.582403, 71989, 4044.088700 
11, -47.550076, 0.568264, 77623, 4673.273192 
12, -45.345826, 0.557078, 85761, 5772.094765 
13, -45.155997, 0.554737, 88265, 6169.623374 
14, -37.437480, 0.551188, 90143, 6465.000243 
15, -37.437480, 0.536878, 94525, 7200.406971 
