1, -127.536221, 0.495114, 3755, 13.795883 
2, -124.960985, 0.575931, 5007, 23.295839 
3, -119.843230, 0.544541, 8137, 47.781108 
4, -117.663719, 0.458963, 11267, 73.508999 
5, -110.537740, 0.529123, 20657, 234.588890 
6, -107.441264, 0.550252, 23787, 289.677867 
7, -37.448248, 0.682015, 26917, 379.660010 
8, -33.638986, 0.608101, 37559, 919.472182 
9, -31.173127, 0.593540, 41315, 1171.947734 
10, -7.978002, 0.620728, 50079, 1790.749636 
11, -6.935545, 0.613742, 51331, 1863.598869 
12, 5.330882, 0.603047, 53209, 2021.900416 
13, 9.260687, 0.512428, 66355, 3318.955401 
