1, -936.980017, 0.622807, 1251, 2.231724 
2, -346.850270, 0.549669, 2503, 7.556243 
3, -277.807832, 0.613485, 5007, 28.936039 
4, -130.140203, 0.619080, 6259, 48.485762 
5, -112.043401, 0.581654, 9389, 90.554427 
6, -109.181305, 0.498300, 10641, 125.235354 
7, -107.613315, 0.481429, 23787, 429.379616 
8, -106.296071, 0.485340, 39437, 1015.732908 
9, -104.338229, 0.640783, 41315, 1112.827261 
10, -101.540218, 0.638561, 56965, 2270.028144 
11, -99.719531, 0.540933, 65103, 2994.106282 
12, -31.828155, 0.549348, 68233, 3319.791786 
13, -26.876913, 0.544986, 73867, 3946.663626 
14, -25.522175, 0.540716, 78875, 4418.923221 
15, -25.522175, 0.536617, 100785, 7200.141678 
