1, -777.906602, 0.470760, 1251, 1.712011 
2, -644.866174, 0.527578, 1877, 3.687425 
3, -513.429895, 0.621716, 2503, 6.367845 
4, -416.307233, 0.547546, 3129, 10.905125 
5, -119.919980, 0.581281, 4381, 17.184437 
6, -89.271050, 0.539601, 13145, 103.595205 
7, -87.344180, 0.462413, 17527, 192.071076 
8, -70.583076, 0.576185, 20657, 286.359198 
9, -54.537466, 0.569205, 21283, 310.918926 
10, -32.574297, 0.561865, 22535, 336.674263 
11, 15.655195, 0.612636, 26917, 472.836726 
12, 18.700658, 0.579508, 28795, 587.314834 
13, 68.650986, 0.562692, 31925, 729.058021 
14, 101.939856, 0.511705, 35055, 918.442106 
15, 110.826977, 0.465164, 37559, 1125.320095 
16, 112.421536, 0.469130, 39437, 1370.269647 
17, 114.824317, 0.429585, 56339, 3285.379758 
18, 135.617328, 0.403292, 74493, 6280.613716 
19, 135.617328, 0.406839, 78249, 7200.758177 
