1, -576.944101, 0.000000, 625, 0.243958 
1, -384.251100, 0.594684, 1251, 2.302034 
2, -128.251446, 0.594110, 5007, 19.080678 
3, -112.948337, 0.615746, 5633, 22.152114 
4, -111.597210, 0.580328, 6259, 25.418863 
5, -108.459401, 0.556691, 6885, 31.565976 
6, -108.279306, 0.573320, 13145, 86.127170 
7, -107.472682, 0.553048, 14397, 102.166965 
8, 0.305462, 0.789324, 20031, 180.656337 
9, 21.399544, 0.613988, 25665, 374.569330 
10, 64.937227, 0.569419, 36307, 886.434662 
11, 64.937227, 0.557792, 93899, 7200.098708 
