1, -530.736218, 0.000000, 625, 0.217775 
1, -307.727298, 0.607973, 1251, 1.462003 
2, -105.877408, 0.674121, 3129, 8.524656 
3, 14.924168, 0.673550, 7511, 50.033111 
4, 29.319690, 0.630137, 8137, 65.306785 
5, 45.901103, 0.682422, 25665, 946.143402 
6, 52.923007, 0.678219, 26917, 1076.260374 
7, 53.649825, 0.669126, 28169, 1211.462350 
8, 54.899620, 0.621998, 30047, 1413.997185 
9, 70.050103, 0.624218, 31299, 1552.817883 
10, 82.158149, 0.608146, 36307, 2286.065838 
11, 108.206697, 0.609185, 49453, 4915.342316 
12, 118.612876, 0.608353, 50079, 5082.401617 
13, 126.490260, 0.609105, 50705, 5221.206891 
14, 154.183394, 0.607695, 51331, 5342.760789 
15, 179.551132, 0.605944, 52583, 5608.852042 
16, 179.551132, 0.572261, 59469, 7200.138519 
