1, -1001.344701, 0.000000, 625, 0.848696 
1, -912.878951, 0.461794, 1251, 2.926525 
2, -778.142484, 0.616188, 1877, 4.825648 
3, -641.364793, 0.529412, 2503, 7.485461 
4, -447.128004, 0.503367, 3129, 11.254031 
5, -409.338649, 0.610825, 3755, 20.418489 
6, -357.116647, 0.555330, 5007, 35.144995 
7, -113.126185, 0.623083, 5633, 39.618431 
8, -112.467571, 0.604878, 6259, 44.266737 
9, -110.866870, 0.574576, 7511, 65.889686 
10, -107.229546, 0.494946, 10641, 138.238805 
11, -105.929745, 0.519023, 16275, 284.352776 
12, -105.182462, 0.502591, 19405, 368.568468 
13, -91.881825, 0.612022, 20657, 410.299947 
14, -69.098020, 0.600617, 22535, 460.011320 
15, -57.759911, 0.585409, 30047, 779.790737 
16, 68.594070, 0.615187, 33177, 923.870761 
17, 126.462601, 0.598758, 34429, 985.748976 
18, 159.546378, 0.570492, 36307, 1110.132258 
