1, -940.068477, 0.000000, 625, 0.762070 
1, -734.215761, 0.531561, 1251, 1.933360 
2, -645.287720, 0.347584, 2503, 4.878666 
3, -317.184698, 0.506667, 3129, 7.279448 
4, -212.326752, 0.560294, 3755, 16.137218 
5, -135.560992, 0.787758, 6259, 50.733493 
6, -132.895228, 0.756997, 6885, 62.875311 
7, -111.839087, 0.786839, 8763, 107.262322 
8, -105.087052, 0.750649, 9389, 124.713786 
9, -95.479799, 0.723543, 10641, 152.794708 
10, -70.342940, 0.734109, 11267, 169.763838 
11, -45.976042, 0.748938, 13771, 254.732339 
12, -38.870478, 0.744409, 16275, 404.504789 
13, -30.386570, 0.732732, 20657, 650.668911 
14, -29.004956, 0.631396, 27543, 1140.685000 
15, -27.510272, 0.630128, 28795, 1197.748326 
16, -13.117375, 0.627576, 30047, 1324.478648 
17, -13.117375, 0.612249, 75119, 7200.603841 
