1, -537.875541, 0.000000, 625, 0.226531 
1, -144.746769, 0.623932, 2503, 7.465194 
2, -99.780883, 0.673895, 5633, 29.046646 
3, -89.029161, 0.624682, 7511, 49.104276 
4, -88.160821, 0.616186, 8137, 54.247758 
5, -87.574385, 0.608798, 8763, 62.418679 
6, -86.096544, 0.534600, 23787, 460.116890 
7, -17.600548, 0.712648, 28169, 590.360656 
8, 92.075129, 0.649540, 31925, 927.440972 
9, 99.425852, 0.535531, 37559, 1535.056588 
10, 110.070540, 0.512345, 40063, 1885.070897 
11, 112.614644, 0.490312, 65103, 5853.421059 
12, 112.614644, 0.501584, 71363, 7200.482903 
