1, -827.505314, 0.000000, 625, 0.651925 
1, -777.906602, 0.594684, 1251, 1.857925 
2, -587.562118, 0.598404, 1877, 4.424981 
3, -113.943134, 0.539683, 3129, 7.492438 
4, -69.304527, 0.704722, 13771, 113.998441 
5, -33.162622, 0.696358, 14397, 125.371667 
6, -6.948250, 0.619714, 18779, 215.426371 
7, -0.067760, 0.635004, 31925, 704.938276 
8, 20.055432, 0.633975, 32551, 726.504580 
9, 20.425692, 0.575455, 56339, 2259.233957 
10, 23.577828, 0.585593, 63225, 2915.240993 
11, 23.577828, 0.582850, 97655, 7201.060785 
