1, -117.388764, 0.466942, 5007, 17.991357 
2, -104.249543, 0.488095, 6885, 29.639939 
3, -96.747598, 0.464978, 7511, 35.736993 
4, -95.215764, 0.428288, 8763, 46.866930 
5, -71.563265, 0.427467, 12519, 89.911188 
6, -69.017541, 0.377607, 33803, 693.656637 
7, -63.569360, 0.561246, 39437, 925.446791 
8, -60.863761, 0.556505, 40689, 973.765526 
9, -57.941471, 0.556615, 41315, 1039.950946 
10, -53.758161, 0.557899, 41941, 1079.778227 
11, -51.679905, 0.551796, 46323, 1471.446497 
12, -49.890136, 0.526900, 56965, 2572.324179 
13, -46.904480, 0.528341, 59469, 2923.958447 
14, -46.719523, 0.526184, 60721, 3094.978304 
15, -44.691130, 0.502823, 72615, 4637.454781 
16, -44.691130, 0.491290, 88891, 7200.416951 
