1, -140.689669, 0.453346, 5007, 23.060849 
2, -140.688379, 0.439965, 5633, 27.042798 
3, -136.567148, 0.353478, 15649, 174.095033 
4, -129.696027, 0.452350, 23787, 429.940957 
5, -129.392160, 0.448056, 24413, 448.172571 
6, -127.847468, 0.445660, 28169, 671.880723 
7, -125.394179, 0.448512, 30047, 766.815652 
8, -124.437107, 0.445575, 30673, 795.892451 
9, -107.532607, 0.465588, 33177, 992.215630 
10, -90.452656, 0.604832, 33803, 1037.091260 
11, -85.265038, 0.601375, 34429, 1056.714510 
12, -50.746086, 0.602288, 35055, 1094.168698 
13, -49.998323, 0.535572, 41315, 1608.971396 
14, -42.901472, 0.518642, 51957, 2803.042288 
15, -36.491396, 0.512266, 59469, 3775.273328 
16, -29.838780, 0.596523, 61973, 4065.119459 
17, -29.791106, 0.564079, 65103, 4563.127362 
18, -21.483772, 0.558963, 66355, 4707.971449 
19, -14.243051, 0.543684, 70111, 5257.234189 
20, -14.243051, 0.515142, 82005, 7200.166229 
