1, -313.260029, 0.547541, 2503, 7.364661 
2, -262.229149, 0.576608, 3755, 18.666871 
3, -246.594781, 0.468468, 4381, 27.490114 
4, -172.573216, 0.482993, 5007, 30.651736 
5, -135.544126, 0.414880, 7511, 49.587709 
6, -119.319881, 0.471471, 8137, 55.320547 
7, -117.909711, 0.464789, 9389, 70.469144 
8, -115.795529, 0.451305, 10015, 82.634833 
9, -106.674782, 0.499802, 13771, 148.270081 
10, -87.229102, 0.493627, 14397, 154.550648 
11, -60.961951, 0.493382, 21909, 341.951533 
12, -57.276223, 0.504778, 40689, 1051.319858 
13, -40.540782, 0.539444, 42567, 1150.996929 
14, -21.611880, 0.500420, 67607, 2429.102791 
15, -21.611880, 0.492495, 113305, 7200.283480 
