1, -355.735191, 0.642369, 1251, 2.706925 
2, -136.765888, 0.503311, 5633, 42.870556 
3, -130.936566, 0.491374, 6259, 49.213468 
4, -124.335505, 0.462963, 7511, 62.529598 
5, -110.111093, 0.539563, 9389, 100.721128 
6, -37.398167, 0.477353, 41315, 1183.883733 
7, -35.515634, 0.470264, 45071, 1447.466588 
8, -29.411839, 0.456405, 61973, 2879.519554 
9, 13.288019, 0.535160, 62599, 2938.294441 
10, 23.703211, 0.533059, 65729, 3263.385349 
11, 24.365275, 0.531442, 68233, 3589.306948 
12, 30.210886, 0.532310, 70111, 3858.838172 
13, 34.034793, 0.498245, 87013, 6151.921920 
14, 34.034793, 0.493328, 93273, 7200.857978 
