1, -821.431165, 0.642369, 1251, 4.040680 
2, -354.249608, 0.658349, 1877, 6.353596 
3, -342.207141, 0.496241, 3755, 15.033944 
4, -201.294629, 0.483871, 4381, 18.877772 
5, -176.531830, 0.450145, 5007, 22.820075 
6, -155.181725, 0.404663, 6259, 36.315150 
7, -151.688296, 0.397790, 6885, 43.254589 
8, -143.518330, 0.384929, 11267, 112.172325 
9, -135.131149, 0.445568, 12519, 127.999261 
10, -105.417493, 0.476505, 16275, 212.896879 
11, -99.690373, 0.448276, 20657, 332.330216 
12, -98.097993, 0.443140, 21283, 342.594016 
13, -89.528175, 0.438939, 33177, 940.349333 
14, -71.408954, 0.482165, 49453, 2324.616083 
15, -65.165557, 0.481281, 50079, 2349.429635 
16, -64.410554, 0.480666, 51957, 2519.446475 
17, -59.087970, 0.525820, 53209, 2655.660380 
18, -19.012093, 0.523269, 53835, 2785.753202 
19, 11.393200, 0.488457, 55087, 2897.487286 
20, 11.393200, 0.397840, 81379, 7200.089117 
