1, -136.776514, 0.427562, 3129, 11.773600 
2, -125.363736, 0.453061, 4381, 16.518543 
3, -89.714293, 0.601032, 5633, 28.304077 
4, -71.992892, 0.584174, 6259, 35.017541 
5, 0.743681, 0.559727, 8763, 95.166364 
6, 36.959211, 0.520921, 9389, 138.212686 
7, 53.018981, 0.463150, 11893, 244.286910 
8, 71.472659, 0.461846, 18153, 656.923586 
9, 115.808903, 0.464768, 18779, 687.852742 
10, 130.231508, 0.465025, 21283, 866.154662 
11, 131.312841, 0.462528, 23161, 998.765072 
12, 140.861957, 0.464759, 25665, 1149.164887 
13, 140.861957, 0.476333, 71989, 7200.546052 
