1, -335.673582, 0.690205, 1251, 2.196199 
2, -322.766031, 0.691630, 2503, 8.302508 
3, -258.491699, 0.576749, 3129, 11.465403 
4, -150.459400, 0.500901, 3755, 13.603984 
5, -134.843246, 0.458436, 5007, 22.771958 
6, -132.726578, 0.452020, 6885, 41.220653 
7, -125.837782, 0.438406, 7511, 45.862997 
8, -119.269109, 0.408097, 11267, 105.875088 
9, -111.566259, 0.471789, 21283, 292.503898 
10, -106.417786, 0.458206, 23161, 322.654390 
11, 14.955027, 0.591697, 38185, 800.919538 
12, 35.898904, 0.589085, 38811, 811.767503 
13, 51.494485, 0.590635, 39437, 843.487981 
14, 63.962383, 0.595316, 40063, 867.370360 
15, 74.271619, 0.536771, 41941, 965.961895 
16, 74.271619, 0.401045, 100159, 7200.067993 
