1, -285.031408, 0.569231, 2503, 5.933429 
2, -243.955062, 0.500000, 3129, 8.655344 
3, -144.761897, 0.484954, 3755, 10.933388 
4, -142.899240, 0.479226, 5633, 23.582586 
5, -138.242666, 0.436969, 6885, 36.182257 
6, -134.952326, 0.456510, 9389, 66.418059 
7, -130.881004, 0.446798, 10641, 82.336586 
8, -69.438793, 0.592781, 11267, 89.949824 
9, -52.978360, 0.590059, 11893, 100.446790 
10, -36.588346, 0.581715, 12519, 110.612277 
11, -21.822290, 0.594165, 13771, 129.129281 
12, -7.370615, 0.546522, 43193, 1579.251048 
13, 10.651555, 0.473951, 50079, 2438.497612 
14, 25.598037, 0.447526, 51957, 2715.568421 
15, 43.615355, 0.447411, 52583, 2765.958981 
16, 64.917384, 0.429669, 62599, 4113.628919 
17, 64.917384, 0.446497, 82631, 7200.065059 
