1, -105.345015, 0.517183, 13771, 113.226327 
2, -85.245648, 0.513284, 17527, 188.566120 
3, -84.869308, 0.469444, 23161, 298.411441 
4, -75.654105, 0.499367, 38185, 812.656329 
5, -25.175896, 0.567436, 53209, 1663.309987 
6, -22.076877, 0.548021, 54461, 1809.116798 
7, -16.296231, 0.532977, 55087, 1862.071773 
8, -2.719211, 0.512127, 56339, 2055.949309 
9, -1.076592, 0.504317, 57591, 2232.244764 
10, -0.404268, 0.479923, 66981, 3958.184891 
11, 5.688011, 0.473892, 72615, 5289.227139 
12, 5.688011, 0.468413, 78875, 7200.226707 
