1, -604.585329, 0.000000, 625, 0.234329 
1, -461.312220, 0.544236, 1251, 1.736637 
2, -314.608465, 0.587794, 2503, 9.210072 
3, -254.273005, 0.577417, 3755, 17.636543 
4, -252.275191, 0.565077, 4381, 20.201812 
5, -250.087896, 0.595046, 6885, 39.451170 
6, -71.677298, 0.571194, 8137, 47.749820 
7, -57.562589, 0.608675, 10015, 75.703195 
8, -55.963376, 0.599042, 11267, 96.040597 
9, -51.613983, 0.561041, 36933, 1057.293792 
10, -37.877087, 0.561867, 37559, 1090.402778 
11, -36.503998, 0.558256, 38811, 1149.184572 
12, -35.677908, 0.552584, 46949, 1709.192023 
13, -22.496152, 0.549903, 49453, 1944.461471 
14, 9.856851, 0.545678, 51331, 2120.387577 
15, 9.856851, 0.537039, 88891, 7200.862342 
