1, -827.505314, 0.000000, 625, 0.657399 
1, -623.556174, 0.595174, 1251, 2.839901 
2, -334.864863, 0.650426, 1877, 10.226404 
3, -202.503477, 0.614790, 2503, 20.294523 
4, -135.371042, 0.510668, 6885, 87.357806 
5, -111.912566, 0.600405, 11267, 187.264915 
6, -101.748868, 0.663717, 11893, 204.886222 
7, -80.366331, 0.637201, 13145, 226.030141 
8, -53.913384, 0.590310, 15649, 302.820898 
9, -42.114630, 0.475758, 25039, 593.118577 
10, -36.018028, 0.486439, 50079, 2014.591791 
11, -23.361636, 0.490795, 65103, 3290.593699 
12, -4.898026, 0.521101, 66355, 3470.227664 
13, 0.514192, 0.502298, 75745, 4665.546412 
14, 4.652480, 0.489508, 80127, 5367.356753 
15, 4.652480, 0.488658, 90769, 7202.376944 
