1, -802.307470, 0.000000, 625, 0.548349 
1, -384.573209, 0.632505, 2503, 10.656873 
2, -348.968051, 0.682664, 3129, 15.200163 
3, -346.659337, 0.696735, 3755, 19.613005 
4, -287.726862, 0.600429, 5007, 29.236998 
5, -148.527570, 0.574425, 5633, 35.016307 
6, -130.973220, 0.543578, 7511, 54.517196 
7, -123.275045, 0.553684, 8763, 73.311647 
8, -112.485428, 0.542348, 10015, 84.908908 
9, -111.387942, 0.548246, 11893, 111.054000 
10, -107.985367, 0.526926, 13145, 134.194823 
11, -106.187265, 0.554395, 20657, 338.784601 
12, -102.624072, 0.560421, 21283, 379.870407 
13, -59.726751, 0.553708, 21909, 413.962315 
14, -55.805036, 0.537850, 37559, 1636.074865 
15, -43.453340, 0.549870, 38811, 1838.145822 
16, -42.892056, 0.549982, 40689, 2016.381169 
17, -5.938291, 0.613174, 45071, 2540.924978 
18, 13.847934, 0.611577, 45697, 2585.201923 
19, 51.622112, 0.617390, 50705, 3098.360577 
20, 51.622112, 0.531136, 79501, 7200.200294 
