1, -566.342763, 0.000000, 625, 0.253761 
1, -303.301983, 0.707775, 1251, 3.711272 
2, -148.283598, 0.567010, 5007, 27.681365 
3, -136.731043, 0.554434, 6259, 34.691972 
4, -132.782314, 0.541838, 6885, 36.765844 
5, -116.149286, 0.526797, 7511, 40.899400 
6, -109.207588, 0.604361, 11267, 98.436509 
7, -108.054015, 0.608121, 14397, 151.971930 
8, -107.519841, 0.554572, 21909, 361.058794 
9, -54.822094, 0.632833, 30047, 636.446308 
10, -27.800819, 0.594048, 31299, 714.074173 
11, -17.796039, 0.574178, 32551, 812.576383 
12, 12.506549, 0.461185, 53209, 2504.622801 
13, 12.506549, 0.426864, 87639, 7200.296326 
