1, -131.017014, 0.000000, 625, 0.146548 
1, -83.330797, 0.758258, 4381, 45.420643 
2, -66.209150, 0.742913, 5633, 105.880516 
3, -63.343188, 0.696622, 6885, 154.897550 
4, -19.979651, 0.670857, 8763, 235.183035 
5, -11.453343, 0.566526, 11893, 432.999593 
6, -1.847080, 0.467740, 26291, 1885.289518 
7, 7.251174, 0.469372, 26917, 1928.497108 
8, 15.055306, 0.449617, 35055, 3281.113579 
9, 23.528587, 0.425392, 44445, 5160.396847 
10, 29.201831, 0.426948, 46949, 5708.139361 
11, 31.701306, 0.419448, 48201, 6019.447834 
12, 31.701306, 0.413828, 53209, 7200.096838 
