1, -149.427166, 0.000000, 625, 0.173820 
1, -131.114738, 0.638021, 3755, 18.833732 
2, -127.945118, 0.556611, 5633, 34.550352 
3, -66.869565, 0.746637, 22535, 348.120844 
4, 5.956534, 0.695343, 23787, 413.629388 
5, 35.901744, 0.661294, 25665, 487.974691 
6, 47.505280, 0.623656, 26917, 559.648775 
7, 60.464291, 0.519249, 31299, 834.240252 
8, 68.424872, 0.483048, 43193, 1513.515369 
9, 82.851145, 0.476499, 48827, 1970.558718 
10, 113.180971, 0.469968, 53209, 2501.683955 
11, 134.588263, 0.471818, 54461, 2617.290775 
12, 154.717144, 0.451266, 58217, 3038.932443 
13, 159.932500, 0.453230, 60095, 3372.665089 
14, 164.516375, 0.433823, 65729, 4241.649920 
15, 164.516375, 0.423750, 82005, 7200.827892 
