1, -657.131364, 0.000000, 625, 0.442349 
1, -480.695934, 0.625523, 2503, 14.166261 
2, -116.373085, 0.740079, 3129, 19.981893 
3, -94.148384, 0.590975, 6885, 67.259212 
4, -34.060915, 0.580769, 16275, 313.715913 
5, -19.650800, 0.566471, 18153, 413.111169 
6, -18.976983, 0.566633, 20031, 474.295562 
7, -17.948746, 0.553119, 21909, 622.305597 
8, -16.093555, 0.507105, 28169, 1014.338839 
9, 2.244103, 0.498242, 30047, 1157.924103 
10, 30.167213, 0.499960, 33177, 1399.008392 
11, 30.167213, 0.457105, 66981, 7200.724722 
