1, -760.765910, 0.000000, 625, 0.526189 
1, -567.165697, 0.724098, 1877, 6.688495 
2, -139.589900, 0.661647, 2503, 11.371890 
3, -137.885275, 0.638966, 3129, 15.897668 
4, -122.963454, 0.613070, 3755, 19.518347 
5, -120.988190, 0.553653, 16275, 182.994086 
6, -115.215973, 0.538417, 21283, 248.565533 
7, -22.792946, 0.618929, 26917, 364.928484 
8, 83.932743, 0.629118, 27543, 387.871438 
9, 96.686743, 0.619887, 28169, 429.536543 
10, 119.017317, 0.480183, 38811, 1053.444582 
11, 119.017317, 0.440220, 88265, 7200.580480 
