1, -545.773247, 0.000000, 625, 0.199410 
1, -214.214943, 0.667012, 4381, 18.389962 
2, -182.485153, 0.571970, 5633, 28.884769 
3, -109.152514, 0.606817, 10015, 100.472371 
4, -107.114879, 0.587602, 11267, 115.686177 
5, -74.649006, 0.751700, 27543, 531.818507 
6, -5.653764, 0.650561, 28169, 579.873103 
7, 2.380656, 0.642676, 28795, 630.388040 
8, 3.111531, 0.589727, 30047, 729.924925 
9, 71.950516, 0.508641, 33177, 987.451710 
10, 91.819779, 0.466272, 39437, 1663.226879 
11, 142.289282, 0.455546, 73867, 5961.599310 
12, 164.204718, 0.444674, 76997, 6547.811389 
13, 164.204718, 0.483740, 81379, 7200.109269 
