1, -981.698768, 0.000000, 625, 0.781560 
1, -838.016778, 0.574899, 1251, 2.633358 
2, -391.023932, 0.687770, 2503, 8.413138 
3, -355.526064, 0.613504, 3129, 11.541409 
4, -178.792313, 0.568345, 8137, 70.835272 
5, -95.493742, 0.477667, 8763, 83.876953 
6, -85.474654, 0.457723, 10015, 108.601260 
7, -71.681634, 0.459270, 11893, 143.688972 
8, -65.118067, 0.445040, 15023, 236.060320 
9, -53.695990, 0.437227, 19405, 381.658801 
10, -24.938650, 0.481481, 21909, 454.347464 
11, -24.938650, 0.450193, 90769, 7200.071679 
