1, -142.910086, 0.000000, 625, 0.137872 
1, -129.499207, 0.487867, 8137, 40.546617 
2, -127.045627, 0.542828, 10641, 66.310030 
3, -125.959203, 0.529238, 11267, 73.837529 
4, -122.943693, 0.500679, 16901, 172.882363 
5, -55.928714, 0.608520, 18153, 197.567011 
6, -22.417958, 0.610944, 18779, 205.113078 
7, -14.004599, 0.604780, 19405, 217.418723 
8, -10.679707, 0.481647, 37559, 967.615278 
9, -7.320243, 0.514386, 43819, 1351.713247 
10, 9.205595, 0.516141, 44445, 1384.633138 
11, 13.333188, 0.517421, 46323, 1538.851712 
12, 33.442779, 0.481862, 49453, 1768.131086 
13, 42.171638, 0.451872, 55087, 2215.368106 
14, 43.578479, 0.451151, 61347, 2877.636841 
15, 43.578479, 0.495623, 93899, 7200.374409 
