1, -760.765910, 0.000000, 625, 0.592840 
1, -684.525992, 0.597166, 1251, 2.700997 
2, -675.857529, 0.600244, 2503, 11.115348 
3, -662.364772, 0.543290, 3129, 16.376294 
4, -427.880090, 0.563948, 3755, 21.697876 
5, -262.981592, 0.513989, 5633, 44.796430 
6, -213.896013, 0.494498, 8137, 80.832487 
7, -200.949845, 0.594078, 8763, 95.073555 
8, -94.354343, 0.615116, 9389, 115.394157 
9, -70.379062, 0.586137, 11267, 141.433892 
10, -41.186133, 0.513901, 46949, 2266.730371 
11, 6.471497, 0.553821, 57591, 4118.947040 
12, 6.471497, 0.509106, 71363, 7200.015103 
