1, -600.981263, 0.000000, 625, 0.365548 
1, -459.318246, 0.487765, 1877, 5.901617 
2, -337.654398, 0.520588, 2503, 10.428719 
3, -321.675849, 0.406522, 3755, 15.387686 
4, -250.556259, 0.420959, 4381, 19.724574 
5, -132.006635, 0.604024, 10015, 91.120233 
6, -122.611764, 0.596965, 10641, 96.821654 
7, -117.048177, 0.574231, 11893, 108.634089 
8, -91.852000, 0.632938, 13145, 126.273749 
9, -82.610064, 0.611198, 13771, 137.698757 
10, -75.847313, 0.589961, 22535, 480.833531 
11, -74.330963, 0.586500, 23161, 507.062390 
12, -59.954307, 0.578362, 24413, 563.980780 
13, -46.279499, 0.568217, 29421, 726.017320 
14, -35.551798, 0.612233, 33803, 914.868072 
15, -11.768884, 0.613519, 34429, 933.853562 
16, -9.494369, 0.610525, 39437, 1134.477135 
17, -0.181003, 0.544738, 63225, 2742.794000 
18, -0.181003, 0.568126, 103915, 7200.209260 
