1, -129.828485, 0.000000, 625, 0.103758 
1, -126.423491, 0.496324, 5007, 27.355051 
2, -115.725080, 0.508141, 10015, 92.341083 
3, -108.211195, 0.561412, 11893, 109.428872 
4, -76.213033, 0.580053, 35055, 604.281166 
5, -68.126239, 0.572913, 36933, 672.382747 
6, -66.960611, 0.561065, 38811, 727.745374 
7, -60.907884, 0.553973, 40063, 779.674724 
8, -44.613535, 0.545522, 41315, 825.213222 
9, -40.590712, 0.536985, 85761, 3972.286143 
10, -23.190420, 0.599214, 113931, 6934.565155 
11, 18.151486, 0.599589, 115183, 7099.836159 
12, 18.151486, 0.597118, 115809, 7201.193053 
