1, -220.800013, 0.000000, 625, 0.188871 
1, -183.060876, 0.565313, 3129, 11.752887 
2, -131.358437, 0.555160, 17527, 211.801220 
3, -128.434179, 0.550611, 18779, 255.681963 
4, -127.014520, 0.564327, 20657, 286.944109 
5, -121.842373, 0.516784, 33177, 605.865366 
6, -119.230478, 0.522742, 40063, 849.422173 
7, -20.311608, 0.736080, 65103, 1947.904376 
8, 98.511820, 0.714165, 65729, 1989.471676 
9, 117.271622, 0.701927, 66355, 2052.220254 
10, 136.822150, 0.697922, 66981, 2084.030098 
11, 145.118600, 0.689059, 70737, 2325.101162 
12, 155.787742, 0.525515, 91395, 4981.366202 
13, 156.625035, 0.511964, 101411, 6574.430379 
14, 156.625035, 0.510875, 103289, 7200.560499 
