1, -554.767069, 0.000000, 625, 0.181418 
1, -449.665700, 0.594436, 2503, 9.972148 
2, -411.314530, 0.580645, 3129, 18.962572 
3, -381.860973, 0.426479, 3755, 22.022988 
4, -257.786347, 0.461746, 4381, 32.275376 
5, -130.425938, 0.577412, 6885, 60.150433 
6, -129.805793, 0.563155, 7511, 68.008985 
7, -125.770087, 0.540127, 10641, 98.995375 
8, -114.881228, 0.578148, 11267, 111.813272 
9, -109.482086, 0.563445, 11893, 118.488402 
10, -109.055322, 0.552532, 12519, 133.856679 
11, -108.375677, 0.542550, 13145, 141.616459 
12, -107.503438, 0.498863, 21283, 315.576869 
13, -93.161617, 0.569158, 27543, 517.903605 
14, -84.562977, 0.555993, 28169, 608.389014 
15, -82.928775, 0.523865, 30673, 697.390697 
16, -7.237215, 0.654132, 32551, 768.328475 
17, 4.312086, 0.638525, 33177, 814.737490 
18, 21.025730, 0.636273, 33803, 855.745217 
19, 47.785810, 0.572325, 52583, 2605.936094 
20, 47.785810, 0.532963, 76997, 7201.084617 
