1, -505.677704, 0.000000, 625, 0.321895 
1, -299.609628, 0.508097, 1251, 2.112450 
2, -119.279790, 0.444290, 2503, 7.786080 
3, -86.239424, 0.525065, 52583, 1580.394141 
4, -63.905678, 0.521804, 53209, 1620.958004 
5, -53.973348, 0.563756, 58217, 2030.351331 
6, -25.947668, 0.561549, 58843, 2095.158243 
7, -11.109730, 0.552217, 61347, 2403.267250 
8, -10.914357, 0.516717, 66355, 2831.255019 
9, 49.399053, 0.553812, 71363, 3519.981150 
10, 76.462703, 0.514607, 72615, 3707.737140 
11, 76.462703, 0.462313, 92647, 7200.986903 
