1, -530.736218, 0.000000, 625, 0.230678 
1, -431.657974, 0.584323, 3755, 14.664846 
2, -381.503595, 0.537879, 4381, 22.304971 
3, -118.710318, 0.564696, 5633, 29.457473 
4, -118.490693, 0.465517, 8763, 50.229283 
5, -118.473234, 0.484463, 13145, 91.158766 
6, -114.959600, 0.465517, 15649, 114.610591 
7, -47.215846, 0.653696, 35055, 506.337112 
8, -43.200345, 0.603478, 40689, 732.489071 
9, -41.373598, 0.588747, 41941, 847.816928 
10, -38.181737, 0.576883, 44445, 985.486806 
11, -16.846659, 0.567120, 47575, 1104.471181 
12, -10.897019, 0.548449, 50705, 1262.988093 
13, -10.897019, 0.481297, 100785, 7200.299422 
