1, -940.068477, 0.000000, 625, 0.764467 
1, -783.493246, 0.489879, 1251, 3.000528 
2, -660.591217, 0.414141, 2503, 9.431374 
3, -243.357671, 0.555556, 3129, 12.471135 
4, -129.960962, 0.567164, 3755, 16.847650 
5, -111.129994, 0.516249, 9389, 80.673778 
6, -107.631013, 0.533902, 11267, 103.871838 
7, -78.753249, 0.528003, 15023, 158.850560 
8, -77.485240, 0.527778, 20657, 273.313238 
9, -71.937781, 0.519026, 21909, 295.861703 
10, -60.819956, 0.512238, 27543, 469.472866 
11, -60.037336, 0.499181, 32551, 706.734097 
12, -55.015861, 0.498746, 33177, 730.140618 
13, -24.990521, 0.559473, 34429, 837.173841 
14, -4.057277, 0.556885, 35055, 891.111495 
15, 17.316419, 0.565381, 60721, 3235.707605 
16, 34.119932, 0.560309, 65729, 3784.201737 
17, 142.409845, 0.677248, 73241, 4662.235570 
18, 156.392000, 0.668328, 74493, 4821.198448 
19, 182.447672, 0.665485, 75119, 4918.402487 
20, 187.145896, 0.589040, 82631, 6095.154035 
21, 187.145896, 0.528532, 88265, 7200.260065 
