1, -657.131364, 0.000000, 625, 0.432478 
1, -416.307787, 0.506073, 1251, 2.431165 
2, -296.767540, 0.428088, 1877, 5.368111 
3, -141.230724, 0.450226, 3755, 19.115992 
4, -108.254844, 0.444548, 5633, 34.898715 
5, -89.743452, 0.609508, 15023, 173.573557 
6, -89.144897, 0.594659, 16275, 220.961804 
7, -85.008371, 0.587279, 16901, 251.732628 
8, -51.547917, 0.565727, 18153, 287.312805 
9, 27.393158, 0.572537, 26291, 702.102227 
10, 105.452486, 0.530396, 26917, 781.742467 
11, 105.452486, 0.465674, 74493, 7200.364458 
