1, -1001.344701, 0.000000, 625, 0.810638 
1, -912.878951, 0.572874, 1251, 2.816665 
2, -730.237735, 0.498264, 1877, 7.155455 
3, -228.960423, 0.457478, 2503, 13.935747 
4, -212.595549, 0.373904, 4381, 29.774383 
5, -136.046511, 0.604348, 6259, 63.702376 
6, -113.475709, 0.580913, 6885, 67.882619 
7, -109.328121, 0.589422, 8763, 87.033937 
8, -81.389743, 0.605063, 10015, 104.785753 
9, -70.774363, 0.605239, 13145, 139.696191 
10, -26.965299, 0.603496, 15649, 183.303041 
11, -21.317743, 0.599156, 16275, 190.692177 
12, -16.287097, 0.558695, 23787, 430.391667 
13, 8.337276, 0.563227, 25039, 513.001029 
14, 11.494849, 0.522855, 34429, 1379.740311 
15, 20.210543, 0.614935, 50705, 3077.038388 
16, 88.832524, 0.630389, 53209, 3390.438510 
17, 112.200592, 0.616396, 56339, 3844.359843 
18, 115.429921, 0.598213, 58843, 4238.274797 
19, 124.719177, 0.550448, 66981, 5674.494645 
20, 124.719177, 0.535820, 73867, 7200.263847 
