1, -636.854979, 0.000000, 625, 0.254816 
1, -595.499384, 0.504049, 1251, 2.433835 
2, -590.506211, 0.532734, 2503, 6.653729 
3, -551.364777, 0.567644, 4381, 19.616518 
4, -139.507304, 0.586879, 5007, 31.666963 
5, -127.742265, 0.636583, 6259, 54.642825 
6, -127.728912, 0.624825, 6885, 60.954251 
7, -97.365247, 0.567812, 18779, 272.141062 
8, -89.118024, 0.671650, 19405, 287.611144 
9, -88.846016, 0.656680, 20657, 331.495908 
10, -82.239757, 0.654067, 21283, 351.115681 
11, -64.018257, 0.652826, 23787, 443.684874 
12, -57.402852, 0.639095, 25665, 507.067843 
13, -41.172922, 0.483416, 61973, 2535.061724 
14, -21.241321, 0.492236, 65103, 2785.354071 
15, 16.389106, 0.514286, 67607, 3080.477289 
16, 18.005397, 0.510640, 69485, 3277.022373 
17, 26.970745, 0.508745, 71989, 3509.372534 
18, 35.494192, 0.490088, 82005, 4816.723731 
19, 48.703117, 0.499124, 86387, 5524.846159 
20, 48.703117, 0.482335, 98281, 7200.374291 
