1, -117.414895, 0.000000, 625, 0.117835 
1, -110.774927, 0.529577, 5007, 28.567883 
2, -110.044773, 0.507508, 7511, 46.887291 
3, -109.916528, 0.572454, 13145, 111.227828 
4, -107.442344, 0.561518, 13771, 120.310519 
5, -66.239778, 0.581787, 23787, 320.118280 
6, -56.547882, 0.473356, 26917, 427.837839 
7, -30.980866, 0.544525, 40689, 1185.472139 
8, -4.563663, 0.546818, 41315, 1247.959205 
9, 0.989526, 0.544523, 43193, 1354.127882 
10, 24.058635, 0.546956, 43819, 1419.046306 
11, 27.615590, 0.544227, 46949, 1642.328235 
12, 39.337421, 0.538734, 55087, 2388.991847 
13, 39.337421, 0.552749, 88891, 7200.104173 
