1, -1068.186720, 0.000000, 625, 0.892715 
1, -739.817702, 0.593117, 1251, 4.413760 
2, -637.861509, 0.553444, 3755, 26.518891 
3, -621.230089, 0.609497, 4381, 34.333617 
4, -310.092608, 0.578780, 5007, 42.286958 
5, -139.806931, 0.648264, 6259, 56.522128 
6, -137.413395, 0.630939, 6885, 60.992385 
7, -136.787933, 0.600000, 8137, 75.996798 
8, -130.888219, 0.573956, 10015, 100.482080 
9, -130.765136, 0.524566, 18153, 254.242722 
10, -128.385108, 0.503535, 20657, 299.350185 
11, -125.213362, 0.528750, 23161, 341.916477 
12, -122.163291, 0.516361, 36307, 821.550996 
13, -110.884611, 0.538737, 44445, 1128.533921 
14, -106.424515, 0.534340, 49453, 1408.549491 
15, -54.273230, 0.546319, 74493, 2878.685854 
16, -54.150298, 0.544995, 76371, 3033.624625 
17, -17.798406, 0.540709, 77623, 3159.594318 
18, -10.060484, 0.611428, 82631, 3684.442119 
19, 43.143152, 0.626798, 84509, 3943.801716 
20, 58.270302, 0.623762, 85761, 4162.999983 
21, 62.982960, 0.604814, 93273, 5500.987297 
22, 62.982960, 0.592256, 102663, 7201.096740 
