1, -802.307470, 0.000000, 625, 0.665516 
1, -612.130633, 0.444089, 1877, 4.279231 
2, -573.144068, 0.479409, 3755, 19.262086 
3, -536.316511, 0.453557, 4381, 26.974822 
4, -119.918104, 0.557419, 7511, 66.716168 
5, -119.427792, 0.555297, 8763, 109.150904 
6, -115.274502, 0.504984, 20657, 629.767725 
7, -111.516156, 0.568931, 23161, 869.331301 
8, -34.301105, 0.651242, 23787, 908.194939 
9, -32.882945, 0.646504, 24413, 934.270421 
10, -24.884094, 0.632402, 25665, 1014.679472 
11, 0.306358, 0.622597, 35055, 1671.273705 
12, 20.903917, 0.611547, 38185, 1905.903834 
13, 20.903917, 0.445747, 71363, 7200.384040 
