1, -718.052320, -670.911890, 1250, 22.199039 
2, -667.279991, -655.670319, 2500, 22.204264 
3, -593.650034, -584.307603, 5000, 75.506686 
4, -577.224335, -512.096947, 6250, 91.868677 
5, -551.418104, -552.372666, 7500, 106.847816 
6, -544.892464, -609.156890, 8750, 107.196110 
7, -170.244784, -166.130241, 12500, 108.570662 
8, -167.883645, -153.068362, 13750, 108.819360 
9, -167.728579, -146.052438, 15000, 109.394397 
10, -163.196005, -160.047948, 17500, 111.216093 
11, -160.075188, -159.103078, 21875, 199.665887 
12, -157.791282, -166.575840, 23125, 217.058974 
13, -155.501393, -168.766043, 24375, 233.800812 
14, -143.063691, -157.556314, 26250, 275.971951 
15, -140.984645, -143.435855, 47500, 833.981450 
16, -135.756626, -162.386077, 66250, 1319.346200 
17, -130.460592, -174.088420, 92500, 1995.361677 
18, -124.273640, -120.180443, 108750, 2406.012837 
19, -115.785856, -127.601098, 110000, 2422.703942 
20, -113.926638, -112.097761, 112500, 2496.544714 
21, -99.016513, -97.145139, 115000, 2575.478884 
22, -90.795119, -86.693968, 116875, 2628.857554 
23, -90.795119, -98.058021, 278750, 6602.528384 
