1, -628.429426, -620.419886, 1250, 11.137218 
2, -603.109593, -641.082405, 2500, 11.191476 
3, -573.902180, -625.949618, 4375, 39.828160 
4, -569.681883, -593.958197, 5625, 56.981045 
5, -539.759853, -552.732712, 8125, 58.482430 
6, -488.234554, -582.411463, 10000, 70.731462 
7, -128.589242, -132.988612, 11875, 93.613577 
8, -127.166972, -123.432753, 13750, 105.028725 
9, -126.675676, -144.801956, 15625, 109.283802 
10, -110.544932, -127.474700, 16875, 113.471765 
11, -107.191941, -122.480692, 100625, 1960.424692 
12, -77.572531, -39.339940, 161250, 2904.912928 
13, -51.713941, -50.364288, 163750, 2933.099723 
14, -41.778499, -64.727457, 168125, 2990.325763 
15, -21.358366, -66.291963, 169375, 3002.570637 
16, -16.622241, -27.971610, 200625, 3621.248922 
17, -16.622241, -45.412183, 448750, 6601.388909 
