1, -385.448281, -367.055320, 1250, 27.945211 
2, -377.328867, -425.436508, 3125, 54.344248 
3, -358.558688, -398.596685, 5000, 104.973721 
4, -141.253346, -111.936514, 6250, 132.283592 
5, -127.455906, -135.237811, 7500, 157.785533 
6, -125.898701, -126.003961, 8750, 164.086494 
7, -121.843676, -121.133865, 12500, 203.745123 
8, -119.904543, -135.408343, 31875, 440.800281 
9, -112.814109, -135.219440, 45625, 606.692218 
10, -98.549195, -143.468586, 53125, 694.409606 
11, -95.814997, -104.199885, 211250, 4043.686050 
12, -90.720919, -97.968014, 213125, 4055.396147 
13, -90.720919, -133.863324, 269375, 6613.936039 
