1, -772.361576, -810.357971, 1250, 64.304157 
2, -758.753611, -781.533084, 3125, 127.657776 
3, -756.490624, -759.351683, 5000, 248.088985 
4, -748.168038, -714.376147, 6875, 362.720735 
5, -373.591376, -310.040416, 9375, 533.582999 
6, -339.061286, -361.242444, 11250, 595.639290 
7, -329.336571, -336.549969, 13125, 606.071965 
8, -310.587342, -363.916890, 15000, 618.992871 
9, -143.341953, -123.345137, 16250, 628.073307 
10, -141.384153, -127.672379, 18125, 644.284793 
11, -129.028080, -123.750623, 20625, 666.580631 
12, -119.416810, -134.473368, 25625, 731.404689 
13, -117.773644, -128.764243, 33750, 860.904671 
14, -114.934895, -126.120833, 40000, 949.857393 
15, -114.191226, -116.073458, 41875, 965.847790 
16, -102.262343, -139.335984, 121875, 2299.726742 
17, -94.619555, -108.474367, 145000, 3825.970854 
18, -94.619555, -115.393046, 190000, 6605.728881 
