1, -662.473088, -662.691171, 1250, 31.999142 
2, -639.722360, -650.731242, 2500, 32.005225 
3, -357.245048, -373.640131, 6250, 185.282491 
4, -347.616256, -479.893642, 8750, 237.381052 
5, -341.743057, -350.844542, 10625, 261.776102 
6, -330.928781, -491.284053, 15625, 357.368925 
7, -306.312403, -397.518557, 21875, 484.737065 
8, -302.293421, -422.716773, 44375, 997.947334 
9, -214.909826, -348.967959, 53750, 1194.645347 
10, -134.954387, -119.135322, 116875, 2808.871124 
11, -120.759863, -132.548989, 121875, 2811.106574 
12, -119.473082, -107.782742, 148125, 2827.143882 
13, -117.107034, -118.720403, 149375, 2827.435319 
14, -112.583921, -127.024506, 153750, 2923.563746 
15, -111.645538, -128.918382, 187500, 4248.476129 
16, -110.424252, -118.591424, 200625, 4746.656398 
17, -109.070531, -129.353533, 210625, 5078.499826 
18, -109.070531, -138.891654, 266875, 6618.007046 
