1, -744.851110, -882.315117, 1250, 25.189388 
2, -692.431549, -939.699446, 5625, 148.703947 
3, -674.181177, -914.313740, 13750, 451.923934 
4, -303.313772, -311.590297, 25000, 901.652322 
5, -298.195570, -307.999938, 26875, 956.641396 
6, -296.747563, -292.345094, 28125, 986.241747 
7, -289.412004, -301.718834, 30625, 1072.903495 
8, -284.539599, -290.976774, 36875, 1330.356213 
9, -200.856103, -254.228301, 38750, 1387.562168 
10, -184.208694, -131.627552, 41250, 1474.452903 
11, -143.905154, -196.785514, 42500, 1502.529706 
12, -138.905244, -154.504986, 43750, 1520.908093 
13, -135.763396, -183.839332, 45000, 1546.131247 
14, -128.364450, -131.149676, 46875, 1555.174489 
15, -124.076197, -129.148519, 49375, 1563.121240 
16, -122.220883, -130.651390, 57500, 1587.842622 
17, -119.768471, -130.692050, 65000, 1644.755361 
18, -114.796471, -129.627777, 69375, 1677.406971 
19, -113.791532, -139.990305, 71875, 1698.226217 
20, -107.705182, -149.516319, 78750, 1796.351251 
21, -96.587762, -141.697606, 87500, 1937.346302 
22, -96.587762, -133.435652, 269375, 6616.904428 
