1, -852.035142, -1026.193460, 1250, 28.862754 
2, -833.979617, -726.413693, 3125, 53.436632 
3, -706.368140, -895.815087, 5000, 91.468888 
4, -687.822567, -697.347976, 7500, 128.217678 
5, -621.714492, -774.993755, 11875, 142.471217 
6, -600.648361, -1060.377470, 13125, 143.380745 
7, -463.658218, -782.525142, 16875, 151.562833 
8, -119.461517, -135.955838, 20625, 179.840552 
9, -116.787994, -122.025739, 37500, 280.131620 
10, -114.669489, -124.797867, 73750, 620.423894 
11, -112.584587, -124.130172, 159375, 1365.307037 
12, -111.904528, -121.063369, 160625, 1376.467280 
13, -107.994404, -130.453533, 176875, 1617.288880 
14, -107.945987, -117.853471, 193750, 1853.752681 
15, -107.945987, -110.614888, 526250, 6607.321272 
