1, -137.196400, 0.000000, 625, 0.113900 
1, -126.121463, 0.648980, 7511, 39.426996 
2, -113.313457, 0.498263, 13145, 98.109920 
3, -107.982011, 0.488261, 13771, 103.956121 
4, -34.357820, 0.696220, 14397, 115.617325 
5, -13.534562, 0.629403, 16275, 169.285454 
6, 16.373753, 0.554314, 18153, 229.571854 
7, 20.505951, 0.478938, 24413, 518.965365 
8, 40.874087, 0.492699, 35055, 1378.579701 
9, 44.567870, 0.484306, 35681, 1462.786292 
10, 56.564948, 0.480487, 40689, 1960.625188 
11, 70.374520, 0.467923, 44445, 2465.248439 
12, 88.294809, 0.467572, 45071, 2595.471920 
13, 88.294809, 0.517744, 74493, 7200.155060 
