1, -636.854979, 0.000000, 625, 0.236886 
1, -613.021068, 0.604651, 1251, 2.038610 
2, -111.244450, 0.498925, 2503, 4.467560 
3, -108.919942, 0.587738, 6259, 18.510444 
4, -108.065910, 0.564877, 23787, 246.982151 
5, -95.397719, 0.696833, 28169, 406.173263 
6, -81.114004, 0.619316, 31925, 569.758794 
7, -19.431958, 0.651697, 36307, 829.034711 
8, -5.002209, 0.650072, 37559, 902.001320 
9, 31.673298, 0.653327, 38185, 938.369930 
10, 33.063695, 0.625905, 39437, 1015.382569 
11, 48.110305, 0.604159, 40689, 1077.315165 
12, 68.307805, 0.591674, 45697, 1449.232484 
13, 69.231381, 0.583059, 80753, 6350.330397 
14, 69.231381, 0.573003, 85761, 7201.439686 
