1, -131.017014, 0.000000, 625, 0.084991 
1, -115.182814, 0.669643, 3129, 13.654459 
2, -109.333313, 0.539257, 9389, 64.348848 
3, -108.980411, 0.569114, 23161, 293.241090 
4, -81.401487, 0.709978, 24413, 334.820929 
5, -56.831354, 0.704077, 25039, 340.571999 
6, -53.605729, 0.693677, 26291, 363.097357 
7, -43.873381, 0.675190, 28795, 422.608547 
8, -27.803403, 0.702054, 33177, 563.092638 
9, -27.672601, 0.613603, 54461, 1636.905168 
10, -13.371606, 0.652866, 58217, 1996.559675 
11, 16.364345, 0.652951, 59469, 2121.720668 
12, 34.293943, 0.660238, 60721, 2215.793809 
13, 34.910178, 0.644003, 65103, 2528.720443 
14, 37.859436, 0.565312, 93899, 5316.970071 
15, 38.914978, 0.548285, 97655, 5772.368297 
16, 43.971311, 0.560707, 103289, 6570.312487 
17, 43.971311, 0.548779, 107045, 7200.489558 
