1, -540.291766, 0.000000, 625, 0.241845 
1, -300.195899, 0.686801, 2503, 25.744102 
2, -161.801241, 0.752137, 3129, 47.555203 
3, -132.057925, 0.617504, 5007, 96.638877 
4, -128.340489, 0.603940, 5633, 108.346997 
5, -120.887991, 0.604156, 6259, 115.127580 
6, -120.883669, 0.590047, 6885, 124.117082 
7, -107.099730, 0.555852, 14397, 275.588483 
8, -106.527377, 0.636645, 21909, 454.400097 
9, -63.524489, 0.671635, 22535, 474.633918 
10, -11.252552, 0.736007, 31299, 859.727587 
11, -4.194632, 0.721646, 31925, 882.102554 
12, 2.662157, 0.629245, 39437, 1459.246430 
13, 15.622533, 0.601980, 45071, 1829.282771 
14, 17.401872, 0.592037, 48201, 2065.637735 
15, 90.026768, 0.512573, 71989, 5505.669104 
16, 94.415720, 0.487049, 73867, 5786.068522 
17, 94.415720, 0.536450, 81379, 7201.860594 
