1, -536.386949, 0.000000, 625, 0.265298 
1, -179.596006, 0.667622, 4381, 16.647082 
2, -138.545879, 0.666291, 5633, 33.706214 
3, -113.801071, 0.684155, 6259, 38.929840 
4, -108.943580, 0.591608, 10015, 69.262006 
5, -105.735596, 0.599440, 12519, 89.764835 
6, -88.443215, 0.674702, 23787, 303.158988 
7, -49.742531, 0.661761, 24413, 317.276776 
8, -29.162764, 0.662193, 25039, 336.546846 
9, -0.580992, 0.669635, 25665, 375.621705 
10, 17.084412, 0.560173, 54461, 2218.708270 
11, 17.084412, 0.614922, 92647, 7200.040654 
