1, -981.698768, 0.000000, 625, 0.725508 
1, -838.016778, 0.594684, 1251, 2.042324 
2, -674.140022, 0.560197, 1877, 4.606651 
3, -164.118179, 0.662857, 2503, 6.193226 
4, -82.204463, 0.641944, 6259, 32.170026 
5, -75.612141, 0.622600, 9389, 69.109608 
6, -50.464633, 0.631025, 16275, 186.013875 
7, -49.276450, 0.638144, 17527, 219.822218 
8, -46.993783, 0.636621, 18779, 252.881160 
9, -35.107031, 0.632793, 19405, 275.590124 
10, -28.753913, 0.625335, 23787, 410.464301 
11, -12.038511, 0.708020, 46949, 1746.173322 
12, -2.373741, 0.694898, 50705, 2028.565077 
13, 13.471325, 0.640447, 58843, 2718.932993 
14, 13.471325, 0.565616, 93273, 7200.044543 
