1, -756.774892, 0.000000, 625, 0.579407 
1, -629.033126, 0.677741, 1251, 3.815499 
2, -313.409956, 0.489712, 2503, 8.203135 
3, -299.288090, 0.556452, 4381, 20.849805 
4, -123.847001, 0.610471, 5007, 24.710355 
5, -99.728866, 0.684307, 6259, 46.231960 
6, -50.475323, 0.664418, 8763, 78.992839 
7, -44.477834, 0.606545, 11893, 168.834918 
8, -32.944407, 0.539199, 13771, 253.178523 
9, -27.797525, 0.486053, 28169, 1116.138361 
10, -22.449471, 0.487055, 30047, 1308.554179 
11, 25.997660, 0.556461, 35055, 1870.194118 
12, 45.823096, 0.537520, 36933, 2170.549811 
13, 75.711539, 0.559260, 41315, 2690.323242 
14, 75.711539, 0.466853, 62599, 7201.174031 
