1, -1068.186720, 0.000000, 625, 0.861126 
1, -314.217090, 0.607973, 1251, 2.194053 
2, -114.933769, 0.650794, 7511, 39.749861 
3, -112.628162, 0.630270, 8137, 44.668544 
4, -103.325752, 0.728686, 10015, 73.302420 
5, -102.868052, 0.601601, 11267, 120.955076 
6, -97.606161, 0.588950, 11893, 151.345815 
7, -77.054504, 0.640897, 13145, 207.826090 
8, -48.527585, 0.653570, 15023, 295.982409 
9, -45.816775, 0.581650, 20657, 553.725909 
10, -44.051494, 0.562380, 24413, 760.889093 
11, -41.023668, 0.659678, 29421, 1209.882207 
12, -38.365498, 0.653837, 30047, 1300.167030 
13, -21.727436, 0.634593, 30673, 1375.127880 
14, -8.400190, 0.635565, 31299, 1484.857481 
15, -6.676388, 0.603916, 32551, 1611.370887 
16, 34.690326, 0.596981, 40063, 2599.602190 
17, 57.303205, 0.597601, 41941, 2792.517156 
18, 74.878654, 0.555603, 57591, 6143.106461 
19, 74.878654, 0.568166, 60721, 7200.786829 
