1, -657.131364, 0.000000, 625, 0.436916 
1, -506.950899, 0.522727, 2503, 10.071058 
2, -113.758686, 0.570384, 3129, 12.749947 
3, -103.188752, 0.525620, 3755, 14.619782 
4, -101.167818, 0.556778, 13771, 130.951475 
5, -83.714792, 0.560174, 16901, 190.972844 
6, -80.054159, 0.569349, 17527, 200.100145 
7, -76.192877, 0.788848, 24413, 384.717955 
8, -51.256088, 0.759283, 25039, 402.038608 
9, -26.322297, 0.702171, 25665, 430.710557 
10, 49.354929, 0.642839, 38185, 1179.284070 
11, 63.824015, 0.568404, 40689, 1369.227018 
12, 63.824015, 0.593365, 80127, 7200.415357 
