1, -802.307470, 0.000000, 625, 0.532248 
1, -782.310446, 0.646651, 1877, 5.374358 
2, -600.534334, 0.546374, 2503, 9.010318 
3, -597.560301, 0.501433, 3129, 12.343300 
4, -580.901756, 0.621693, 3755, 16.653535 
5, -291.918198, 0.719088, 4381, 19.354302 
6, -254.510261, 0.692650, 5007, 22.300715 
7, -249.701052, 0.678974, 5633, 28.674295 
8, -153.555632, 0.712512, 6259, 31.885786 
9, -146.573529, 0.729407, 8763, 99.167075 
10, -143.199917, 0.696557, 10015, 112.366837 
11, -130.574515, 0.683984, 10641, 121.423193 
12, -124.117213, 0.711670, 12519, 141.831626 
13, -122.258206, 0.731591, 13771, 155.404335 
14, -117.394523, 0.718792, 14397, 169.160395 
15, -111.962849, 0.694173, 15023, 181.921793 
16, -111.818053, 0.682240, 15649, 200.758271 
17, -111.556803, 0.634087, 18779, 319.098617 
18, -40.014971, 0.667980, 19405, 333.009722 
19, -37.615245, 0.643324, 21283, 407.306536 
20, -12.174156, 0.746263, 26291, 593.762562 
21, -2.164533, 0.598232, 82005, 5020.087300 
22, 6.348659, 0.576616, 82631, 5174.676462 
23, 8.864899, 0.555104, 85135, 5476.280116 
24, 16.481703, 0.565309, 87013, 5706.513772 
25, 23.336785, 0.565128, 87639, 5806.150632 
26, 23.336785, 0.596798, 95777, 7200.976459 
