0, 9.280000, 0.000000, 101, 0.024368 
1, 93.120000, 0.740668, 201, 3.203471 
2, 203.370000, 0.895969, 401, 16.809456 
0, 199.460000, 0.000000, 101, 0.273704 
1, 471.900000, 0.845197, 801, 64.314919 
2, 480.810000, 0.827267, 901, 85.204702 
0, 199.460000, 0.000000, 101, 0.264167 
0, 9.350000, 0.000000, 101, 0.028903 
1, 36.640000, 0.881743, 301, 1.695184 
2, 43.500000, 0.786888, 401, 3.632001 
3, 49.760000, 0.761046, 801, 10.888335 
4, 88.560000, 0.832068, 1301, 27.820945 
5, 90.970000, 0.809654, 1401, 35.228375 
6, 113.550000, 0.810470, 1501, 44.328991 
7, 119.450000, 0.734529, 2501, 179.234964 
0, 9.350000, 0.000000, 101, 0.029394 
1, 33.320000, 0.877593, 301, 1.560068 
2, 46.760000, 0.861239, 401, 3.151440 
3, 109.610000, 0.774979, 601, 9.411484 
4, 224.820000, 0.752878, 701, 17.637915 
5, 260.720000, 0.780390, 801, 28.176906 
0, 15.180000, 0.000000, 101, 0.051819 
1, 44.520000, 0.718975, 401, 2.779156 
2, 63.050000, 0.751385, 1001, 18.137281 
3, 65.160000, 0.793645, 1101, 22.075508 
4, 115.250000, 0.819034, 1601, 44.095485 
