1, -361.944937, 0.519292, 1250, 27.892004 
2, -326.478935, 0.519292, 2500, 122.215765 
3, -251.071889, 0.551960, 14375, 619.734071 
4, -241.599086, 0.551960, 16875, 736.351116 
5, -236.327933, 0.551960, 23125, 1005.393537 
6, -213.290168, 0.551960, 32500, 1460.300195 
7, -208.045393, 0.551960, 66250, 2956.169903 
8, -106.219020, 0.631534, 75625, 3431.833520 
9, -73.258883, 0.631534, 77500, 3559.530777 
10, -65.398824, 0.631534, 88125, 4339.279341 
11, -58.941291, 0.631534, 92500, 4696.889476 
12, -50.961232, 0.631534, 93750, 4784.145846 
