1, -1388.944213, 0.646374, 1250, 42.162585 
2, -672.366457, 0.662622, 1875, 76.277217 
3, -636.806216, 0.662622, 2500, 105.596925 
4, -618.119246, 0.662906, 4375, 185.484809 
5, -614.864103, 0.662906, 6250, 356.303051 
6, -572.642291, 0.673762, 6875, 390.109548 
7, -519.466096, 0.673762, 7500, 423.381118 
8, -517.375556, 0.673762, 8750, 482.391080 
9, -499.069625, 0.673833, 9375, 497.992470 
10, -478.399883, 0.674117, 13750, 698.153921 
11, -462.972920, 0.674117, 31875, 1652.489655 
12, -315.048596, 0.676884, 66250, 3202.171669 
13, -275.415555, 0.676884, 66875, 3226.999622 
14, -272.512989, 0.676884, 80000, 3739.221949 
15, -272.453500, 0.676884, 111250, 5051.515193 
