1, -1001.344701, 0.000000, 625, 0.831598 
1, -680.796509, 0.621451, 1251, 3.887953 
2, -611.871240, 0.603053, 1877, 7.380884 
3, -291.513608, 0.664659, 2503, 11.652174 
4, -138.878582, 0.739229, 3755, 29.852384 
5, -135.922122, 0.658597, 6259, 50.907769 
6, -134.597357, 0.640841, 6885, 56.033683 
7, -132.400928, 0.503375, 15649, 169.612417 
8, -44.858567, 0.698557, 16901, 196.202448 
9, -28.162186, 0.564607, 27543, 567.177657 
10, -17.076275, 0.571857, 38185, 1289.045257 
11, -5.401143, 0.571196, 38811, 1347.500960 
12, 0.221239, 0.665969, 51957, 2527.625444 
13, 2.051908, 0.659066, 53209, 2605.832687 
14, 3.355576, 0.646752, 55087, 2796.917883 
15, 9.899627, 0.632678, 58843, 3044.684138 
16, 11.314457, 0.595242, 68233, 4076.926411 
17, 13.299569, 0.542709, 87013, 6295.186877 
18, 13.299569, 0.528751, 94525, 7200.504158 
