1, -545.773247, 0.000000, 625, 0.188322 
1, -320.568979, 0.677205, 3129, 9.060202 
2, -307.089502, 0.622388, 3755, 14.220507 
3, -264.968730, 0.587900, 5633, 21.394218 
4, -235.975061, 0.685936, 7511, 32.048419 
5, -168.156381, 0.571468, 18153, 306.201756 
6, -147.135630, 0.572976, 20657, 381.374547 
7, -131.188744, 0.610413, 23161, 440.025661 
8, -126.188215, 0.639018, 24413, 469.590732 
9, -121.804763, 0.583544, 30673, 651.496928 
10, -66.389680, 0.659972, 43193, 1097.170660 
11, -44.629936, 0.648273, 43819, 1111.488036 
12, -26.372142, 0.602407, 47575, 1329.170613 
13, 49.501268, 0.691980, 53209, 1615.320067 
14, 56.990970, 0.687525, 53835, 1648.881312 
15, 68.032151, 0.630952, 54461, 1673.949342 
16, 70.214657, 0.624780, 56339, 1875.436161 
17, 73.980322, 0.620206, 57591, 1956.259284 
18, 73.980322, 0.508767, 100159, 7201.005963 
