1, -142.910086, 0.000000, 625, 0.116761 
1, -131.748319, 0.606115, 3129, 10.781338 
2, -61.569737, 0.587719, 10641, 56.092042 
3, -16.613032, 0.526908, 33803, 612.751590 
4, -11.097152, 0.550473, 38811, 860.296885 
5, 18.212081, 0.706053, 41315, 989.350167 
6, 27.769694, 0.704814, 41941, 1015.986241 
7, 29.771991, 0.697688, 44445, 1205.455153 
8, 32.825192, 0.697219, 46949, 1344.104035 
9, 35.530768, 0.691854, 48201, 1403.570430 
10, 40.234933, 0.688941, 49453, 1516.749886 
11, 41.435188, 0.686284, 50079, 1547.242023 
12, 41.813454, 0.681322, 51957, 1709.436024 
13, 52.880159, 0.676203, 54461, 1906.019317 
14, 58.516210, 0.584924, 66981, 2907.068697 
15, 58.516210, 0.579843, 94525, 7200.770215 
