1, -212.676969, 0.000000, 625, 0.523726 
1, -130.880373, 0.602601, 3129, 9.372715 
2, -129.967245, 0.577428, 3755, 12.484628 
3, -120.178395, 0.568837, 5007, 17.095421 
4, -81.010977, 0.629959, 11267, 88.978367 
5, -67.306760, 0.599493, 21909, 410.942651 
6, -40.364285, 0.656001, 25665, 548.390395 
7, -36.093859, 0.651026, 26291, 572.842153 
8, -15.883875, 0.641038, 26917, 597.484733 
9, -13.468222, 0.587516, 33803, 878.714296 
10, -12.846406, 0.521028, 45697, 1590.369667 
11, 11.022753, 0.522737, 47575, 1796.160020 
12, 57.926063, 0.618989, 49453, 1883.003864 
13, 70.349558, 0.618440, 50079, 1915.484782 
14, 75.764756, 0.626853, 51331, 2014.489742 
15, 84.951118, 0.580141, 55713, 2444.209314 
16, 93.436363, 0.470530, 60095, 2967.700093 
17, 93.436363, 0.533630, 83257, 7200.491655 
