1, -566.342763, 0.000000, 625, 0.206713 
1, -360.461044, 0.510309, 1877, 5.024608 
2, -179.286481, 0.453540, 2503, 7.011812 
3, -165.493253, 0.378911, 5007, 25.678459 
4, -121.163106, 0.602524, 5633, 29.719333 
5, -23.415374, 0.590420, 6259, 34.014290 
6, -18.193135, 0.569366, 10641, 85.353390 
7, -17.859439, 0.614068, 14397, 138.273809 
8, -10.637410, 0.617168, 16901, 190.063739 
9, -10.300174, 0.550717, 58217, 2144.406961 
10, 9.960796, 0.725203, 71989, 3283.841448 
11, 14.840230, 0.724000, 72615, 3370.538666 
12, 21.722424, 0.679556, 78875, 4223.298117 
13, 29.373391, 0.668129, 79501, 4319.158775 
14, 67.590783, 0.589439, 83883, 5393.922307 
15, 95.830121, 0.584213, 84509, 5638.246358 
16, 117.987032, 0.583041, 85135, 5705.060470 
17, 168.598406, 0.562399, 85761, 5863.817370 
18, 168.598406, 0.508835, 90769, 7200.454880 
