1, -576.944101, 0.000000, 625, 0.281621 
1, -334.386311, 0.563869, 2503, 5.319599 
2, -257.893992, 0.540804, 4381, 11.788471 
3, -130.587396, 0.610403, 5633, 17.164201 
4, -128.119917, 0.564696, 7511, 30.281636 
5, -126.911159, 0.609446, 10641, 65.958066 
6, -113.609522, 0.556322, 14397, 111.276436 
7, -109.725067, 0.551911, 17527, 178.016933 
8, -108.526114, 0.542414, 37559, 718.419355 
9, -70.027827, 0.612516, 39437, 789.630592 
10, -61.202872, 0.612947, 40689, 832.741066 
11, -37.478730, 0.527207, 57591, 1943.996975 
12, -5.567258, 0.670860, 64477, 2546.162709 
13, -0.664468, 0.669294, 65103, 2613.212537 
14, 0.710101, 0.646834, 68233, 2941.755032 
15, 10.191068, 0.625824, 72615, 3467.395454 
16, 22.126462, 0.586866, 83257, 5019.913144 
17, 22.126462, 0.559105, 97029, 7200.155699 
