1, -636.854979, 0.000000, 625, 0.240566 
1, -354.585634, 0.437018, 1877, 3.041114 
2, -266.799211, 0.628440, 5633, 29.312025 
3, -265.166610, 0.605735, 6259, 39.057719 
4, -259.544196, 0.541073, 10015, 107.049240 
5, -227.390632, 0.516588, 13145, 183.599135 
6, -222.907343, 0.525539, 14397, 206.550001 
7, -207.823954, 0.524258, 16901, 269.614998 
8, -116.136299, 0.562754, 22535, 416.692552 
9, -114.538295, 0.523903, 32551, 688.272333 
10, -111.316693, 0.519714, 33177, 706.922126 
11, -58.973259, 0.679447, 37559, 841.617688 
12, -37.721150, 0.606417, 38185, 911.307622 
13, -25.284183, 0.545404, 39437, 1011.844229 
14, -18.087925, 0.531631, 40689, 1152.426236 
15, -2.566310, 0.526142, 58217, 2796.914854 
16, 1.484104, 0.512819, 63225, 3278.392662 
17, 4.913348, 0.559418, 73867, 4647.993698 
18, 7.022583, 0.570749, 78875, 5336.431348 
19, 7.022583, 0.547876, 88891, 7200.849545 
