1, -117.414895, 0.000000, 625, 0.118256 
1, -67.202538, 0.687972, 15023, 114.105043 
2, -60.752644, 0.679899, 15649, 125.044907 
3, -59.241106, 0.613108, 16901, 152.450666 
4, -44.749398, 0.587998, 18779, 201.677046 
5, -43.533495, 0.588573, 20657, 277.910409 
6, -33.949383, 0.523058, 35055, 1020.253190 
7, 2.511095, 0.543160, 43193, 1643.214713 
8, 3.206987, 0.550809, 48827, 1950.371863 
9, 5.739231, 0.555454, 49453, 1990.245666 
10, 10.542797, 0.532118, 50705, 2083.746095 
11, 12.150098, 0.554848, 56339, 2511.114622 
12, 15.075983, 0.513514, 57591, 2747.411446 
13, 56.449933, 0.566268, 70111, 4148.507687 
14, 72.282388, 0.558602, 73867, 4733.368207 
15, 72.282388, 0.539998, 92021, 7200.501747 
