1, 0.000000, 0.502000, 0, 0.003763 
2, 0.000000, 0.494118, 1, 0.080199 
3, 0.505882, 0.505882, 1, 0.090229 
4, 0.000000, 0.498077, 2, 0.132330 
5, 0.501923, 0.501923, 2, 0.150747 
6, 0.505682, 0.505682, 3, 0.206139 
7, 0.511364, 0.511364, 3, 0.231479 
8, 0.740672, 0.740672, 4, 0.261645 
9, 0.742537, 0.742537, 4, 0.269715 
10, 0.759328, 0.759328, 4, 0.291427 
11, 0.000000, 0.753912, 7, 0.485511 
12, 0.000000, 0.730947, 11, 0.855480 
13, 0.779933, 0.779933, 17, 1.588605 
14, 0.000000, 0.768833, 18, 1.680875 
15, 0.841404, 0.841404, 20, 2.338643 
16, 0.879630, 0.879630, 21, 2.712389 
17, 0.880719, 0.880719, 21, 2.840768 
18, 0.898910, 0.898910, 22, 3.461598 
19, 0.000000, 0.877444, 26, 5.631951 
20, 0.890975, 0.890975, 27, 6.579493 
21, 0.000000, 0.880859, 29, 7.328945 
22, 0.904994, 0.904994, 30, 8.517452 
23, 0.890349, 0.890349, 33, 10.773150 
24, 0.888495, 0.888495, 34, 11.488176 
25, 0.888622, 0.888622, 35, 12.092444 
26, 0.000000, 0.879867, 37, 13.242754 
27, 0.870133, 0.870133, 40, 15.236732 
28, 0.870744, 0.870744, 40, 15.335816 
29, 0.872247, 0.872247, 42, 16.595101 
30, 0.870671, 0.870671, 43, 17.028975 
31, 0.860480, 0.860480, 47, 21.750008 
32, 0.000000, 0.857521, 48, 22.176841 
33, 0.847536, 0.847536, 53, 28.031085 
34, 0.856915, 0.856915, 54, 29.559684 
35, 0.000000, 0.855347, 56, 31.984380 
36, 0.000000, 0.852198, 59, 36.467041 
37, 0.844651, 0.844651, 64, 44.834365 
38, 0.833591, 0.833591, 71, 62.753849 
39, 0.000000, 0.829379, 75, 71.828139 
40, 0.833453, 0.833453, 75, 72.753762 
41, 0.000000, 0.831556, 78, 78.394218 
42, 0.839346, 0.839346, 78, 80.243993 
43, 0.859117, 0.859117, 79, 81.254163 
44, 0.000000, 0.858599, 80, 83.008367 
45, 0.000000, 0.859120, 83, 92.358607 
46, 0.860991, 0.860991, 87, 106.596443 
47, 0.000000, 0.859118, 88, 108.043510 
1, 0.000000, 0.502000, 0, 0.003430 
2, 0.000000, 0.494118, 1, 0.166407 
3, 0.498039, 0.498039, 1, 0.278835 
4, 0.505882, 0.505882, 1, 0.298578 
5, 0.516315, 0.516315, 2, 0.352212 
6, 0.512241, 0.512241, 3, 0.489059 
7, 0.967985, 0.967985, 3, 0.493012 
8, 0.863118, 0.863118, 6, 1.080481 
9, 0.836145, 0.836145, 9, 2.496313 
10, 0.827508, 0.827508, 14, 5.581070 
11, 0.842555, 0.842555, 16, 7.075679 
12, 0.857270, 0.857270, 25, 14.375940 
13, 0.000000, 0.848059, 27, 17.949628 
14, 0.858762, 0.858762, 27, 18.510284 
15, 0.870974, 0.870974, 29, 22.504110 
16, 0.000000, 0.850943, 40, 48.676819 
17, 0.845581, 0.845581, 45, 63.485526 
18, 0.000000, 0.844320, 46, 65.250132 
19, 0.000000, 0.840747, 49, 76.117333 
20, 0.838237, 0.838237, 53, 93.041514 
21, 0.841435, 0.841435, 56, 103.176769 
22, 0.839586, 0.839586, 59, 113.733093 
23, 0.000000, 0.837051, 61, 121.043693 
24, 0.837536, 0.837536, 61, 124.471748 
25, 0.839379, 0.839379, 61, 124.616080 
26, 0.845005, 0.845005, 61, 125.255828 
27, 0.848594, 0.848594, 61, 126.118122 
28, 0.852961, 0.852961, 62, 127.140490 
29, 0.000000, 0.853462, 63, 130.768321 
30, 0.863449, 0.863449, 65, 138.045074 
31, 0.873893, 0.873893, 70, 166.400567 
