1, -137.848641, 0.000000, 625, 0.195707 
1, -108.168743, 0.598338, 3755, 12.347783 
2, -107.140179, 0.542814, 13145, 87.431122 
3, -54.125376, 0.709415, 17527, 139.008620 
4, -52.878369, 0.693473, 18779, 159.053955 
5, -46.217174, 0.669830, 20657, 195.402424 
6, -43.903830, 0.653906, 21283, 204.275724 
7, -42.209256, 0.629430, 23161, 246.784606 
8, -42.192964, 0.596360, 26291, 338.621827 
9, -38.263592, 0.616624, 40063, 753.111950 
10, -36.961159, 0.603464, 40689, 777.459099 
11, -25.539030, 0.602086, 43193, 924.773282 
12, -2.017788, 0.544994, 58217, 2327.141578 
13, 5.916648, 0.544140, 60095, 2709.554018 
14, 44.445822, 0.543767, 60721, 2769.540875 
15, 48.228799, 0.492685, 69485, 4888.003600 
16, 48.228799, 0.527296, 78875, 7200.129986 
