1, -827.505314, 0.000000, 625, 0.736458 
1, -777.906602, 0.605072, 1251, 2.392451 
2, -143.708821, 0.527721, 2503, 6.305781 
3, -127.888543, 0.665593, 3755, 37.404200 
4, -117.079992, 0.652096, 5007, 46.149715 
5, -115.549655, 0.656169, 6885, 69.943439 
6, -107.055916, 0.684519, 18153, 248.283385 
7, -78.734705, 0.676739, 18779, 260.442604 
8, -33.932626, 0.756398, 33177, 937.185483 
9, -21.287420, 0.750573, 33803, 983.102805 
10, -15.486811, 0.589928, 62599, 3974.630741 
11, -5.029009, 0.591755, 78875, 6495.838200 
12, -4.266283, 0.591381, 79501, 6557.708760 
13, -4.266283, 0.585519, 83257, 7200.660702 
