1, -540.291766, 0.000000, 625, 0.277207 
1, -335.943959, 0.605072, 1251, 1.796136 
2, -335.053670, 0.467787, 1877, 5.291143 
3, -133.953677, 0.627093, 3129, 9.775163 
4, -125.490989, 0.623169, 3755, 11.288077 
5, -118.797404, 0.563582, 7511, 41.851173 
6, -105.995153, 0.570953, 10015, 71.136348 
7, -100.244917, 0.543556, 11267, 80.682082 
8, -96.205123, 0.695156, 27543, 530.819131 
9, -79.902224, 0.690631, 28169, 545.556579 
10, -77.660469, 0.678219, 30047, 612.884184 
11, -76.159684, 0.676945, 30673, 635.565075 
12, -32.008722, 0.735888, 35681, 878.321110 
13, -21.783031, 0.664027, 36307, 985.949156 
14, -16.720838, 0.668952, 36933, 1047.794194 
15, -16.306053, 0.628218, 37559, 1129.024128 
16, -9.721769, 0.528529, 40063, 1529.485139 
17, 4.890562, 0.531033, 40689, 1629.891168 
18, 25.437393, 0.444105, 47575, 2705.876252 
19, 40.916703, 0.435619, 63851, 5599.455037 
20, 40.916703, 0.430206, 70737, 7200.752040 
