1, -657.131364, 0.000000, 625, 0.472214 
1, -559.189243, 0.410188, 1877, 6.791842 
2, -444.162452, 0.556522, 2503, 11.627750 
3, -122.717894, 0.626204, 3129, 14.353692 
4, -113.134496, 0.573798, 3755, 16.228089 
5, -78.493419, 0.478551, 13771, 191.504088 
6, -70.704488, 0.630199, 16901, 266.651668 
7, -57.173201, 0.624414, 17527, 273.993701 
8, -47.559208, 0.626230, 19405, 324.666114 
9, -39.401220, 0.615679, 21909, 388.250238 
10, -27.621402, 0.658102, 23787, 445.428742 
11, -24.935798, 0.655350, 25039, 477.318166 
12, -22.715034, 0.642726, 28795, 586.880643 
13, -12.346214, 0.636063, 30673, 634.797069 
14, -11.464502, 0.631501, 33177, 723.453025 
15, -8.268899, 0.684652, 42567, 1226.196249 
16, 21.681645, 0.678183, 43193, 1260.067681 
17, 30.334889, 0.601742, 63851, 2918.506078 
18, 34.709473, 0.598343, 64477, 2999.814167 
19, 42.871387, 0.582655, 74493, 4139.756734 
20, 50.374575, 0.574861, 84509, 5490.382116 
21, 50.374575, 0.570255, 98281, 7200.663363 
