1, -129.828485, 0.000000, 625, 0.218351 
1, -117.983815, 0.710324, 5007, 57.272787 
2, -117.726619, 0.687075, 6259, 71.950297 
3, -40.509232, 0.734241, 6885, 86.266598 
4, -25.256304, 0.729664, 7511, 95.526194 
5, -17.238498, 0.622059, 13145, 255.308330 
6, 2.168160, 0.606465, 15649, 313.392125 
7, 120.200285, 0.649971, 28795, 997.141601 
8, 128.154636, 0.632246, 31925, 1150.343673 
9, 136.899731, 0.613192, 35681, 1397.368555 
10, 147.991897, 0.544039, 41941, 1939.286196 
11, 147.991897, 0.569347, 73241, 7201.102165 
