1, -166.157819, 0.000000, 625, 0.393479 
1, -121.589623, 0.736301, 8137, 59.335835 
2, -109.649517, 0.568363, 21283, 317.827290 
3, -92.216253, 0.570721, 22535, 336.610779 
4, -89.052515, 0.550515, 27543, 594.159531 
5, -84.285397, 0.571798, 28169, 613.557124 
6, -79.492317, 0.570439, 28795, 653.141786 
7, -58.065532, 0.570787, 29421, 675.844141 
8, -40.232804, 0.574421, 31299, 739.920425 
9, 6.161076, 0.620044, 107671, 6656.794743 
10, 23.807639, 0.577470, 109549, 6958.791943 
11, 23.807639, 0.550975, 110801, 7200.117548 
