1, -838.016778, 0.450000, 1251, 1.886266 
2, -454.016642, 0.539877, 1877, 3.998002 
3, -403.275451, 0.754286, 3129, 11.137347 
4, -367.214536, 0.593301, 5007, 30.604677 
5, -147.753988, 0.697674, 6259, 44.188552 
6, -130.760009, 0.658627, 6885, 51.589908 
7, -120.785072, 0.622172, 9389, 76.908179 
8, -52.429225, 0.635565, 10641, 93.288006 
9, -30.916949, 0.525403, 30047, 1002.822847 
10, -18.963626, 0.521129, 33803, 1195.904516 
11, -16.466561, 0.521321, 34429, 1237.308326 
12, -2.623970, 0.427451, 43193, 2122.838917 
13, -2.623970, 0.451819, 80753, 7200.641654 
