1, -267.970777, 0.481818, 1251, 1.700971 
2, -120.763700, 0.706677, 8137, 32.017294 
3, -112.822839, 0.694975, 8763, 43.160841 
4, -110.929976, 0.674278, 9389, 60.088591 
5, -98.344566, 0.604396, 15023, 193.642321 
6, -79.607105, 0.594727, 15649, 226.137132 
7, -77.757928, 0.554383, 22535, 403.372247 
8, -58.609970, 0.538924, 28795, 668.081421 
9, -6.895984, 0.630422, 31925, 802.311395 
10, 18.498541, 0.619555, 32551, 814.876320 
11, 25.862534, 0.571063, 36933, 992.208147 
12, 36.896374, 0.537374, 47575, 1373.840174 
13, 52.705692, 0.546717, 48201, 1413.974509 
14, 75.511174, 0.584595, 62599, 2631.229091 
15, 83.714106, 0.581353, 64477, 3065.244642 
16, 85.850873, 0.575688, 66355, 3296.799808 
17, 101.393524, 0.574535, 66981, 3431.894211 
18, 106.459608, 0.513515, 73241, 4985.498392 
19, 124.253742, 0.498182, 80127, 6394.510845 
20, 124.253742, 0.484847, 82005, 7201.399242 
