1, -126.745389, 0.461153, 2503, 4.177668 
2, -116.957402, 0.525915, 4381, 10.838002 
3, -110.747142, 0.459259, 5633, 15.812042 
4, -110.705281, 0.518686, 6259, 20.926324 
5, -104.324752, 0.437328, 8137, 39.697037 
6, -95.371244, 0.505376, 10015, 72.566302 
7, -87.375864, 0.490897, 11267, 97.852464 
8, -86.911598, 0.453829, 13145, 154.440234 
9, -84.343049, 0.443188, 13771, 172.549563 
10, -44.918178, 0.604215, 18153, 258.564496 
11, -44.094870, 0.591250, 21283, 319.987485 
12, -42.737499, 0.590951, 23161, 354.317734 
13, -39.726221, 0.588077, 23787, 367.313692 
14, -36.812444, 0.582673, 25039, 392.598704 
15, -36.187155, 0.548310, 36933, 746.595623 
16, -33.034749, 0.546503, 50705, 1364.286515 
17, -31.938840, 0.575201, 82631, 3444.334605 
18, -30.932455, 0.563736, 85135, 3644.970965 
19, -29.666170, 0.561387, 85761, 3694.698471 
20, -18.381352, 0.561384, 90143, 4015.125659 
21, -8.185953, 0.558125, 91395, 4136.811402 
22, -6.850196, 0.550486, 95151, 4722.531179 
23, -6.850196, 0.551438, 111427, 7201.209289 
