1, -181.420050, 0.484262, 2503, 3.266826 
2, -123.056230, 0.623188, 3129, 4.119699 
3, -121.699922, 0.594306, 3755, 5.440214 
4, -121.237523, 0.500000, 5633, 12.378639 
5, -119.842579, 0.539707, 14397, 66.907449 
6, -118.124912, 0.518904, 16275, 88.071026 
7, -115.162158, 0.552486, 22535, 156.159986 
8, -113.199611, 0.534671, 25665, 205.542286 
9, -113.034024, 0.511111, 49453, 769.602112 
10, -109.669337, 0.493745, 64477, 1317.439063 
11, -48.337520, 0.600861, 119565, 4291.457899 
12, -43.683792, 0.600819, 120191, 4418.467977 
13, -41.755488, 0.600433, 120817, 4509.973739 
14, -40.442775, 0.602725, 122069, 4675.274719 
15, -39.876228, 0.602388, 122695, 4725.256543 
16, -38.753201, 0.601981, 123947, 4814.397671 
17, -35.129205, 0.597616, 127703, 5200.108211 
18, -33.377834, 0.591942, 143353, 6908.621334 
19, -33.377834, 0.593375, 145857, 7200.007751 
