1, -280.233823, 0.500907, 3129, 10.497455 
2, -263.354406, 0.597094, 4381, 26.179255 
3, -110.484330, 0.748599, 7511, 73.541896 
4, -109.986167, 0.707207, 8763, 85.402582 
5, -109.882111, 0.639597, 11893, 126.427799 
6, -90.036665, 0.672282, 12519, 141.310322 
7, -84.733157, 0.635304, 15023, 193.063093 
8, -42.718766, 0.624950, 15649, 202.551364 
9, -34.970852, 0.507015, 25665, 408.090124 
10, -33.322764, 0.481635, 30047, 566.878574 
11, -30.309452, 0.471583, 31925, 620.861931 
12, -20.384042, 0.499862, 98281, 5230.571511 
13, -17.636325, 0.498082, 100159, 5450.662577 
14, -16.459517, 0.498104, 101411, 5605.009945 
15, -12.664945, 0.493099, 116435, 7112.438535 
16, -12.664945, 0.492503, 116435, 7200.784477 
