1, -611.888881, 0.597855, 1877, 3.366445 
2, -586.649046, 0.523474, 2503, 5.490601 
3, -454.360848, 0.679752, 3129, 6.540726 
4, -137.318829, 0.659420, 3755, 7.587122 
5, -136.061000, 0.596875, 4381, 10.308771 
6, -128.058615, 0.556962, 6259, 19.168539 
7, -113.801791, 0.533193, 6885, 21.273490 
8, -113.192477, 0.526471, 7511, 24.163129 
9, -104.970799, 0.578062, 11267, 60.543237 
10, -97.002081, 0.569298, 12519, 84.672301 
11, -5.462540, 0.592789, 14397, 110.213336 
12, -2.850128, 0.649869, 20031, 209.987675 
13, 22.276123, 0.578634, 26291, 344.603056 
14, 25.767809, 0.569012, 28169, 416.969233 
15, 44.450182, 0.569596, 29421, 455.399531 
16, 56.176340, 0.549013, 31299, 537.361903 
17, 87.115358, 0.538805, 74493, 4437.532537 
18, 87.115358, 0.615668, 93899, 7200.862710 
