1, -686.292936, 0.618182, 1251, 1.137215 
2, -483.260262, 0.504451, 1877, 2.804121 
3, -145.565024, 0.659271, 3129, 6.388417 
4, -132.216160, 0.628821, 3755, 8.733188 
5, -109.055864, 0.591100, 8137, 36.384943 
6, -108.372297, 0.557132, 9389, 41.638308 
7, -107.957425, 0.479683, 21909, 223.111626 
8, -106.856866, 0.454415, 30673, 407.027419 
9, -76.349417, 0.601452, 33803, 476.380605 
10, -38.127644, 0.666031, 35055, 523.308498 
11, -31.478353, 0.662783, 35681, 549.143802 
12, -22.602425, 0.659553, 36307, 581.716947 
13, -21.025494, 0.632066, 43193, 883.348403 
14, -5.722358, 0.619442, 45071, 924.086307 
15, -5.663227, 0.528344, 113305, 6219.526456 
16, -5.663227, 0.526529, 120191, 7200.152845 
