1, -458.827154, 0.563636, 1251, 1.100454 
2, -156.520399, 0.649874, 2503, 3.227473 
3, -142.472451, 0.490683, 4381, 9.079727 
4, -130.229453, 0.551940, 5633, 15.629513 
5, -119.911632, 0.527586, 6259, 20.753534 
6, -60.450743, 0.582420, 29421, 424.555827 
7, -59.818757, 0.581061, 30047, 438.764466 
8, -48.620785, 0.578106, 30673, 449.630091 
9, -45.434165, 0.574575, 31925, 507.565295 
10, -40.507429, 0.567639, 49453, 1419.051189 
11, -35.378859, 0.566512, 50079, 1475.505893 
12, -33.147245, 0.572911, 56339, 2022.688598 
13, -32.829768, 0.562569, 72615, 3723.368396 
14, -32.829768, 0.614331, 98907, 7200.759303 
