1, -336.491473, 0.537453, 3129, 6.073916 
2, -118.868817, 0.519672, 3755, 7.355151 
3, -115.885557, 0.454545, 5633, 14.028805 
4, -112.382044, 0.497439, 11267, 46.969560 
5, -110.993409, 0.479363, 12519, 62.194142 
6, -109.214218, 0.505870, 23161, 220.781087 
7, -107.733390, 0.522314, 24413, 251.303879 
8, -51.564710, 0.553614, 26917, 309.520984 
9, -48.983449, 0.551521, 27543, 318.936407 
10, -46.926529, 0.530496, 30673, 389.460344 
11, -42.952458, 0.517171, 34429, 451.312778 
12, -39.215654, 0.565976, 44445, 755.078684 
13, -31.813416, 0.563636, 48827, 877.214605 
14, -26.097717, 0.541272, 96403, 3860.977031 
15, -26.097717, 0.541570, 135215, 7200.146442 
