1, -113.058045, 0.389078, 1877, 1.713073 
2, -112.516613, 0.452778, 2503, 3.444849 
3, -111.324189, 0.515451, 4381, 11.073001 
4, -107.906085, 0.485240, 6885, 22.601486 
5, -107.108119, 0.505751, 16901, 132.508374 
6, -106.985928, 0.527089, 30673, 437.556261 
7, -87.743072, 0.559880, 32551, 484.505461 
8, -67.625063, 0.587087, 36307, 623.473187 
9, -41.657678, 0.597407, 38185, 686.655311 
10, -41.005114, 0.596488, 40063, 800.217256 
11, -36.785451, 0.594864, 41315, 817.618277 
12, -35.325329, 0.582942, 46949, 1018.030890 
13, -32.594361, 0.575228, 56339, 1476.778047 
14, -27.287423, 0.613073, 71363, 2344.128387 
15, -18.078615, 0.612997, 71989, 2404.667174 
16, 7.658797, 0.638148, 75119, 2769.586872 
17, 25.519988, 0.634133, 78249, 3380.980757 
18, 30.208628, 0.611983, 88891, 4850.732895 
19, 31.212252, 0.593170, 99533, 6565.442333 
20, 31.212252, 0.588465, 102037, 7200.171143 
