1, -559.805226, 0.558824, 2503, 3.723134 
2, -431.500668, 0.714481, 3755, 8.477671 
3, -145.595792, 0.694307, 4381, 10.744360 
4, -142.555637, 0.615900, 6885, 26.070311 
5, -138.514677, 0.635708, 7511, 27.995372 
6, -133.991230, 0.574484, 9389, 40.056451 
7, -132.179566, 0.521030, 11893, 59.323400 
8, -130.795207, 0.534127, 34429, 435.259127 
9, -129.143970, 0.532568, 35055, 485.218616 
10, -127.084405, 0.528795, 35681, 492.543555 
11, -47.234100, 0.715962, 36307, 577.381660 
12, 48.212435, 0.539694, 38811, 896.772926 
13, 50.961240, 0.493771, 40063, 1010.081585 
14, 50.961240, 0.445691, 75119, 7202.092131 
