1, -106.514457, 0.728430, 4381, 10.014182 
2, -106.098298, 0.607823, 6885, 25.287254 
3, -106.017999, 0.489575, 20031, 196.743822 
4, -83.305639, 0.497227, 46323, 1013.775889 
5, -80.349426, 0.495610, 46949, 1056.752830 
6, -75.038269, 0.516047, 60095, 1912.082156 
7, -71.463674, 0.514585, 60721, 1961.986007 
8, -67.926529, 0.512027, 65103, 2350.719632 
9, -65.366193, 0.528824, 65729, 2398.183556 
10, -63.616061, 0.662402, 76371, 3318.087317 
11, -60.887799, 0.662964, 76997, 3411.088526 
12, -54.395449, 0.661716, 77623, 3461.318769 
13, -50.829832, 0.658416, 81379, 3908.129200 
14, -48.114445, 0.658951, 82005, 4080.338059 
15, -48.114445, 0.629836, 105167, 7200.278606 
