1, -771.186190, 0.554545, 1251, 1.830202 
2, -528.802690, 0.590909, 2503, 4.313597 
3, -387.098142, 0.602592, 3129, 6.777923 
4, -374.206778, 0.619883, 3755, 10.022673 
5, -307.655083, 0.591696, 4381, 14.157482 
6, -130.507261, 0.670360, 5633, 19.657792 
7, -116.093079, 0.627561, 8763, 29.540887 
8, -113.144607, 0.613416, 9389, 31.287376 
9, -113.059746, 0.601331, 11267, 44.762997 
10, -110.691167, 0.597222, 11893, 47.710696 
11, -109.066911, 0.457985, 26291, 255.053493 
12, -107.335428, 0.469977, 29421, 356.953820 
13, -105.684971, 0.489598, 32551, 501.846377 
14, -97.686337, 0.562119, 34429, 625.731729 
15, -86.735977, 0.559622, 35055, 649.771376 
16, -5.850032, 0.638843, 36933, 728.088689 
17, -5.048874, 0.638651, 38185, 784.610981 
18, 2.796015, 0.600573, 46949, 1248.672179 
19, 74.750194, 0.621893, 49453, 1406.373043 
20, 80.844531, 0.574622, 51331, 1574.912355 
21, 85.143632, 0.501455, 61973, 2602.866799 
22, 116.934890, 0.499713, 67607, 3247.797565 
23, 123.495788, 0.502495, 68233, 3317.342833 
24, 127.875133, 0.495034, 86387, 5752.496924 
25, 136.655928, 0.496510, 88265, 5983.304236 
26, 149.709358, 0.494933, 89517, 6124.768294 
27, 149.709358, 0.497419, 98281, 7200.518055 
