1, -144.773651, 0.510163, 2503, 4.359826 
2, -106.984309, 0.537634, 3129, 5.398268 
3, -81.691244, 0.519423, 6259, 17.255887 
4, -71.097367, 0.455396, 10015, 40.541158 
5, -69.162226, 0.495876, 13771, 90.006936 
6, -68.021338, 0.489982, 15023, 112.889779 
7, -66.819739, 0.488996, 15649, 118.468437 
8, -66.661412, 0.489669, 17527, 142.718957 
9, -47.499011, 0.494505, 23161, 279.037935 
10, -44.008144, 0.496661, 24413, 326.557579 
11, -42.606636, 0.496066, 55713, 1826.688736 
12, -24.395017, 0.528390, 89517, 4673.236102 
13, -24.395017, 0.539214, 109549, 7200.297794 
