1, -406.688335, 0.590909, 1251, 2.137365 
2, -125.008328, 0.608586, 2503, 5.578658 
3, -107.432327, 0.582645, 3129, 7.509645 
4, -74.780296, 0.612000, 5633, 24.033648 
5, -73.541569, 0.572860, 8137, 52.773556 
6, -58.557083, 0.561473, 10015, 76.171664 
7, -57.129005, 0.518976, 22535, 376.602909 
8, -43.997612, 0.525660, 31925, 739.585797 
9, -10.295996, 0.714023, 46323, 1369.988663 
10, -7.888072, 0.705242, 48201, 1429.909289 
11, 1.050202, 0.682987, 55087, 1704.694969 
12, 5.762546, 0.645109, 85135, 4075.278862 
13, 6.668479, 0.636338, 87639, 4287.300563 
14, 17.011149, 0.634213, 93273, 4833.967285 
15, 23.689602, 0.616136, 98907, 5426.339805 
16, 23.689602, 0.586360, 114557, 7200.136837 
