1, -396.824423, 0.652308, 1877, 3.608055 
2, -394.339300, 0.534562, 2503, 5.562469 
3, -207.818835, 0.551895, 3755, 9.671550 
4, -126.825452, 0.478223, 6885, 25.404925 
5, -122.782546, 0.460817, 10015, 46.707991 
6, -116.850360, 0.467114, 15649, 113.036938 
7, -97.397364, 0.505593, 26917, 280.357828 
8, 12.333284, 0.684887, 28169, 303.205553 
9, 57.484915, 0.712127, 36933, 580.778593 
10, 91.952390, 0.704726, 37559, 621.395450 
11, 97.298885, 0.518069, 41315, 968.246670 
12, 105.807761, 0.407590, 58843, 2842.463040 
13, 105.807761, 0.386739, 83883, 7200.942263 
