1, -351.396910, 0.336562, 2503, 4.183741 
2, -120.329225, 0.671451, 3755, 7.135947 
3, -94.728818, 0.656695, 4381, 8.880795 
4, -94.008356, 0.613027, 5007, 10.095806 
5, -92.661739, 0.660436, 6885, 21.488110 
6, -54.898352, 0.734496, 7511, 33.822684 
7, 40.176779, 0.685139, 8137, 42.096244 
8, 41.320692, 0.545571, 18779, 442.668574 
9, 65.668075, 0.465610, 31299, 1363.437945 
10, 65.796465, 0.509368, 31925, 1385.200453 
11, 89.863878, 0.536989, 45071, 3181.158371 
12, 89.863878, 0.449353, 70111, 7200.450484 
