1, -142.910086, 0.000000, 625, 0.127496 
1, -120.708992, 0.511848, 2503, 8.825575 
2, -113.007591, 0.534707, 5007, 19.306364 
3, -109.516124, 0.487805, 6259, 26.813764 
4, -109.228128, 0.514556, 8763, 44.074093 
5, -108.274487, 0.516685, 10641, 64.423035 
6, -108.050359, 0.531899, 35681, 616.142238 
7, -61.592300, 0.580209, 61347, 1697.348729 
8, -43.916696, 0.637958, 62599, 1821.469361 
9, -37.233839, 0.621122, 64477, 1973.132821 
10, 4.488550, 0.496423, 91395, 4865.278234 
11, 26.623562, 0.477352, 95777, 5556.788131 
12, 26.623562, 0.475785, 104541, 7201.284039 
