1, -636.854979, 0.000000, 625, 0.227948 
1, -208.369987, 0.634241, 3755, 17.669046 
2, -140.295409, 0.647668, 5007, 28.034199 
3, -138.779063, 0.636015, 6259, 43.810188 
4, -102.975489, 0.603098, 9389, 75.592700 
5, -57.600752, 0.632295, 13771, 166.966371 
6, -49.495000, 0.622273, 14397, 188.267776 
7, -16.204830, 0.621472, 15023, 207.785241 
8, -12.210414, 0.543540, 20031, 438.151346 
9, -4.217799, 0.504208, 43193, 2114.974450 
10, 14.345465, 0.490638, 71363, 6626.656613 
11, 14.345465, 0.495577, 73241, 7201.246740 
