1, -1001.344701, 0.000000, 625, 0.895800 
1, -912.878951, 0.520776, 1251, 2.371638 
2, -389.122790, 0.636569, 1877, 4.175601 
3, -314.791937, 0.576981, 2503, 7.296283 
4, -308.698287, 0.722295, 3129, 13.887770 
5, -193.703018, 0.544675, 5007, 41.261363 
6, -132.579519, 0.519141, 8137, 77.752344 
7, -130.376350, 0.506702, 8763, 84.093621 
8, -111.368305, 0.527281, 9389, 89.278038 
9, -108.813697, 0.517368, 10641, 105.563323 
10, -67.411872, 0.518957, 11267, 116.387627 
11, -65.612925, 0.495515, 12519, 139.541730 
12, -50.646430, 0.497376, 15023, 213.928467 
13, -49.616590, 0.508664, 16901, 247.482553 
14, -27.087508, 0.553595, 18153, 280.303336 
15, -20.571507, 0.545845, 20657, 353.409010 
16, -10.279308, 0.526385, 21909, 390.142399 
17, 36.899910, 0.624382, 56965, 2487.545868 
18, 54.935957, 0.623393, 57591, 2543.261431 
19, 56.123450, 0.614336, 65103, 3334.583207 
20, 66.461753, 0.614766, 65729, 3393.550141 
21, 79.982784, 0.633730, 76371, 4707.746408 
22, 160.169051, 0.634093, 76997, 4781.223269 
23, 160.169051, 0.597261, 91395, 7200.103621 
