1, -537.875541, 0.000000, 625, 0.211956 
1, -382.468890, 0.650970, 1251, 2.029064 
2, -354.653999, 0.440719, 3755, 13.026640 
3, -132.203699, 0.607007, 6259, 29.026378 
4, -129.739216, 0.585627, 10015, 58.731229 
5, -40.851977, 0.628400, 16901, 160.692726 
6, -31.384369, 0.597451, 18153, 196.863197 
7, -4.247908, 0.531848, 21283, 309.671656 
8, -2.796247, 0.504282, 59469, 3256.448102 
9, -2.133299, 0.529878, 63225, 3625.294905 
10, 3.902136, 0.529795, 63851, 3664.770946 
11, 9.952250, 0.530022, 67607, 4063.859430 
12, 22.706241, 0.526226, 80753, 5948.707903 
