1, -657.131364, 0.000000, 625, 0.424412 
1, -353.754830, 0.574627, 3129, 12.899711 
2, -345.651411, 0.546060, 5007, 23.975088 
3, -325.166304, 0.525168, 7511, 44.931573 
4, -322.853419, 0.534884, 8763, 60.350929 
5, -145.451508, 0.519324, 10641, 87.750605 
6, -139.372394, 0.525450, 12519, 119.993971 
7, -116.338400, 0.570647, 13145, 128.456470 
8, -100.449069, 0.552199, 14397, 157.417896 
9, -43.442357, 0.566501, 16901, 198.118058 
10, -35.540400, 0.551948, 20657, 273.163894 
11, -32.964434, 0.565934, 21283, 280.868258 
12, -30.497062, 0.572668, 28169, 471.150630 
13, -26.020038, 0.579147, 33177, 596.781960 
14, -24.042516, 0.558136, 92647, 5443.983298 
15, -24.042516, 0.568224, 105167, 7200.013215 
