1, -593.344573, 0.000000, 625, 0.268754 
1, -238.233626, 0.596671, 3129, 11.980662 
2, -192.986583, 0.693974, 5007, 38.712367 
3, -157.753809, 0.570048, 8763, 93.548446 
4, -136.639928, 0.544711, 10015, 120.128450 
5, -125.975370, 0.556987, 11893, 155.518182 
6, -78.114881, 0.560633, 13771, 211.445907 
7, -34.369141, 0.551749, 15023, 283.027205 
8, 5.543190, 0.522115, 36307, 1518.318761 
9, 6.145503, 0.522007, 37559, 1706.531825 
10, 25.611828, 0.497117, 38185, 1778.273976 
11, 27.623995, 0.481304, 41315, 2248.868224 
12, 31.012076, 0.426733, 59469, 5910.004472 
13, 31.012076, 0.420770, 63225, 7200.263599 
