1, -138.163689, 0.000000, 625, 0.159811 
1, -131.564694, 0.521233, 9389, 62.564979 
2, -125.831885, 0.525049, 13771, 123.573774 
3, -123.067594, 0.534103, 16275, 197.295304 
4, -105.307083, 0.573304, 20031, 361.571745 
5, -52.168257, 0.632170, 21283, 409.475957 
6, 33.715635, 0.513325, 23787, 560.156627 
7, 76.804658, 0.628333, 25665, 678.179106 
8, 156.263078, 0.659462, 28169, 898.849475 
9, 162.146584, 0.631144, 30047, 1181.216599 
10, 191.278701, 0.606073, 30673, 1236.374733 
11, 200.574390, 0.586704, 35055, 1614.295699 
12, 201.841747, 0.564052, 38811, 2196.708882 
13, 210.874378, 0.562942, 40689, 2411.620296 
14, 210.874378, 0.501845, 66355, 7201.777544 
