1, -540.291766, 0.000000, 625, 0.277590 
1, -386.889101, 0.659280, 1251, 2.957072 
2, -368.182255, 0.538462, 1877, 5.677855 
3, -131.287648, 0.458915, 2503, 8.325721 
4, -115.978864, 0.498876, 4381, 18.377813 
5, -112.040271, 0.512957, 15023, 136.758829 
6, -96.868124, 0.518432, 35055, 740.592524 
7, -72.276688, 0.517069, 36933, 812.402102 
8, -68.326106, 0.527536, 40689, 965.019497 
9, -67.564837, 0.550630, 43819, 1131.246250 
10, -64.509749, 0.577343, 46949, 1336.976096 
11, -38.981401, 0.576595, 47575, 1368.649153 
12, -24.739316, 0.619870, 50079, 1544.319464 
13, -4.352539, 0.618244, 51331, 1620.901073 
14, 31.759410, 0.608672, 53209, 1770.360500 
15, 31.759410, 0.545068, 100159, 7201.668583 
