1, -530.736218, 0.000000, 625, 0.215638 
1, -510.277963, 0.518438, 1877, 2.780842 
2, -266.473328, 0.683794, 3755, 9.651653 
3, -262.013195, 0.620495, 5007, 14.157946 
4, -225.952685, 0.717047, 6885, 24.354963 
5, -213.791355, 0.624916, 8137, 49.195449 
6, -189.795671, 0.574735, 10641, 86.719158 
7, -137.761976, 0.583753, 13145, 140.014503 
8, -92.331171, 0.698453, 16275, 204.828105 
9, -25.647000, 0.652559, 16901, 217.879785 
10, -6.730517, 0.473377, 71363, 4254.042443 
11, -6.730517, 0.468230, 92647, 7200.457857 
