1, -604.585329, 0.000000, 625, 0.249113 
1, -564.629252, 0.496920, 1877, 3.246507 
2, -540.285030, 0.411955, 3129, 8.265366 
3, -161.740762, 0.621277, 3755, 11.794848 
4, -158.175046, 0.535632, 5007, 18.078565 
5, -142.769759, 0.511958, 8137, 37.082043 
6, -134.167473, 0.587264, 13771, 121.183543 
7, -113.353350, 0.555140, 17527, 222.180321 
8, -110.163127, 0.534315, 21283, 310.784251 
9, -107.316557, 0.526832, 21909, 323.782976 
10, -102.706396, 0.558086, 38185, 949.969238 
11, -98.440277, 0.549269, 39437, 1050.774899 
12, -97.420082, 0.557970, 43193, 1407.000348 
13, -67.424815, 0.601053, 46323, 1703.322010 
14, -52.511029, 0.696221, 48827, 1994.168370 
15, -46.634343, 0.692659, 49453, 2069.181151 
16, -30.633885, 0.682033, 50705, 2274.189253 
17, -15.846029, 0.636540, 63225, 4296.679450 
18, -15.846029, 0.587758, 76997, 7200.346431 
