1, -124.845659, -112.603105, 104375, 58.539748 
2, -123.896801, -87.924203, 519375, 217.395626 
3, -114.441455, -98.587941, 623125, 260.693305 
4, -101.896172, -78.403403, 726875, 297.279540 
5, -99.816352, -88.439889, 3735625, 1431.545074 
6, -97.060235, -94.914071, 5499375, 2098.323189 
7, -94.944837, -84.963946, 8093125, 3282.817543 
8, -73.974860, -43.800178, 8404375, 3425.237962 
9, -33.948253, -23.204779, 8508125, 3558.630818 
10, -18.752250, -11.363837, 8819375, 3897.269257 
11, -18.189062, 12.533303, 9026875, 4328.387574 
12, 0.948626, 6.071577, 9441875, 5708.618874 
