1, -128.365654, -100.928520, 104375, 25.271529 
2, -117.551170, -114.099287, 208125, 49.047871 
3, -116.323357, -109.317479, 415625, 101.261792 
4, -77.628272, -64.898969, 830625, 195.366222 
5, -65.482160, -59.250064, 934375, 244.904664 
6, -58.442828, -51.912976, 1141875, 321.494849 
7, -56.479260, -48.199000, 1556875, 489.214397 
8, -56.044180, -43.360084, 1764375, 571.654738 
9, -55.659523, -19.466612, 1971875, 662.162956 
10, -48.976344, -15.415608, 2075625, 720.359181 
11, -22.184575, -16.716785, 2283125, 832.228458 
12, -19.266308, 27.466743, 2698125, 1060.933899 
13, -2.762470, 42.661950, 2801875, 1144.954532 
14, 13.953574, 35.084070, 2905625, 1229.555993 
15, 32.814193, 44.474263, 3839375, 2039.795194 
16, 37.258908, 55.347892, 4046875, 2226.987215 
17, 41.958607, 77.984265, 4980625, 3168.404046 
18, 85.902390, 172.706216, 5291875, 3502.033375 
19, 113.320178, 155.726557, 5914375, 4373.336812 
20, 132.415322, 134.002600, 7159375, 6056.923539 
21, 141.191841, 178.008919, 7366875, 6357.805773 
