1, -141.612800, -105.354308, 104375, 24.041605 
2, -135.067291, -110.389883, 208125, 43.167001 
3, -124.728855, -112.294248, 311875, 63.595113 
4, -118.907681, -110.760469, 2698125, 548.442015 
5, -117.792735, -111.506541, 3216875, 675.890252 
6, -93.033586, -68.514922, 3528125, 758.104630 
7, -84.063063, -54.537476, 3943125, 905.594523 
8, -55.751471, -56.769047, 4046875, 946.549681 
9, -32.623273, -9.685804, 4565625, 1138.872308 
10, -29.586288, 3.304379, 4876875, 1383.372045 
11, 6.867511, 31.410284, 5914375, 2238.500702 
12, 14.885416, 9.951724, 6018125, 2317.794630 
