1, -144.889629, -109.005055, 104375, 23.716649 
2, -124.902164, -99.995136, 208125, 44.608350 
3, -122.765576, -103.878745, 1038125, 225.116290 
4, -94.881633, -56.598969, 1141875, 255.954129 
5, -80.487334, -35.375816, 1245625, 326.554326 
6, -32.854435, -17.410667, 1349375, 379.769808 
7, -30.239255, -15.252401, 1556875, 477.398611 
8, -24.074932, -2.664766, 1868125, 618.855832 
9, -10.011298, -14.760873, 1971875, 658.159149 
10, 0.226617, 5.027206, 2179375, 759.089799 
11, 40.549238, 79.071263, 2801875, 1163.929484 
12, 69.052643, 99.743827, 2905625, 1278.395437 
13, 125.594344, 109.206299, 3216875, 1671.433830 
