1, -153.634407, -108.024130, 104375, 28.990527 
2, -123.962520, -114.150896, 208125, 53.827520 
3, -119.071082, -113.092598, 415625, 101.177958 
4, -46.070892, -34.317347, 3113125, 812.367872 
5, -39.349992, -15.051414, 3320625, 1006.041575 
6, -31.255297, -19.828792, 3735625, 1430.637493 
7, -25.157135, -11.778748, 3839375, 1537.124913 
8, 7.309279, 18.509805, 3943125, 1640.169513 
9, 8.910255, 23.676471, 4046875, 1749.770503 
10, 10.652880, 23.630843, 4150625, 1863.054895 
11, 21.910109, 26.398984, 4565625, 2319.142873 
12, 22.010991, 25.386900, 6848125, 4941.334293 
13, 22.850366, 26.623141, 7159375, 5290.386287 
14, 23.000081, 24.594278, 7781875, 5937.011885 
15, 23.407905, 24.203298, 7989375, 6145.323104 
