1, -128.691077, -108.826443, 104375, 25.309847 
2, -77.932232, -52.917603, 208125, 52.864558 
3, -32.556083, 8.613694, 415625, 213.670143 
4, -29.993337, 18.386450, 519375, 520.484899 
5, -17.663518, 27.897829, 623125, 811.068412 
6, -5.643513, 17.277790, 726875, 1096.223805 
7, -4.381386, 12.104348, 1038125, 2056.933483 
8, 2.345074, 21.242912, 1141875, 2301.866668 
9, 7.376142, 23.943363, 1764375, 3809.238467 
10, 10.240235, 49.927584, 2594375, 5694.993583 
11, 16.861279, 26.988883, 2801875, 6135.570390 
