1, -119.342159, -109.585666, 104375, 21.712964 
2, -118.856712, -107.107433, 415625, 87.246141 
3, -111.310792, -107.127400, 1453125, 335.601568 
4, -110.502841, -104.483571, 1556875, 375.797939 
5, -106.983789, -105.599557, 1971875, 544.687989 
6, -94.136739, -59.781900, 5395625, 1894.759490 
7, -93.242257, -70.614119, 5499375, 1938.923692 
8, -92.135893, -80.158183, 6329375, 2319.269595 
9, -89.886017, -63.629128, 6848125, 2546.416076 
10, -80.986245, -56.464057, 8508125, 3242.932480 
11, -61.975609, -56.078440, 8923125, 3467.313981 
