1, -130.769419, -101.637481, 104375, 36.354464 
2, -126.171451, -106.326081, 208125, 64.280908 
3, -112.481563, -112.043234, 623125, 167.945479 
4, -106.284315, -106.308972, 1868125, 493.424955 
5, -58.284711, -53.511032, 2075625, 585.990771 
6, -57.301269, -48.379989, 2179375, 654.208874 
7, -51.455152, -46.022774, 2283125, 719.277266 
8, -30.714207, -7.691094, 2594375, 941.025792 
9, -26.994080, -5.322344, 2698125, 1044.407195 
10, -25.452093, -3.610983, 2801875, 1146.885619 
11, -22.999656, 42.188824, 3009375, 1449.376267 
12, -4.154233, 78.346927, 3113125, 1661.062508 
13, 23.184030, 61.293636, 3216875, 1889.303063 
14, 39.460445, 59.885194, 3320625, 2184.240691 
15, 39.756132, 39.590871, 3528125, 2573.851741 
16, 51.135875, 56.146988, 4358125, 4821.788692 
