1, -139.350386, -112.656369, 104375, 30.221732 
2, -132.136817, -110.055113, 208125, 63.813971 
3, -130.738264, -102.801272, 311875, 91.460983 
4, -122.086675, -103.370101, 415625, 114.340009 
5, -84.070429, -56.488688, 726875, 206.428633 
6, -76.666380, -55.694712, 934375, 286.798345 
7, -73.174261, -57.428821, 1038125, 326.426443 
8, -72.189040, -57.136408, 1349375, 446.403128 
9, -69.115050, -50.194019, 1453125, 479.440267 
10, -63.266166, -45.073254, 1660625, 542.346931 
11, -60.689936, -47.811493, 1764375, 570.552024 
12, -53.921900, -46.887820, 2594375, 819.004460 
13, -39.781684, -37.203445, 3424375, 1069.201290 
14, -25.913182, -4.386939, 12346875, 3615.970733 
15, -6.880914, -19.680638, 13280625, 3986.981997 
16, 22.230272, -2.956388, 15148125, 4703.388065 
