1, -117.415842, -107.193489, 104375, 47.144128 
2, -86.129425, -84.137198, 208125, 96.170695 
3, -19.344744, 28.268827, 415625, 219.626168 
4, -14.157012, 27.617134, 519375, 370.877910 
5, -10.340778, 24.032255, 726875, 660.856811 
6, -8.834980, 25.192744, 934375, 882.727623 
7, 0.050701, 31.446609, 1038125, 988.310731 
8, 0.440575, 40.015693, 1245625, 1259.972073 
9, 18.442659, 46.179728, 1349375, 1619.756109 
10, 29.442596, 65.194831, 1764375, 3588.804870 
11, 33.655758, 80.783855, 2179375, 4679.125211 
12, 111.803476, 121.918853, 2490625, 5683.470484 
