1, -120.151972, -86.026458, 104375, 28.906460 
2, -111.685048, -95.907676, 623125, 150.477500 
3, -109.712945, -87.515475, 1660625, 396.935871 
4, -105.123320, -96.528292, 1971875, 477.215518 
5, -101.194665, -77.089281, 2386875, 583.198421 
6, -89.284260, -95.915924, 6536875, 1648.149807 
7, -85.469782, -100.590600, 7989375, 2070.317851 
8, -77.109935, -10.923179, 11516875, 3088.461806 
9, -44.331621, -20.535687, 11828125, 3204.632985 
10, -43.009265, -22.682389, 12450625, 3415.845761 
11, -30.734434, 32.222369, 13176875, 3673.726259 
12, -30.603991, 7.225291, 14006875, 3962.509192 
13, -28.093325, -8.239094, 18468125, 5568.908937 
14, -20.561148, -26.552292, 20750625, 6357.459938 
