1, -118.211200, -102.046095, 104375, 39.207361 
2, -86.884131, -97.716461, 208125, 80.321928 
3, -46.632865, -35.213090, 311875, 149.681461 
4, -43.965253, -32.470325, 415625, 235.880326 
5, -37.895638, -32.530166, 519375, 317.641188 
6, -23.694368, -12.807042, 726875, 530.416211 
7, -18.992973, -13.278113, 1660625, 1461.792647 
8, -16.882080, -19.211962, 1764375, 1572.904286 
9, -12.693610, -11.532463, 4046875, 4129.406263 
10, -6.781758, 7.612509, 4358125, 4586.715233 
11, 4.992486, 38.781554, 4773125, 5569.893809 
12, 6.166461, 52.785451, 4980625, 5790.538337 
13, 17.104389, 47.118001, 5084375, 5955.477434 
14, 34.067588, 48.622233, 5188125, 6058.232085 
15, 93.686393, 65.552420, 5291875, 6236.629693 
