1, -133.757044, -114.961658, 104375, 42.677959 
2, -125.879102, -106.181366, 311875, 90.785283 
3, -116.269156, -113.327712, 830625, 217.781079 
4, -111.780560, -116.236404, 934375, 258.342726 
5, -110.061025, -106.221329, 1349375, 427.559588 
6, -71.406796, -54.402223, 1556875, 509.121703 
7, -64.428486, -44.169220, 1764375, 623.388169 
8, -40.375997, -25.922224, 1868125, 678.254844 
9, -34.541842, -0.611548, 2179375, 828.301192 
10, -30.348656, -0.163496, 2594375, 1120.688235 
11, -29.951403, -9.151153, 2801875, 1331.649234 
12, -20.938885, -5.240018, 2905625, 1433.215195 
13, -10.099299, -5.310889, 4461875, 2990.183446 
14, -9.683067, -14.126144, 4980625, 3517.881832 
15, -4.438462, -1.397746, 6018125, 4547.025268 
16, 8.809745, -4.346305, 7989375, 6285.389421 
