1, -130.864090, -116.376657, 104375, 35.561398 
2, -130.732270, -102.579581, 415625, 95.140898 
3, -129.653924, -105.324545, 519375, 115.490535 
4, -117.605279, -112.844129, 830625, 181.198194 
5, -62.513895, -57.582192, 1141875, 263.329904 
6, -40.407954, -25.683106, 1764375, 557.188767 
7, -33.889991, -17.387157, 1868125, 618.924168 
8, -30.125770, -14.007855, 2179375, 814.168481 
9, -22.250651, -13.637619, 2283125, 876.246583 
10, -18.496925, -13.998067, 2490625, 1006.975569 
11, -17.576034, -8.990169, 4876875, 2503.234795 
12, -16.354699, -14.699420, 5084375, 2664.665612 
