1, -138.648610, -110.616071, 104375, 31.326478 
2, -28.521090, -19.357592, 208125, 77.581159 
3, -25.455346, -12.563215, 311875, 196.739585 
4, -21.248172, -9.958475, 623125, 611.355123 
5, -20.255914, -9.245249, 1349375, 1276.387332 
6, -17.765012, -11.244042, 1556875, 1517.972959 
7, -17.067161, -13.033540, 1868125, 1857.291809 
8, -8.222964, 5.361743, 2698125, 2577.537235 
9, -6.024252, -8.596842, 3216875, 2936.083423 
10, 45.777879, 109.468765, 3424375, 3341.123849 
11, 52.194023, 111.709414, 3528125, 3717.166492 
12, 77.347394, 105.951177, 3631875, 4147.586992 
