0, -1351.095606, 0.000000, 101, 1.799452 
0, -1351.095606, 0.000000, 101, 1.898135 
0, -1351.095606, 0.000000, 101, 1.788844 
0, -1351.095606, 0.000000, 101, 1.836642 
0, -1351.095606, 0.000000, 101, 1.826751 
0, -1351.095606, 0.000000, 101, 1.824460 
0, -1351.095606, 0.000000, 101, 1.877310 
0, -1351.095606, 0.000000, 101, 1.799562 
0, -1351.095606, 0.000000, 101, 1.808360 
0, -1351.095606, 0.000000, 101, 1.765561 
1, -1137.209483, -0.094369, 201, 3.230555 
0, -1351.095606, 0.000000, 101, 1.825853 
1, -1137.209483, -0.094369, 201, 3.169627 
0, -1351.095606, 0.000000, 101, 1.759445 
1, -973.371256, -0.066510, 201, 255.456124 
0, -1351.095606, 0.000000, 101, 1.843122 
1, -1101.365378, -0.076868, 201, 284.958774 
0, -1351.095606, 0.000000, 101, 2.117299 
1, -1101.365378, -0.076868, 201, 364.881013 
0, -1351.095606, 0.000000, 101, 1.959177 
1, -1251.134516, -0.073990, 201, 246.444945 
0, -1351.095606, 0.000000, 101, 1.915995 
0, -1351.095606, 0.000000, 101, 2.006854 
1, -1283.243880, -0.067220, 201, 168.745089 
0, -1351.095606, 0.000000, 101, 2.110054 
1, -877.883179, -0.070893, 201, 67.179418 
0, -1351.095606, 0.000000, 101, 2.017945 
1, -877.883179, -0.070893, 201, 64.190137 
2, -845.383341, -0.037588, 908, 2887.965068 
0, -1351.095606, 0.000000, 101, 1.938903 
1, -877.883179, -0.070893, 201, 66.870639 
0, -1351.095606, 0.000000, 101, 1.980229 
1, -877.883179, -0.070893, 201, 64.755573 
0, -1351.095606, 0.000000, 101, 2.066991 
3, -800.584712, -0.036551, 1009, 3259.952731 
1, -877.883179, -0.070893, 201, 65.955554 
4, -800.584712, -0.034093, 1010, 3601.711455 
