0, -1347.763957, 0.000000, 101, 1.766117 
0, -1347.663988, 0.000000, 101, 1.722061 
0, -1347.663988, 0.000000, 101, 1.746715 
0, -1347.663988, 0.000000, 101, 1.794878 
0, -1347.663988, 0.000000, 101, 1.776241 
0, -1347.663988, 0.000000, 101, 1.897679 
0, -1347.663988, 0.000000, 101, 1.760832 
1, -1201.866310, -45.474104, 302, 21.449814 
2, -1195.036147, -60.573506, 504, 34.749183 
3, -1059.086019, -64.159085, 605, 54.223051 
0, -1347.663988, 0.000000, 101, 1.719695 
1, -1201.866310, -45.474104, 302, 21.092115 
2, -1195.036147, -60.573506, 504, 34.668332 
3, -1059.086019, -64.159085, 605, 54.070086 
0, -1347.663988, 0.000000, 101, 1.697914 
1, -1201.866310, -45.474104, 302, 20.491572 
2, -1195.036147, -60.573506, 504, 33.294447 
3, -1059.086019, -64.159085, 605, 51.759446 
0, -1347.663988, 0.000000, 101, 1.701482 
1, -1201.866310, -45.474104, 302, 20.440554 
2, -1195.036147, -60.573506, 504, 33.019772 
3, -1059.086019, -64.159085, 605, 51.180373 
0, -1347.663988, 0.000000, 101, 1.657016 
1, -1201.866310, -45.474104, 302, 20.657863 
2, -1195.036147, -60.573506, 504, 34.194228 
3, -1059.086019, -64.159085, 605, 53.005452 
