1, -515.873981, 0.629630, 1251, 2.662361 
2, -457.793222, 0.659836, 2503, 9.631816 
3, -439.070662, 0.600190, 4381, 25.408331 
4, -355.900544, 0.644501, 5007, 28.628083 
5, -140.133937, 0.671498, 5633, 32.306087 
6, -133.629783, 0.670973, 6259, 35.371773 
7, -108.789495, 0.723988, 6885, 70.934924 
8, -40.967031, 0.547619, 8763, 137.826244 
9, -26.738184, 0.545843, 9389, 156.167923 
10, -21.090234, 0.454512, 23787, 563.786422 
11, 50.411495, 0.629205, 33177, 969.284673 
12, 52.478544, 0.530050, 51331, 2154.746059 
13, 52.478544, 0.471646, 88265, 7200.679598 
