1, -711.720506, 0.419075, 1877, 4.225083 
2, -342.045639, 0.590820, 3755, 16.153139 
3, -291.904043, 0.632058, 4381, 20.947388 
4, -248.370067, 0.603836, 8137, 58.002604 
5, -110.552007, 0.547495, 9389, 78.765560 
6, -108.488361, 0.536437, 10015, 86.137172 
7, -107.432349, 0.527652, 11893, 111.820918 
8, -106.895445, 0.462866, 39437, 1001.562114 
9, -100.773314, 0.460188, 40063, 1035.380248 
10, -97.808202, 0.461661, 43193, 1205.360886 
11, -94.124298, 0.464155, 44445, 1292.551456 
12, -93.069306, 0.456638, 48827, 1640.465626 
13, -87.040687, 0.666425, 49453, 1713.214578 
14, -80.166874, 0.682672, 52583, 2074.739032 
15, -79.851273, 0.621205, 54461, 2365.904116 
16, -54.519751, 0.606094, 57591, 2690.742801 
17, -38.213080, 0.688383, 74493, 5257.118061 
18, -38.213080, 0.679267, 84509, 7200.070449 
