1, -530.126875, 0.518519, 1251, 1.265875 
2, -458.930563, 0.503876, 3129, 10.226498 
3, -323.176314, 0.502646, 3755, 15.105414 
4, -269.233347, 0.585740, 6259, 35.476055 
5, -179.415641, 0.592105, 6885, 47.024380 
6, -112.480177, 0.605296, 8763, 73.645199 
7, -112.030370, 0.554787, 10015, 87.271756 
8, -94.107245, 0.655306, 15023, 153.790392 
9, -84.446754, 0.588214, 16275, 179.527562 
10, -77.635314, 0.572256, 16901, 195.324238 
11, -75.009720, 0.529500, 21909, 314.695498 
12, -74.699417, 0.438079, 79501, 4753.149314 
13, -74.699417, 0.501503, 96403, 7200.430215 
