1, -777.906602, 0.466667, 1251, 2.305970 
2, -231.332633, 0.413721, 2503, 7.014464 
3, -210.222939, 0.444331, 4381, 17.150806 
4, -149.650673, 0.551724, 6259, 37.540745 
5, -120.043073, 0.456651, 8137, 74.914286 
6, -101.495292, 0.453000, 8763, 91.044678 
7, -101.380765, 0.480369, 17527, 406.531811 
8, -89.046756, 0.465742, 20031, 543.944989 
9, -87.497271, 0.604560, 21909, 668.454882 
10, -58.234283, 0.646243, 23787, 854.244650 
11, -9.320375, 0.638624, 25039, 1004.473800 
12, 0.710570, 0.635108, 25665, 1064.725499 
13, 0.710570, 0.555141, 61973, 7200.063888 
