1, -179.985671, 0.605042, 2503, 6.666786 
2, -147.708859, 0.514754, 3755, 19.246722 
3, -119.367496, 0.507210, 8137, 111.507209 
4, -116.633982, 0.471304, 9389, 129.584140 
5, -83.478933, 0.511103, 11267, 184.145418 
6, -21.213791, 0.563875, 16275, 354.682189 
7, -7.833135, 0.601976, 18779, 522.095355 
8, 2.520303, 0.526733, 19405, 607.612257 
9, 33.693338, 0.532804, 21283, 803.733430 
10, 51.349553, 0.638232, 23787, 1119.493927 
11, 113.624395, 0.621134, 25039, 1242.173661 
12, 153.000903, 0.549349, 28169, 1650.626493 
13, 174.014533, 0.623156, 32551, 2366.521965 
14, 184.446215, 0.610913, 33803, 2595.935475 
15, 185.165490, 0.616928, 34429, 2758.259209 
16, 194.745612, 0.617568, 35681, 3008.370543 
17, 198.951574, 0.613725, 37559, 3347.766816 
18, 198.951574, 0.569814, 51957, 7200.029592 
