1, -485.214716, 0.497317, 2503, 8.247539 
2, -164.148199, 0.582298, 3129, 10.003259 
3, -152.253812, 0.576483, 5007, 20.017279 
4, -133.140299, 0.558203, 6259, 25.693328 
5, -131.834214, 0.599686, 10015, 86.619323 
6, -126.979673, 0.567568, 11267, 97.830799 
7, 48.028639, 0.553206, 29421, 411.149976 
8, 74.222081, 0.524129, 33177, 528.021421 
9, 76.254692, 0.534544, 38185, 724.521973 
10, 90.150152, 0.535186, 38811, 748.663360 
11, 95.435730, 0.535330, 55713, 1697.471338 
12, 98.578064, 0.480516, 88891, 5425.336609 
13, 98.578064, 0.444539, 99533, 7200.274906 
