1, -125.704791, 0.495208, 10641, 77.525182 
2, -122.586736, 0.431830, 12519, 96.314234 
3, -111.854977, 0.462349, 18153, 248.400321 
4, -109.511539, 0.443894, 19405, 277.198811 
5, -109.047451, 0.436566, 20031, 289.102348 
6, -108.330382, 0.484195, 39437, 1027.989158 
7, -68.173804, 0.551013, 50705, 1880.670500 
8, -54.342546, 0.586398, 53835, 2066.640729 
9, -44.585071, 0.583669, 56339, 2218.755704 
10, -28.752052, 0.574368, 61347, 2539.733114 
11, -12.330347, 0.703755, 71363, 3384.554898 
12, -6.780144, 0.701613, 71989, 3442.648610 
13, -6.432235, 0.622062, 81379, 4927.754563 
14, -4.116354, 0.566749, 85135, 5530.925282 
15, -4.116354, 0.533200, 92021, 7200.562295 
