1, -143.994364, 0.402817, 1877, 3.636252 
2, -132.530955, 0.403403, 7511, 58.647177 
3, -132.298595, 0.423623, 10641, 121.098341 
4, -131.989869, 0.464479, 11893, 159.934624 
5, -125.901007, 0.451988, 13145, 183.399490 
6, -125.193882, 0.446852, 18779, 365.205651 
7, -123.092096, 0.440771, 19405, 413.400196 
8, -120.808335, 0.389709, 26917, 835.896728 
9, -118.915292, 0.340334, 32551, 1250.227583 
10, -115.645789, 0.324799, 36307, 1521.510525 
11, -108.241151, 0.629115, 48827, 2568.414697 
12, -68.191637, 0.646802, 50705, 2702.850288 
13, -67.989854, 0.629223, 54461, 3165.844258 
14, -65.141538, 0.622655, 56339, 3382.606358 
15, -50.922760, 0.588855, 66355, 4321.182431 
16, -47.719068, 0.577327, 72615, 4950.070459 
17, -44.223790, 0.560180, 88891, 6711.348388 
18, -44.223790, 0.549557, 92647, 7200.405126 
