1, -126.774987, 0.564826, 10015, 66.532938 
2, -124.708306, 0.544457, 10641, 71.222883 
3, -116.609350, 0.515423, 12519, 93.603358 
4, -35.367898, 0.636126, 34429, 656.302612 
5, -34.301398, 0.628680, 35681, 724.861560 
6, -33.919010, 0.625753, 36307, 744.884778 
7, -32.195608, 0.624694, 36933, 762.554745 
8, -26.687040, 0.623388, 37559, 793.025140 
9, -25.985255, 0.602490, 44445, 1131.848550 
10, -23.728139, 0.596174, 48201, 1344.647362 
11, -22.573013, 0.571736, 63225, 2343.839765 
12, 11.976144, 0.688962, 73241, 3085.192539 
13, 25.071830, 0.687123, 73867, 3110.062242 
14, 38.494873, 0.678823, 80127, 3728.529434 
15, 45.100148, 0.671861, 81379, 3855.630887 
16, 58.524029, 0.641854, 83883, 4205.349151 
17, 61.393560, 0.569860, 101411, 6603.917668 
18, 61.393560, 0.560276, 103915, 7201.101475 
