1, -427.423816, 0.412417, 2503, 3.798076 
2, -226.558908, 0.692308, 3755, 9.990801 
3, -207.470917, 0.601615, 4381, 13.179016 
4, -145.791397, 0.730952, 7511, 38.568749 
5, -134.477538, 0.680542, 9389, 61.473063 
6, -130.842393, 0.547397, 15023, 124.040234 
7, -73.420603, 0.640811, 40689, 893.837901 
8, -69.221194, 0.601226, 41315, 918.376236 
9, -67.556303, 0.586159, 41941, 956.781839 
10, -67.017014, 0.575925, 43193, 1045.512454 
11, -59.273397, 0.555843, 45071, 1198.499485 
12, -53.351630, 0.489738, 68233, 3445.640418 
13, -52.122733, 0.470942, 75745, 4435.996831 
14, -44.106332, 0.489934, 83257, 5661.833562 
15, -20.357017, 0.488451, 88265, 6356.151621 
16, -20.357017, 0.482592, 92647, 7200.274209 
