1, -406.780347, 0.601036, 4381, 10.687680 
2, -379.695257, 0.564650, 5007, 12.900056 
3, -118.412269, 0.602384, 5633, 16.293028 
4, -111.837444, 0.592629, 6259, 20.601213 
5, -109.212142, 0.505213, 8137, 38.068765 
6, -96.386270, 0.500253, 12519, 89.186278 
7, -84.700175, 0.433249, 26917, 423.746534 
8, -21.808418, 0.475200, 36307, 869.509148 
9, -7.476980, 0.484533, 38185, 988.268677 
10, -1.922939, 0.484710, 40689, 1179.386736 
11, 30.316296, 0.483134, 41315, 1203.192134 
12, 30.316296, 0.460670, 88891, 7200.059368 
