1, -534.651227, 0.546841, 2503, 5.877615 
2, -453.948927, 0.494231, 3129, 7.711764 
3, -279.239649, 0.552538, 4381, 13.484637 
4, -263.688124, 0.523652, 5007, 17.073998 
5, -248.642393, 0.427862, 17527, 182.843520 
6, -225.224485, 0.527483, 19405, 216.144027 
7, -125.392302, 0.534229, 20657, 237.172645 
8, -73.954564, 0.636028, 25665, 366.561645 
9, -67.999066, 0.542753, 33803, 735.659882 
10, -49.878563, 0.640317, 35055, 803.167028 
11, 3.234748, 0.631052, 35681, 850.139619 
12, 9.962300, 0.600517, 37559, 1002.680023 
13, 12.280695, 0.586420, 39437, 1146.272512 
14, 12.280695, 0.438216, 78875, 7200.342062 
