0, 9.350000, 0.000000, 100, 0.671597 
1, 187.020000, 0.960334, 200, 25.986803 
2, 198.240000, 0.859665, 503, 185.947703 
3, 232.500000, 0.861744, 705, 345.949603 
4, 317.520000, 0.928856, 1008, 654.262313 
5, 436.580000, 0.937407, 1311, 930.777326 
6, 493.730000, 0.946640, 1412, 1100.790186 
7, 495.110000, 0.947115, 1513, 1233.934185 
8, 497.510000, 0.951933, 1614, 1384.693153 
9, 498.930000, 0.967152, 1715, 1548.644152 
10, 499.670000, 0.954274, 2018, 2078.913613 
11, 499.670000, 0.924182, 2625, 3601.976194 
