1, -137.209790, -98.363091, 104375, 23.684126 
2, -129.957191, -100.855468, 311875, 70.786067 
3, -112.569375, -99.856910, 519375, 123.303995 
4, -111.767986, -92.884238, 1764375, 382.671081 
5, -107.735217, -93.699931, 2386875, 501.754888 
6, -103.449144, -90.961491, 3424375, 696.739483 
7, -98.420245, -93.299889, 9960625, 1974.298889 
8, -44.847037, 6.511341, 16496875, 3272.794179 
9, 21.980858, 39.217618, 16600625, 3438.855970 
10, 52.345310, 51.988994, 16704375, 3591.400840 
11, 60.124240, 77.256385, 16911875, 3971.066797 
12, 156.295173, 130.568396, 17119375, 4922.008701 
