1, -131.061557, -120.516938, 104375, 49.135454 
2, -108.869070, -109.286782, 415625, 145.923896 
3, -108.607871, -107.762963, 1038125, 286.039339 
4, -105.862312, -105.630308, 5810625, 1452.119197 
5, -105.672218, -72.813208, 5914375, 1499.797123 
6, -90.606978, -90.548379, 6329375, 1679.906702 
7, -66.336991, -40.930069, 7366875, 2183.392636 
8, -66.178132, -50.763107, 8923125, 2632.221658 
9, -60.938745, -45.748735, 9234375, 2724.561982 
10, -56.580546, -48.828134, 9856875, 2894.435229 
11, -54.220033, -45.464492, 10479375, 3063.442001 
12, -52.408145, -50.667864, 10583125, 3089.436457 
13, -51.881824, -37.363667, 11724375, 3385.267149 
14, -42.069278, -5.082225, 12761875, 3686.159177 
15, -26.344025, -9.747643, 13073125, 3827.183376 
