1, -119.892337, -110.160798, 104375, 34.698495 
2, -112.922049, -101.167529, 934375, 238.677007 
3, -97.814494, -76.391952, 1038125, 279.446800 
4, -95.660406, -79.642732, 2075625, 758.592897 
5, -92.870700, -80.446084, 2594375, 965.752230 
6, -90.401032, -77.251274, 4669375, 2032.288020 
7, -86.691220, -80.459865, 4980625, 2204.077654 
8, -82.835664, -75.292098, 5499375, 2459.733672 
9, -81.580130, -73.628120, 6329375, 2840.310319 
10, -66.538939, -43.735691, 9130625, 4113.229643 
11, -63.486788, -39.605126, 9338125, 4215.027017 
12, -55.675182, -31.992836, 9649375, 4384.508414 
13, -52.941015, -27.708946, 9960625, 4683.051392 
14, -47.655838, -44.077828, 10375625, 4970.516833 
15, -45.647813, -21.762362, 10998125, 5339.668828 
16, -8.997067, -21.029294, 11413125, 5599.546028 
17, 0.761075, -7.940841, 12035625, 6158.247710 
