1, -199.217774, -148.701131, 104375, 83.282488 
2, -156.583049, -128.923378, 311875, 154.809405 
3, -122.033880, -122.440719, 415625, 189.210531 
4, -112.734003, -104.634828, 1349375, 461.968187 
5, -112.315337, -103.154128, 1556875, 539.313774 
6, -105.375021, -104.965686, 1764375, 611.965258 
7, -104.842825, -105.246624, 1868125, 646.384356 
8, -43.846627, -31.357370, 2075625, 766.592169 
9, 1.580839, 15.753760, 2179375, 839.211751 
10, 16.433082, 33.795360, 2490625, 1261.526386 
11, 25.541740, 47.794678, 2801875, 1675.832521 
12, 61.175588, 90.371897, 4254375, 3951.748049 
