1, -146.539142, -115.751992, 104375, 36.527012 
2, -125.328046, -114.026788, 208125, 75.417238 
3, -124.519330, -106.594523, 311875, 112.288392 
4, -122.544199, -100.879818, 415625, 146.139392 
5, -122.390835, -114.405794, 623125, 208.951304 
6, -116.484686, -114.150453, 830625, 268.836315 
7, -108.941000, -110.421273, 1556875, 485.867925 
8, -86.544038, -61.426144, 1868125, 579.235799 
9, -75.557299, -57.677767, 1971875, 616.635314 
10, -71.255978, -59.025599, 2179375, 691.044004 
11, -68.767965, -58.667829, 2283125, 732.700985 
12, -57.275802, -61.302213, 2386875, 781.447383 
13, -52.896063, -42.486366, 3320625, 1136.985827 
14, -51.025447, -41.288335, 3424375, 1174.322182 
15, -48.605925, -41.493606, 3528125, 1211.749508 
16, -21.982866, 5.729016, 3631875, 1289.939529 
17, -16.901965, 54.308880, 3735625, 1432.505542 
18, 9.652798, 48.720826, 3839375, 1674.973654 
19, 13.739020, 49.859825, 4046875, 2145.553671 
20, 25.442894, 48.481043, 4461875, 3071.769071 
