1, -981.698768, 0.000000, 625, 0.786680 
1, -838.016778, 0.516199, 1251, 3.417303 
2, -762.555949, 0.420035, 1877, 5.073704 
3, -129.853658, 0.519595, 3129, 9.809206 
4, -122.968055, 0.482245, 3755, 12.770058 
5, -116.621047, 0.515375, 6885, 40.004809 
6, -115.479169, 0.511406, 8763, 53.159046 
7, -110.904190, 0.529249, 17527, 160.744015 
8, -108.961406, 0.475710, 29421, 513.845155 
9, -50.211206, 0.555999, 51331, 1484.773398 
10, -16.840961, 0.598727, 51957, 1516.567291 
11, -6.141916, 0.589478, 52583, 1563.573756 
12, 21.022098, 0.557669, 59469, 2080.663018 
13, 37.099391, 0.503644, 68233, 3019.535004 
14, 51.163963, 0.502263, 69485, 3148.492285 
15, 54.718447, 0.500291, 82005, 4620.631082 
16, 54.718447, 0.498961, 100785, 7200.281275 
