1, -827.505314, 0.000000, 625, 0.630749 
1, -777.906602, 0.529158, 1251, 3.183442 
2, -127.138299, 0.537063, 3129, 11.276177 
3, -124.048534, 0.555180, 4381, 18.025938 
4, -115.777399, 0.590759, 6259, 28.489000 
5, -94.038902, 0.582368, 11267, 99.607104 
6, -39.738206, 0.535808, 15649, 213.070354 
7, -24.711302, 0.536068, 18779, 319.535982 
8, -13.001038, 0.473743, 22535, 486.452024 
9, -7.301374, 0.465716, 23787, 550.606872 
10, 26.166224, 0.467529, 26291, 647.539354 
11, 27.953807, 0.494546, 47575, 2394.346390 
12, 36.925309, 0.488426, 58217, 3503.572917 
13, 36.925309, 0.564531, 85135, 7200.457120 
