1, -1001.344701, 0.000000, 625, 0.797776 
1, -912.878951, 0.514039, 1251, 2.382446 
2, -713.899442, 0.581651, 1877, 4.689015 
3, -571.926649, 0.623639, 2503, 9.353861 
4, -493.308124, 0.706944, 3129, 13.828821 
5, -475.001170, 0.633448, 3755, 17.630476 
6, -181.174848, 0.600159, 5633, 30.384056 
7, -173.882859, 0.579689, 6259, 33.611539 
8, -169.653257, 0.600318, 9389, 59.047061 
9, -152.911547, 0.573707, 10641, 70.066910 
10, -148.721813, 0.528285, 12519, 99.104996 
11, -37.187167, 0.701841, 24413, 325.496120 
12, -34.652788, 0.645720, 27543, 441.793446 
13, 10.815818, 0.494857, 53835, 2380.675015 
14, 40.792495, 0.493510, 54461, 2433.006020 
15, 54.157407, 0.506691, 59469, 3097.771639 
16, 72.340530, 0.511681, 73241, 5222.279278 
17, 72.340530, 0.515663, 83883, 7201.617798 
