1, -576.944101, 0.000000, 625, 0.239864 
1, -188.980970, 0.470320, 2503, 7.350438 
2, -147.975467, 0.637376, 3755, 15.477863 
3, -144.735061, 0.526786, 5633, 32.434695 
4, -129.547243, 0.571227, 6259, 38.125561 
5, -101.006068, 0.602394, 6885, 56.285064 
6, -84.934381, 0.581703, 7511, 74.545578 
7, -76.733265, 0.518149, 10015, 138.341919 
8, -67.560805, 0.683584, 19405, 576.458450 
9, -18.550263, 0.627716, 20031, 624.725713 
10, 0.681716, 0.618566, 20657, 677.813884 
11, 11.576908, 0.598945, 21909, 766.028983 
12, 14.888723, 0.602208, 22535, 795.503433 
13, 15.703476, 0.594382, 25039, 943.320144 
14, 19.503532, 0.565476, 34429, 1693.476671 
15, 37.084656, 0.562861, 35681, 1766.712918 
16, 73.159805, 0.557362, 50705, 3395.462559 
17, 112.245646, 0.538932, 52583, 3634.573919 
18, 127.650610, 0.532984, 53835, 3790.738280 
19, 136.848708, 0.551399, 61347, 5327.946615 
20, 137.734263, 0.533866, 64477, 6007.513973 
21, 142.242830, 0.520166, 66355, 6442.213673 
22, 142.242830, 0.510936, 68859, 7200.601726 
