1, -566.342763, 0.000000, 625, 0.228817 
1, -400.133010, 0.593633, 1877, 3.789157 
2, -256.765226, 0.521028, 3129, 9.223509 
3, -239.808530, 0.508614, 5633, 20.617483 
4, -224.783067, 0.515007, 7511, 29.371544 
5, -163.034713, 0.516449, 13771, 88.888414 
6, -156.327039, 0.517253, 18779, 183.408967 
7, -36.038374, 0.740403, 23161, 267.486880 
8, -22.666774, 0.727297, 23787, 276.622748 
9, 19.359388, 0.703917, 25039, 319.035262 
10, 41.810763, 0.607990, 83883, 4376.097238 
11, 57.043625, 0.589134, 88891, 5048.459324 
12, 68.431172, 0.563165, 96403, 6258.217790 
13, 68.431172, 0.550761, 102037, 7200.465448 
