1, -545.773247, 0.000000, 625, 0.183350 
1, -113.188627, 0.400201, 3755, 17.755377 
2, -110.066886, 0.524119, 4381, 26.420677 
3, -105.415201, 0.396197, 31925, 1075.411129 
4, -99.239581, 0.435142, 66355, 4050.692685 
5, -89.087204, 0.591701, 72615, 4811.525179 
6, -61.328932, 0.592501, 73241, 4899.833519 
7, -16.340165, 0.683767, 74493, 4991.194972 
8, 1.779794, 0.657472, 85135, 5867.965301 
9, 12.457919, 0.676768, 87639, 6105.286836 
10, 31.747367, 0.659671, 91395, 6497.322249 
11, 42.614177, 0.658393, 92021, 6527.999009 
12, 42.641739, 0.656531, 93273, 6648.934888 
13, 54.553357, 0.653796, 94525, 6789.169967 
14, 54.553357, 0.650076, 97029, 7200.307333 
