1, -995.179651, 0.000000, 625, 0.966096 
1, -945.406590, 0.611231, 1251, 3.662281 
2, -829.041751, 0.522140, 1877, 5.825054 
3, -616.919385, 0.446617, 2503, 7.798712 
4, -473.262332, 0.423973, 4381, 17.021370 
5, -281.429108, 0.537251, 5007, 19.653995 
6, -224.539607, 0.583401, 6259, 35.931178 
7, -79.947211, 0.711226, 14397, 126.097090 
8, -78.608167, 0.590654, 20657, 349.948934 
9, -76.068878, 0.583317, 23161, 408.483275 
10, -72.468993, 0.560519, 29421, 633.558736 
11, -67.602073, 0.668547, 30047, 656.530076 
12, -51.714700, 0.561588, 35681, 975.976639 
13, -43.542190, 0.495163, 43819, 1588.644739 
14, -37.844046, 0.479226, 55713, 2596.503077 
15, -37.844046, 0.530793, 86387, 7201.522818 
