1, -537.875541, 0.000000, 625, 0.202946 
1, -441.039204, 0.643478, 1877, 3.744130 
2, -345.743838, 0.642391, 4381, 17.068699 
3, -228.349360, 0.713608, 8763, 55.955529 
4, -131.653668, 0.675398, 10641, 78.560308 
5, -128.134805, 0.651667, 11893, 98.490132 
6, -67.815262, 0.712874, 35681, 841.159278 
7, -36.569085, 0.707792, 36307, 875.389496 
8, -35.870787, 0.702921, 36933, 892.759483 
9, -16.417462, 0.699042, 37559, 909.676759 
10, -15.047740, 0.685237, 40689, 1079.987740 
11, -14.925600, 0.628907, 83883, 4258.110300 
12, -11.214917, 0.633632, 104541, 6429.034327 
13, -11.214917, 0.634487, 109549, 7200.429855 
