1, -132.111544, 0.000000, 625, 0.159912 
1, -85.118752, 0.599545, 8137, 63.849386 
2, -69.569431, 0.594007, 9389, 88.599767 
3, -63.146131, 0.614897, 11893, 141.696501 
4, -51.755376, 0.613039, 12519, 160.420783 
5, -48.326838, 0.600000, 16901, 258.372148 
6, -22.292499, 0.568518, 18153, 308.244037 
7, -15.920872, 0.550612, 22535, 489.525974 
8, -13.391379, 0.652132, 28169, 683.234510 
9, -0.794645, 0.642410, 29421, 744.676970 
10, 10.994102, 0.623052, 38185, 1232.077519 
11, 10.994102, 0.566496, 88265, 7200.029076 
