1, -446.233103, 0.127567, 1251, 0.517313 
1, -446.233103, 0.127567, 1251, 0.523591 
1, -446.233103, 0.127567, 1251, 0.527689 
2, -130.272037, 0.278446, 1877, 0.815987 
3, -125.999685, 0.275891, 3129, 1.394831 
4, -120.894857, 0.273285, 4381, 2.705721 
5, -119.676994, 0.267816, 7511, 4.239085 
6, -104.489199, 0.248871, 19405, 10.411083 
1, -446.233103, 0.127567, 1251, 0.556505 
2, -130.272037, 0.278446, 1877, 0.826895 
3, -125.999685, 0.275891, 3129, 1.367816 
1, -446.233103, 0.127567, 1251, 0.569443 
2, -130.272037, 0.278446, 1877, 0.829116 
3, -125.999685, 0.275891, 3129, 1.412767 
4, -120.894857, 0.273285, 4381, 2.721977 
5, -119.676994, 0.267816, 7511, 4.394620 
6, -104.489199, 0.248871, 19405, 10.362564 
1, -446.233103, 0.127567, 1251, 0.543793 
2, -130.272037, 0.278446, 1877, 0.806361 
3, -125.999685, 0.275891, 3129, 1.311525 
4, -120.894857, 0.273285, 4381, 2.627638 
5, -119.676994, 0.267816, 7511, 4.086737 
6, -104.489199, 0.248871, 19405, 9.969756 
1, -446.233103, 0.127567, 1251, 0.546085 
2, -130.272037, 0.278446, 1877, 0.820618 
3, -125.999685, 0.275891, 3129, 1.385719 
4, -120.894857, 0.273285, 4381, 2.734422 
1, -446.233103, 0.127567, 1251, 0.516630 
2, -130.272037, 0.278446, 1877, 0.778442 
3, -125.999685, 0.275891, 3129, 1.283598 
4, -120.894857, 0.273285, 4381, 2.590958 
5, -119.676994, 0.267816, 7511, 4.018008 
1, -446.233103, 0.127567, 1251, 0.938098 
2, -130.272037, 0.278446, 1877, 1.609006 
3, -125.999685, 0.275891, 3129, 3.143143 
4, -120.894857, 0.273285, 4381, 5.468247 
1, -446.233103, 0.127567, 1251, 0.857576 
2, -130.272037, 0.278446, 1877, 1.536044 
1, -446.233103, 0.127567, 1251, 0.840004 
2, -130.272037, 0.278446, 1877, 1.400030 
3, -125.999685, 0.275891, 3129, 2.509623 
4, -120.894857, 0.273285, 4381, 4.484456 
5, -119.676994, 0.267816, 7511, 7.345547 
1, -360.768177, 0.573629, 1251, 14.879098 
2, -316.161109, 0.575657, 2503, 83.067670 
1, -360.768177, 0.573629, 1251, 14.080502 
2, -316.161109, 0.575657, 2503, 76.270193 
1, -360.768177, 0.573629, 1251, 13.358124 
2, -316.161109, 0.575657, 2503, 79.266611 
