1, -9.808161, 3.491765, 311875, 296.340538 
2, -5.837204, 1.516076, 623125, 775.720794 
3, -2.524303, 73.605704, 934375, 1272.433212 
4, 35.950718, 83.221805, 1038125, 1465.916337 
5, 53.215303, 55.490796, 1245625, 1871.404907 
6, 53.602225, 72.353620, 1868125, 3016.269290 
7, 64.716804, 118.355113, 2179375, 3703.452527 
8, 65.407360, 107.050490, 2594375, 4605.224102 
9, 79.829634, 112.410317, 2801875, 4999.457514 
10, 82.299314, 143.480236, 3320625, 6082.760955 
11, 121.726283, 147.552805, 3631875, 6933.582465 
12, 121.726283, 167.453569, 3708125, 7202.295778 
