1, -138.013677, -110.209994, 104375, 28.566968 
2, -127.280604, -108.923702, 208125, 55.855308 
3, -119.298814, -113.298437, 311875, 88.324105 
4, -118.254677, -115.518723, 1038125, 278.947078 
5, -90.143747, -82.056233, 2075625, 549.301087 
6, -89.558992, -51.664642, 2386875, 668.383144 
7, -81.113016, -74.875978, 2698125, 821.755302 
8, -78.534696, -54.790479, 4358125, 1493.232184 
9, -71.132114, -60.147008, 4876875, 1708.440188 
10, -58.884591, -60.626647, 6329375, 2330.657780 
11, -52.299658, -45.124124, 6536875, 2408.831069 
12, -42.949861, -38.847897, 6640625, 2461.034064 
13, -42.874960, -25.489212, 6744375, 2517.212071 
14, -34.350033, -26.833697, 6951875, 2626.929067 
15, -33.508622, -31.088837, 8611875, 3458.522356 
16, -24.254010, -2.384477, 9130625, 3738.299300 
17, -23.643033, 26.546683, 9753125, 4369.912130 
18, 15.234546, 25.899998, 10168125, 4862.848076 
