1, -136.696479, -112.335156, 104375, 29.247233 
2, -121.384742, -106.762730, 208125, 52.388493 
3, -112.681276, -110.093605, 519375, 131.776771 
4, -81.334237, -20.353149, 1556875, 466.910109 
5, -71.488751, -4.816224, 1660625, 524.089733 
6, -54.818400, 5.942581, 1764375, 580.421836 
7, -46.895325, 7.312009, 2075625, 746.397314 
8, -46.263197, 6.733000, 2179375, 805.425396 
9, -26.070084, 4.373418, 2386875, 927.020757 
10, -21.283338, 17.051622, 4669375, 2207.424996 
11, -14.724435, 6.057359, 6536875, 3694.474274 
12, 16.701150, 33.821926, 7263125, 4283.774521 
13, 19.398420, 32.147563, 8404375, 5276.926811 
