1, -110.605747, 0.617404, 5633, 40.545269 
2, -109.938078, 0.601879, 6259, 48.669890 
3, -108.851168, 0.547138, 9389, 82.618981 
4, -107.526391, 0.544087, 10641, 104.623321 
5, -106.745956, 0.515907, 19405, 227.871474 
6, -65.358337, 0.589372, 20031, 240.772693 
7, -61.659168, 0.578273, 21283, 276.246138 
8, -49.269399, 0.573582, 21909, 295.935785 
9, -48.752160, 0.538546, 27543, 493.933002 
10, -23.209519, 0.547765, 29421, 550.583098 
11, -21.235558, 0.569954, 32551, 697.577318 
12, -6.041872, 0.568987, 33177, 732.118703 
13, 4.633171, 0.544846, 36307, 986.557340 
14, 8.466582, 0.531301, 43193, 1551.182621 
15, 8.775131, 0.529080, 43819, 1594.864418 
16, 9.905937, 0.537998, 60095, 3201.070527 
17, 9.905937, 0.524071, 85135, 7200.338138 
