1, -606.147247, 0.463007, 1877, 6.917884 
2, -441.198562, 0.534598, 2503, 8.545110 
3, -412.206094, 0.642857, 3129, 14.389166 
4, -405.179021, 0.589780, 4381, 24.162810 
5, -162.565708, 0.609479, 5007, 33.061948 
6, -159.737882, 0.582759, 6885, 52.467545 
7, -123.533864, 0.556023, 7511, 61.109164 
8, -118.319476, 0.544182, 10015, 91.637689 
9, -113.331405, 0.534478, 18153, 244.140806 
10, -104.559488, 0.584427, 18779, 257.292212 
11, -36.064495, 0.621396, 20031, 289.682178 
12, -23.262567, 0.619464, 21283, 311.514780 
13, -14.778948, 0.608726, 24413, 378.252264 
14, -3.236562, 0.605710, 25039, 385.417809 
15, -3.236562, 0.631748, 115809, 7200.079887 
