1, -587.428666, 0.584535, 1251, 2.921129 
2, -133.945156, 0.635593, 3129, 12.629652 
3, -129.896803, 0.585864, 6885, 42.266227 
4, -99.593141, 0.461722, 15023, 188.019059 
5, -97.059843, 0.665141, 20031, 309.876123 
6, -75.651975, 0.663586, 20657, 324.365969 
7, -68.262350, 0.612267, 25039, 455.989700 
8, -56.773077, 0.592923, 26917, 497.022064 
9, 40.020622, 0.647374, 35055, 814.261128 
10, 40.335824, 0.468116, 70737, 5410.680074 
11, 59.624118, 0.471374, 77623, 6592.933575 
12, 59.624118, 0.567609, 80127, 7201.003098 
