1, -572.334539, 0.410223, 1251, 2.006582 
2, -358.533034, 0.436927, 1877, 4.385609 
3, -110.699273, 0.547575, 3129, 10.554338 
4, -108.918455, 0.524839, 8137, 59.791577 
5, -107.917973, 0.495366, 22535, 278.014853 
6, -83.778160, 0.546722, 25039, 327.824548 
7, -23.951168, 0.700000, 29421, 418.551833 
8, 7.095332, 0.695652, 30047, 438.258445 
9, 15.277931, 0.690858, 30673, 482.444024 
10, 23.168397, 0.677359, 33177, 561.292360 
11, 32.416882, 0.614355, 35055, 652.136893 
12, 36.477637, 0.568187, 82005, 4643.266660 
13, 36.477637, 0.569510, 101411, 7200.751562 
