1, -553.869522, 0.529489, 1251, 3.702886 
2, -526.732690, 0.488513, 1877, 6.575189 
3, -457.377827, 0.507119, 2503, 10.251683 
4, -124.808990, 0.542443, 3129, 12.832960 
5, -120.087303, 0.517510, 3755, 15.118961 
6, -119.905111, 0.511886, 5633, 25.575881 
7, -118.518051, 0.484332, 7511, 38.054392 
8, -40.308741, 0.579018, 18153, 169.843120 
9, 16.469273, 0.641086, 22535, 269.167338 
10, 19.026632, 0.627397, 25039, 328.381561 
11, 19.201150, 0.598877, 31925, 556.519988 
12, 21.850253, 0.581090, 48827, 1441.535055 
13, 26.823645, 0.580901, 49453, 1460.544157 
14, 52.805267, 0.579301, 52583, 1623.710382 
15, 63.636075, 0.650327, 71989, 3320.261652 
16, 112.866739, 0.640144, 72615, 3370.929195 
17, 121.918054, 0.600889, 75745, 3726.359136 
18, 121.918054, 0.472255, 94525, 7200.341625 
