1, -812.940314, 0.591088, 1251, 4.265613 
2, -675.148018, 0.666667, 3129, 20.040784 
3, -430.414450, 0.648720, 3755, 23.669222 
4, -336.582921, 0.590945, 4381, 29.807946 
5, -320.410857, 0.619597, 5007, 33.781075 
6, -206.551360, 0.705732, 5633, 47.574901 
7, -167.963490, 0.700588, 6259, 58.812895 
8, -149.752772, 0.688998, 6885, 71.564057 
9, -128.103099, 0.660633, 8763, 112.570209 
10, -112.749710, 0.687290, 10015, 134.081922 
11, -110.096374, 0.673035, 10641, 140.814615 
12, -6.255702, 0.688248, 11267, 155.086219 
13, 10.031242, 0.681709, 11893, 169.496526 
14, 20.466622, 0.613926, 14397, 242.375561 
15, 44.174302, 0.609785, 15023, 265.374373 
16, 72.401737, 0.568884, 15649, 291.392857 
17, 72.401737, 0.516493, 73241, 7201.674738 
