1, -356.319743, 0.422018, 1251, 4.152970 
2, -245.538062, 0.465174, 4381, 21.799806 
3, -159.210565, 0.583138, 5007, 26.505646 
4, -130.980880, 0.544571, 7511, 49.580674 
5, -127.974875, 0.532426, 13145, 112.712237 
6, -125.462846, 0.520031, 13771, 118.421743 
7, -121.990903, 0.549154, 18779, 205.153429 
8, -120.316441, 0.541608, 19405, 218.515267 
9, -118.699488, 0.528139, 20657, 243.472615 
10, -110.908566, 0.530867, 21283, 253.735820 
11, -66.364226, 0.594095, 26917, 374.578507 
12, -58.162731, 0.585429, 28169, 425.731972 
13, -48.495319, 0.545896, 37559, 821.303254 
14, -45.484427, 0.575225, 68859, 3231.180474 
15, -44.119533, 0.574602, 69485, 3311.153313 
16, -37.524719, 0.572613, 71989, 3524.648692 
17, -32.682263, 0.541957, 92647, 6456.586145 
18, -32.682263, 0.542992, 96403, 7200.215705 
