1, -130.816563, 0.529489, 1251, 2.625155 
2, -126.837820, 0.440285, 3755, 17.736333 
3, -115.210564, 0.606061, 4381, 20.841669 
4, -112.867215, 0.593183, 8137, 83.321190 
5, -112.519555, 0.576458, 8763, 88.631800 
6, -110.990633, 0.556796, 10015, 114.515817 
7, -81.288249, 0.596500, 10641, 130.401580 
8, -71.711898, 0.537256, 13145, 198.615426 
9, -71.362011, 0.544761, 18153, 358.307284 
10, -13.547824, 0.697016, 19405, 434.235238 
11, -4.783187, 0.689606, 20657, 509.509287 
12, 18.409268, 0.619979, 23161, 774.223448 
13, 69.147437, 0.657517, 46949, 6030.850120 
14, 69.147437, 0.627990, 50705, 7200.583498 
