1, -488.424913, 0.580603, 1251, 2.230576 
2, -457.423265, 0.507778, 1877, 6.543156 
3, -122.918967, 0.558659, 3129, 12.194992 
4, -109.994947, 0.521459, 5007, 32.769532 
5, -72.123465, 0.576818, 5633, 40.272137 
6, -71.381297, 0.476594, 10015, 91.375016 
7, -70.694922, 0.502898, 11267, 110.155882 
8, -31.303828, 0.556438, 16275, 222.324226 
9, -27.759078, 0.549415, 20031, 394.262071 
10, -12.935898, 0.567697, 36933, 1323.142732 
11, -10.941844, 0.565334, 37559, 1367.499923 
12, -9.096436, 0.572487, 38185, 1418.119606 
13, 29.774619, 0.572952, 41315, 1693.735382 
14, 44.470625, 0.482830, 42567, 1815.265991 
15, 173.274528, 0.515478, 61973, 4498.702584 
