1, -428.906863, 0.579372, 3129, 17.075521 
2, -366.824425, 0.545837, 3755, 22.090990 
3, -351.197664, 0.531200, 4381, 23.994212 
4, -141.093461, 0.589563, 5633, 35.830341 
5, -137.757423, 0.570853, 6259, 41.304332 
6, -137.721645, 0.553767, 6885, 46.759103 
7, -135.660125, 0.498120, 13771, 100.122156 
8, -110.584236, 0.538001, 15023, 118.900584 
9, -109.752618, 0.524696, 16275, 132.795374 
10, -109.377141, 0.519164, 16901, 136.983679 
11, -107.138600, 0.510959, 17527, 145.578108 
12, -105.753476, 0.502992, 18153, 152.329580 
13, -105.745741, 0.523607, 46949, 969.056328 
14, -61.128430, 0.721527, 61347, 1730.190573 
15, -40.900805, 0.690554, 61973, 1772.403193 
16, -38.310764, 0.622803, 64477, 1938.425284 
17, 0.509359, 0.600545, 68233, 2316.506594 
18, 56.676941, 0.627644, 73867, 3106.951235 
19, 64.690339, 0.557691, 78249, 3733.397903 
20, 71.509705, 0.524829, 81379, 4421.582223 
21, 73.298907, 0.481223, 90769, 5994.833714 
22, 73.298907, 0.476727, 94525, 7200.578959 
