1, -349.005435, 0.643737, 2503, 8.642010 
2, -248.988038, 0.598533, 3755, 16.853848 
3, -168.212080, 0.578383, 5007, 24.289736 
4, -130.486283, 0.566752, 8137, 52.604734 
5, -112.602689, 0.505060, 12519, 96.650204 
6, -108.578210, 0.538115, 15023, 134.512159 
7, -107.202121, 0.515282, 21909, 256.232974 
8, -2.058531, 0.549178, 36933, 699.589920 
9, -0.003661, 0.539553, 48201, 1256.567405 
10, 3.872840, 0.552400, 55087, 1624.141966 
11, 5.880126, 0.561792, 65729, 2211.919341 
12, 5.880126, 0.581340, 113305, 7200.875176 
