1, -125.244206, 0.462943, 2503, 7.958516 
2, -122.193681, 0.572658, 10015, 82.473189 
3, -119.447642, 0.594089, 10641, 94.010186 
4, -115.261040, 0.571429, 11893, 106.577627 
5, -114.847333, 0.567532, 18153, 238.228498 
6, -112.121339, 0.537489, 20657, 305.182855 
7, -111.860448, 0.524415, 21909, 327.631658 
8, -109.610217, 0.499163, 32551, 759.098351 
9, -108.455244, 0.464660, 44445, 1398.330825 
10, 13.801516, 0.720433, 45071, 1440.920050 
11, 70.663314, 0.721109, 45697, 1470.915670 
12, 100.419245, 0.701018, 54461, 2014.872991 
13, 109.823673, 0.649626, 56339, 2157.745087 
14, 116.584695, 0.616968, 58217, 2307.309760 
15, 124.205944, 0.612178, 58843, 2372.943721 
16, 153.662229, 0.525154, 77623, 5313.489301 
17, 160.796875, 0.519721, 80127, 5799.084211 
18, 160.796875, 0.489635, 87013, 7200.131289 
