1, -912.878951, 0.577982, 1251, 4.257649 
2, -894.139136, 0.533066, 2503, 14.976321 
3, -771.593363, 0.497196, 3129, 24.770704 
4, -108.542828, 0.557491, 3755, 45.750173 
5, -107.793985, 0.495876, 11267, 209.024822 
6, -69.410473, 0.649712, 14397, 333.551059 
7, -54.614591, 0.643334, 15649, 371.724539 
8, -51.853850, 0.640166, 18153, 448.281478 
9, -51.666209, 0.552337, 28169, 928.283594 
10, -6.816546, 0.563359, 41941, 1984.346506 
11, -4.729079, 0.557791, 44445, 2211.777053 
12, 1.815389, 0.529574, 57591, 3585.282929 
13, 19.454733, 0.536538, 78875, 6594.401947 
14, 19.454733, 0.555858, 82631, 7200.489216 
