1, -562.571214, 0.471582, 1251, 3.507705 
2, -412.705854, 0.671875, 3129, 13.566639 
3, -338.057962, 0.615385, 3755, 18.494534 
4, -312.460872, 0.502041, 6259, 47.022293 
5, -120.244157, 0.622783, 6885, 55.921209 
6, -115.620396, 0.551620, 16901, 250.771518 
7, -84.247417, 0.570046, 17527, 259.734685 
8, -80.009817, 0.575742, 18153, 271.613004 
9, -74.147222, 0.573518, 18779, 284.252990 
10, -37.300997, 0.624464, 20657, 332.520980 
11, -30.208697, 0.618415, 21283, 352.288844 
12, -18.692275, 0.602408, 38811, 1072.943151 
13, 6.933083, 0.633338, 40689, 1166.527184 
14, 21.257537, 0.617164, 41941, 1281.362912 
15, 78.328109, 0.585689, 43819, 1424.477368 
16, 78.328109, 0.431222, 85761, 7200.915648 
