1, -327.636638, 0.532258, 1877, 6.833679 
2, -311.786793, 0.476038, 5007, 32.525522 
3, -135.439476, 0.563910, 5633, 36.520933 
4, -116.611853, 0.517821, 6885, 44.730705 
5, -85.976984, 0.548402, 11893, 97.560127 
6, -85.606270, 0.534512, 12519, 110.812661 
7, -27.904192, 0.593311, 17527, 250.639825 
8, -6.099730, 0.500939, 21283, 368.577383 
9, -4.725950, 0.462961, 26917, 735.749322 
10, 10.993664, 0.509784, 29421, 887.418628 
11, 27.223227, 0.505832, 31299, 1026.229164 
12, 39.783485, 0.478729, 40063, 1773.154647 
13, 39.783485, 0.471711, 69485, 7201.154828 
