1, -127.465134, 0.607650, 12519, 159.839053 
2, -124.748976, 0.604934, 15649, 226.682781 
3, -116.987829, 0.575607, 17527, 265.245732 
4, -109.280868, 0.549343, 20031, 335.579371 
5, -108.815997, 0.549078, 23161, 422.954181 
6, -108.181133, 0.537392, 24413, 484.659512 
7, -107.768013, 0.542156, 26291, 519.250107 
8, -107.613296, 0.528216, 30673, 641.183220 
9, -99.936791, 0.558218, 31299, 690.884380 
10, -83.039023, 0.551450, 32551, 787.446980 
11, -72.885817, 0.519964, 33803, 925.348984 
12, -62.450040, 0.497824, 42567, 1601.301373 
13, -61.398047, 0.494994, 43193, 1634.314380 
14, -57.218851, 0.495054, 43819, 1662.726923 
15, -45.646893, 0.474339, 45697, 1868.602141 
16, -39.395985, 0.514827, 49453, 2274.388936 
17, -34.039672, 0.518742, 50705, 2396.150998 
18, -19.534662, 0.617391, 53209, 2915.247484 
19, -8.904251, 0.603625, 55713, 3388.856808 
20, -8.904251, 0.574989, 72615, 7201.509255 
