1, -565.846524, 0.432998, 5633, 24.297210 
2, -434.100806, 0.552106, 6259, 32.738513 
3, -428.770658, 0.539174, 6885, 39.887526 
4, -273.096386, 0.577580, 7511, 46.197851 
5, -131.872297, 0.571429, 8137, 50.770726 
6, -128.315398, 0.558450, 8763, 57.905512 
7, -125.623093, 0.498638, 13771, 112.394174 
8, -124.754521, 0.521068, 16275, 172.350186 
9, -121.439149, 0.485410, 18153, 225.036490 
10, -109.575566, 0.470479, 20031, 273.084317 
11, -106.252744, 0.465026, 20657, 296.279817 
12, -100.496899, 0.455497, 21283, 321.974236 
13, -86.470678, 0.468887, 35681, 971.034051 
14, -57.208033, 0.575377, 58217, 2838.520777 
15, -49.578701, 0.494397, 75745, 4702.478656 
16, -45.953346, 0.495168, 78875, 5095.458468 
17, 44.767321, 0.571757, 81379, 5526.606413 
18, 54.370177, 0.558682, 87639, 6636.134168 
19, 65.290491, 0.552547, 90769, 7106.774433 
20, 65.290491, 0.549684, 91395, 7200.014477 
