1, -339.823205, 0.556068, 1251, 3.085835 
2, -295.316226, 0.542254, 2503, 9.139747 
3, -148.958338, 0.525478, 3129, 13.903777 
4, -148.007588, 0.522241, 5007, 31.136242 
5, -144.864403, 0.507837, 5633, 33.840976 
6, -143.400396, 0.475368, 7511, 55.510169 
7, -84.599924, 0.597092, 17527, 225.343966 
8, -78.063080, 0.593845, 18153, 248.231044 
9, -68.905192, 0.591574, 21283, 329.014719 
10, -39.844783, 0.598519, 23787, 452.298041 
11, 8.742407, 0.559960, 25039, 506.041644 
12, 14.730991, 0.555227, 29421, 707.275638 
13, 30.342766, 0.555079, 30047, 738.333405 
14, 72.202059, 0.548484, 30673, 818.136449 
15, 75.581414, 0.522290, 61347, 4769.177166 
16, 87.367589, 0.519512, 69485, 6404.288387 
17, 87.367589, 0.520060, 72615, 7202.014935 
