1, -438.219893, 0.538953, 1877, 5.293556 
2, -412.256673, 0.572228, 3129, 11.525536 
3, -168.710364, 0.592251, 4381, 18.811467 
4, -128.804466, 0.565116, 5633, 30.710464 
5, -122.925106, 0.516297, 7511, 44.899887 
6, -122.018169, 0.488463, 13145, 114.990498 
7, -110.381281, 0.528980, 14397, 130.209647 
8, -95.476845, 0.597530, 18153, 179.445327 
9, -55.999320, 0.575672, 20031, 217.175762 
10, -25.125154, 0.615813, 24413, 349.237489 
11, -2.447470, 0.575617, 26917, 479.447439 
12, -1.201689, 0.540735, 40063, 1754.568891 
13, 18.771928, 0.532723, 42567, 2102.165693 
14, 61.819004, 0.550730, 70111, 6381.714588 
15, 61.819004, 0.529142, 73867, 7200.383945 
