1, -505.575939, 0.489217, 1877, 6.846415 
2, -159.472346, 0.550526, 2503, 15.302057 
3, -118.562132, 0.532343, 10641, 149.366265 
4, -110.728100, 0.515115, 12519, 186.474473 
5, -109.208068, 0.564724, 13145, 214.455707 
6, -85.190846, 0.562524, 13771, 224.022485 
7, -84.185448, 0.567111, 16275, 284.646597 
8, -81.477385, 0.507931, 31925, 840.713509 
9, -3.682289, 0.612507, 42567, 1462.115310 
10, 23.065391, 0.615243, 43193, 1501.296513 
11, 25.238487, 0.568931, 47575, 1784.945737 
12, 49.466808, 0.533615, 52583, 2147.913621 
13, 49.466808, 0.511182, 95151, 7200.220863 
