1, 0.451951, -981.698768, 625, 0.747888 
2, 0.456374, -641.765719, 1250, 23.637217 
3, 0.494789, -647.270249, 1875, 31.889430 
4, 0.600824, -630.965785, 2500, 35.603318 
5, 0.601854, -205.801164, 3125, 45.799918 
6, 0.602096, -717.133442, 3750, 50.390659 
7, 0.602824, -594.037997, 4375, 62.197657 
8, 0.536989, -574.533529, 5025, 72.903654 
9, 0.556181, -562.257767, 5650, 94.902528 
10, 0.558593, -372.838900, 6275, 101.880586 
11, 0.566366, -325.765030, 6900, 106.062191 
12, 0.573443, -449.225781, 7525, 111.771825 
13, 0.575319, -671.988509, 8150, 136.283486 
14, 0.575426, -605.288494, 8775, 159.496614 
15, 0.581537, -651.367739, 9400, 162.531587 
16, 0.610593, -677.680162, 10025, 165.748387 
17, 0.615418, -760.932016, 10650, 179.131042 
18, 0.620671, -674.368391, 11275, 217.227808 
19, 0.561584, -678.030827, 11925, 260.462536 
20, 0.566500, -716.949151, 12550, 294.153571 
21, 0.568361, -805.023798, 13175, 296.438104 
22, 0.569936, -692.701341, 13800, 302.239070 
23, 0.578430, -687.460588, 14425, 306.220219 
24, 0.578764, -658.189474, 15050, 307.426254 
25, 0.580721, -846.632205, 15675, 313.770772 
26, 0.582105, -684.804983, 16300, 328.730931 
27, 0.584729, -660.507599, 16925, 371.340063 
28, 0.530339, -658.610185, 17575, 379.447077 
29, 0.519885, -607.426970, 18225, 457.597931 
30, 0.520468, -600.120300, 18850, 461.613663 
31, 0.579618, -629.923641, 19475, 469.678377 
32, 0.585055, -638.736407, 20100, 471.145509 
33, 0.588201, -444.202087, 20725, 474.971031 
34, 0.610067, -212.436044, 21350, 477.433863 
35, 0.560379, -207.885848, 22000, 498.065984 
36, 0.590796, -630.000178, 22650, 721.124881 
37, 0.597148, -333.579404, 23275, 780.672760 
38, 0.486383, -280.795054, 23950, 1000.876378 
39, 0.542994, -1304.724582, 24575, 1000.880657 
40, 0.556937, -110.408098, 25200, 1104.879044 
41, 0.557109, -113.669358, 25825, 1146.122672 
42, 0.568680, -100.495862, 26450, 1202.476906 
43, 0.569043, -79.462011, 27075, 1239.754494 
44, 0.556090, -92.102926, 27725, 1309.413522 
45, 0.545101, -73.971639, 28375, 1549.360975 
46, 0.536617, -91.354335, 29025, 1874.356091 
47, 0.505494, -106.061086, 29725, 2992.590520 
48, 0.506760, -254.113050, 30350, 3090.344205 
49, 0.509083, -337.483456, 30975, 3097.829735 
50, 0.511976, -209.547873, 31600, 3132.254468 
51, 0.529570, -134.041358, 32225, 3135.111998 
52, 0.536344, -147.869695, 32850, 3235.153030 
53, 0.536622, -178.414114, 33475, 3322.093985 
54, 0.550879, -136.933426, 34100, 3356.113120 
55, 0.583718, -274.835907, 34725, 3465.150709 
56, 0.588207, -566.898420, 35400, 4166.476682 
57, 0.608506, -394.661598, 36025, 4181.890664 
58, 0.655166, -353.962621, 36650, 4208.285207 
59, 0.638915, -374.324527, 37325, 4486.056324 
60, 0.625610, -265.131209, 38000, 5012.657660 
61, 0.620326, -452.506032, 38650, 5368.021064 
62, 0.620517, -331.002530, 39275, 5373.020407 
63, 0.613511, -348.751819, 39925, 5745.348027 
64, 0.614459, -250.611389, 40550, 5775.237011 
65, 0.610398, -201.628987, 41225, 6342.484473 
66, 0.607651, -170.626716, 41875, 6600.956584 
