1, 0.451951, -827.505314, 625, 0.610717 
2, 0.452072, -764.036885, 1250, 0.695813 
3, 0.452315, -913.618433, 1875, 17.109524 
4, 0.452375, -987.250453, 2500, 23.591044 
5, 0.453890, -743.824936, 3125, 24.502050 
6, 0.634089, -775.782236, 3750, 25.173907 
7, 0.634149, -810.634128, 4375, 34.291473 
8, 0.525789, -668.258891, 5025, 59.396946 
9, 0.480065, -684.453621, 5675, 115.541781 
10, 0.482229, -605.290983, 6300, 120.026875 
11, 0.421161, -662.861377, 6975, 238.542794 
12, 0.398474, -449.293174, 7625, 332.939481 
13, 0.426849, -273.393647, 8250, 359.490526 
14, 0.427939, -224.059251, 8875, 360.271834 
15, 0.432503, -227.927783, 9500, 362.325816 
16, 0.434854, -496.521314, 10125, 366.772113 
17, 0.439009, -478.181375, 10750, 368.066618 
18, 0.445073, -462.735184, 11375, 369.693928 
19, 0.465409, -334.823890, 12000, 381.089214 
20, 0.465443, -370.905476, 12625, 382.821209 
21, 0.500290, -332.110087, 13250, 383.848134 
22, 0.485845, -339.334172, 13900, 416.851770 
23, 0.496944, -419.227987, 14525, 428.467967 
24, 0.496976, -397.391303, 15150, 431.639451 
25, 0.500032, -444.048041, 15775, 438.589686 
26, 0.502574, -385.256376, 16400, 447.299049 
27, 0.502702, -388.141989, 17025, 448.745701 
28, 0.521876, -363.196584, 17650, 451.638644 
29, 0.522294, -362.799725, 18275, 453.818653 
30, 0.578626, -495.830780, 18900, 465.596996 
31, 0.579752, -447.782099, 19525, 467.598561 
32, 0.563189, -114.214303, 20175, 512.432527 
33, 0.483544, -261.306645, 20925, 1285.548243 
34, 0.534916, -62.151087, 21550, 1301.668142 
35, 0.537855, -918.199897, 22175, 1303.687095 
36, 0.448777, -1040.863442, 22825, 1568.816028 
37, 0.465156, -123.765861, 23450, 1589.270493 
38, 0.543224, -169.359960, 24075, 1610.153590 
39, 0.526752, -247.837777, 24750, 2482.168785 
40, 0.529396, -273.237558, 25375, 2499.517833 
41, 0.735242, -314.311680, 26000, 2509.896276 
42, 0.737150, -457.891031, 26625, 2514.626533 
43, 0.718446, -139.274864, 27300, 3407.188548 
44, 0.547417, -112.915562, 28025, 4922.516397 
45, 0.547841, -130.263076, 28650, 4940.563930 
46, 0.526179, -190.603280, 29300, 5506.343711 
47, 0.504782, -211.707342, 29950, 6603.344632 
