1, 0.389434, -815.667849, 625, 0.611198 
2, 0.430846, -260.378523, 1250, 1.902689 
3, 0.525491, -388.713482, 1875, 13.408895 
4, 0.415745, -362.659219, 2525, 19.385775 
5, 0.474569, -641.849660, 3150, 19.387617 
6, 0.477475, -591.972069, 3775, 49.014540 
7, 0.478107, -644.478194, 4400, 57.414359 
8, 0.493208, -643.637535, 5025, 63.210974 
9, 0.501485, -392.249700, 5650, 67.965209 
10, 0.415481, -473.397702, 6300, 258.110315 
11, 0.432203, -431.471154, 6925, 272.377077 
12, 0.437990, -433.854621, 7550, 273.507139 
13, 0.438245, -465.368461, 8175, 278.300891 
14, 0.439205, -331.405048, 8800, 287.816055 
15, 0.439332, -317.141346, 9425, 311.652022 
16, 0.432025, -439.935819, 10075, 325.517005 
17, 0.457442, -523.822424, 10700, 494.387504 
18, 0.458380, -575.592498, 11325, 496.138073 
19, 0.458359, -260.848625, 12000, 633.656245 
20, 0.466802, -408.090742, 12625, 725.038157 
21, 0.526038, -587.143996, 13275, 844.680549 
22, 0.493972, -573.843293, 13950, 973.280701 
23, 0.585658, -117.166377, 14575, 1030.948847 
24, 0.570618, -129.714171, 15225, 1213.117737 
25, 0.559167, -122.122367, 15875, 1508.355234 
26, 0.555728, -136.181433, 16700, 3528.218429 
27, 0.555795, -159.651270, 17325, 3547.369061 
28, 0.596158, -155.296213, 17950, 3572.927186 
29, 0.596208, -180.898687, 18575, 3582.785111 
30, 0.601842, -60.219566, 19200, 3597.627930 
31, 0.606565, -163.706529, 19825, 3690.486027 
32, 0.606598, -152.001505, 20450, 3698.012854 
33, 0.606716, -209.886882, 21075, 3704.484618 
34, 0.586965, -136.859577, 21725, 3738.089701 
35, 0.542757, -115.636182, 22375, 3955.385776 
36, 0.543587, -282.841731, 23000, 4359.423051 
37, 0.543680, -293.645606, 23625, 4363.947434 
38, 0.543694, -296.954142, 24250, 4469.979928 
39, 0.531013, -310.520449, 24925, 4861.829422 
40, 0.524185, -294.208190, 25575, 5105.923230 
41, 0.524550, -61.661455, 26275, 6144.850440 
42, 0.586730, -62.560948, 26900, 6147.363060 
43, 0.583786, -54.205546, 27550, 6600.567246 
