1, 0.125656, -537.875541, 625, 0.303766 
2, 0.596779, -809.329681, 1250, 2.056360 
3, 0.637647, -837.359785, 1875, 3.391119 
4, 0.637718, -677.911096, 2500, 35.627796 
5, 0.535807, -829.683069, 3150, 72.366170 
6, 0.455659, -1053.240420, 3800, 150.931946 
7, 0.457691, -689.789295, 4425, 178.016239 
8, 0.445299, -635.524287, 5075, 225.904305 
9, 0.482148, -669.015732, 5725, 267.231956 
10, 0.493358, -205.337571, 6375, 447.766569 
11, 0.504922, -184.003844, 7000, 458.896939 
12, 0.536283, -79.181498, 7625, 475.575169 
13, 0.538735, -12.279132, 8250, 486.138288 
14, 0.488297, -23.125742, 8900, 500.672750 
15, 0.494353, -809.840394, 9525, 621.611943 
16, 0.497776, -974.570749, 10150, 626.014042 
17, 0.501638, -512.528165, 10775, 628.657180 
18, 0.526362, -695.910928, 11400, 629.711529 
19, 0.512815, -132.932913, 12050, 644.723192 
20, 0.513130, -128.986547, 12675, 652.251642 
21, 0.557157, -113.853096, 13300, 661.717499 
22, 0.532900, -111.663538, 13975, 795.457619 
23, 0.515276, -427.374227, 14650, 1082.940715 
24, 0.516583, -452.052990, 15275, 1108.823572 
25, 0.518643, -500.748810, 15900, 1109.706285 
26, 0.506787, -449.879845, 16550, 1171.983599 
27, 0.491033, -142.509681, 17225, 1525.386549 
28, 0.488868, -633.780962, 17950, 2013.531723 
29, 0.489061, -635.188887, 18575, 2026.806967 
30, 0.490431, -638.099679, 19200, 2063.650655 
31, 0.532482, -616.687754, 19825, 2092.531903 
32, 0.543711, -642.193971, 20475, 2243.056104 
33, 0.619519, -174.741066, 21125, 2647.780403 
34, 0.623756, -229.772379, 21750, 2678.388345 
35, 0.599609, -253.336943, 22400, 3173.542661 
36, 0.554037, -512.592165, 23100, 5253.214594 
37, 0.551957, -529.652592, 23775, 6601.495581 
