1, 0.468195, -790.604396, 625, 0.937002 
2, 0.514361, -723.664440, 1250, 15.455262 
3, 0.534209, -724.619546, 1875, 16.808135 
4, 0.564287, -686.839059, 2500, 18.331175 
5, 0.626418, -400.480755, 3125, 35.951590 
6, 0.628328, -383.138838, 3750, 52.403595 
7, 0.525322, -447.775180, 4400, 83.224061 
8, 0.485458, -740.635632, 5050, 178.043820 
9, 0.485501, -858.806980, 5675, 328.892689 
10, 0.452567, -359.135792, 6325, 467.353850 
11, 0.433475, -388.258674, 6975, 482.645235 
12, 0.433638, -456.081319, 7625, 620.201494 
13, 0.437235, -356.962994, 8250, 628.390242 
14, 0.441884, -477.221638, 8875, 644.537455 
15, 0.498280, -611.702470, 9525, 665.815042 
16, 0.480000, -609.748337, 10175, 755.219457 
17, 0.490049, -397.689172, 10825, 864.592844 
18, 0.490075, -471.824540, 11450, 885.075518 
19, 0.500449, -262.585273, 12075, 887.879822 
20, 0.501663, -357.950902, 12700, 888.458973 
21, 0.504778, -286.855801, 13325, 893.469470 
22, 0.471560, -326.385850, 14000, 981.166119 
23, 0.472530, -291.478151, 14625, 982.429001 
24, 0.516098, -364.272114, 15275, 1092.475068 
25, 0.544739, -226.203017, 15900, 1137.885090 
26, 0.561487, -120.611248, 16525, 1140.288713 
27, 0.561882, -124.816931, 17150, 1141.899144 
28, 0.566852, -135.296825, 17775, 1148.088472 
29, 0.567503, -129.864391, 18400, 1151.717896 
30, 0.560027, -967.000906, 19100, 1608.230265 
31, 0.573373, -652.383992, 19725, 1622.221621 
32, 0.531533, -610.979435, 20400, 1762.950984 
33, 0.501456, -1309.063894, 21075, 2107.402391 
34, 0.502110, -936.272559, 21700, 2145.028828 
35, 0.509329, -657.368457, 22325, 2169.158632 
36, 0.509708, -669.136857, 22950, 2179.377551 
37, 0.510363, -652.648317, 23575, 2196.587287 
38, 0.482778, -657.007901, 24250, 2399.630864 
39, 0.483035, -662.040469, 24875, 2408.366169 
40, 0.483323, -664.189390, 25500, 2443.855894 
41, 0.483484, -650.067827, 26125, 2519.072394 
42, 0.483500, -661.736202, 26750, 2532.887092 
43, 0.533554, -665.359220, 27375, 2602.786660 
44, 0.534147, -663.915385, 28000, 2625.106174 
45, 0.534789, -680.147776, 28625, 2630.028877 
46, 0.538527, -707.012308, 29250, 2633.559989 
47, 0.628560, -277.714403, 29875, 2635.905131 
48, 0.637880, -182.457127, 30500, 2650.657734 
49, 0.674009, -196.050179, 31125, 2669.884172 
50, 0.501253, -251.505611, 31800, 3069.114054 
51, 0.594472, -261.057079, 32425, 3069.115797 
52, 0.652589, -122.276550, 33050, 3084.217357 
53, 0.599036, -145.811091, 33700, 3617.507816 
54, 0.581713, -136.711436, 34400, 4369.721544 
55, 0.581777, -135.144432, 35025, 4372.692580 
56, 0.582090, -132.853308, 35650, 4394.995204 
57, 0.578588, -134.993073, 36300, 5184.669307 
58, 0.586931, -128.538774, 36925, 5197.494542 
59, 0.587218, -140.980609, 37550, 5200.205369 
60, 0.576221, -135.075201, 38225, 5968.847871 
61, 0.570787, -143.736061, 38875, 6600.031120 
