1, 0.451951, -657.131364, 625, 0.497313 
2, 0.457828, -672.838380, 1250, 16.202857 
3, 0.458919, -678.034152, 1875, 16.714135 
4, 0.407402, -671.967921, 2525, 35.597415 
5, 0.409609, -619.352833, 3150, 59.179131 
6, 0.470792, -647.510828, 3800, 100.813314 
7, 0.504503, -1446.444442, 4425, 112.721419 
8, 0.507055, -1090.208753, 5050, 123.928391 
9, 0.507344, -1188.660154, 5675, 125.509811 
10, 0.507392, -1027.473771, 6300, 127.024749 
11, 0.507440, -1173.836898, 6925, 128.288200 
12, 0.507633, -907.775710, 7550, 131.459540 
13, 0.410436, -837.459290, 8225, 291.380112 
14, 0.419040, -722.966574, 8850, 297.865287 
15, 0.419918, -827.624307, 9475, 298.586498 
16, 0.419953, -830.458325, 10100, 299.751675 
17, 0.432138, -669.471746, 10725, 304.640400 
18, 0.462689, -988.582012, 11350, 307.195385 
19, 0.429215, -582.326151, 12000, 348.339037 
20, 0.456735, -630.883388, 12625, 348.775332 
21, 0.465624, -618.361405, 13250, 364.070485 
22, 0.500930, -855.312879, 13875, 364.996650 
23, 0.551902, -647.844471, 14500, 370.090751 
24, 0.522159, -651.387268, 15150, 459.622954 
25, 0.546831, -608.091767, 15775, 460.023387 
26, 0.514581, -114.711193, 16500, 789.039555 
27, 0.518707, -112.422413, 17125, 803.806741 
28, 0.525923, -108.786274, 17750, 814.159230 
29, 0.510048, -113.386833, 18400, 930.281685 
30, 0.520808, -167.878147, 19050, 1178.055180 
31, 0.513780, -525.593597, 19700, 1357.653866 
32, 0.544389, -420.233772, 20325, 1391.651679 
33, 0.548075, -125.732468, 20975, 1548.243759 
34, 0.529055, -138.220768, 21625, 1811.374088 
35, 0.510112, -135.506174, 22275, 2068.306415 
36, 0.525635, -293.853941, 22900, 2228.598689 
37, 0.525978, -165.045027, 23525, 2248.859028 
38, 0.527350, -169.116505, 24150, 2289.457033 
39, 0.527470, -251.980409, 24775, 2365.795387 
40, 0.503877, -294.562572, 25450, 2510.911412 
41, 0.543024, -392.617821, 26100, 2950.494722 
42, 0.543149, -496.694470, 26725, 2952.956136 
43, 0.549502, -538.104002, 27375, 3052.715502 
44, 0.589801, -635.941078, 28025, 3325.755968 
45, 0.589816, -650.103914, 28650, 3330.721951 
46, 0.590770, -640.960517, 29275, 3336.666071 
47, 0.597224, -622.444216, 29900, 3343.285552 
48, 0.597388, -622.951188, 30525, 3345.880036 
49, 0.539277, -640.009682, 31250, 4681.782181 
50, 0.570858, -668.429886, 31900, 4842.102121 
51, 0.586184, -686.306581, 32525, 4847.453308 
52, 0.586389, -658.669626, 33150, 4851.451305 
53, 0.588469, -677.404984, 33775, 4889.076748 
54, 0.556563, -668.038509, 34450, 5065.761724 
55, 0.556635, -692.604916, 35075, 5151.370792 
56, 0.557167, -655.204625, 35700, 5188.626069 
57, 0.560900, -630.519141, 36325, 5191.945071 
58, 0.573472, -189.513192, 36975, 5332.775018 
59, 0.604408, -210.070653, 37600, 5342.040406 
60, 0.609806, -228.166998, 38225, 5349.789185 
61, 0.629887, -673.313839, 38850, 5387.508640 
62, 0.613557, -640.890064, 39500, 5504.561557 
63, 0.622017, -143.998534, 40125, 5557.928223 
64, 0.632343, -263.198867, 40750, 5779.785082 
65, 0.678852, -91.764024, 41375, 5802.370421 
66, 0.679791, -166.059213, 42000, 5815.873325 
67, 0.680322, -166.543845, 42625, 5821.719303 
68, 0.739306, -290.108436, 43250, 5832.839509 
69, 0.694395, -132.158735, 43900, 5879.113773 
70, 0.667596, -82.600563, 44550, 6405.297113 
71, 0.667596, -107.846203, 45175, 6600.192896 
