1, 0.379807, -1068.186720, 625, 0.879339 
2, 0.382077, -908.200223, 1250, 4.095712 
3, 0.396836, -680.740559, 1875, 4.990650 
4, 0.416631, -748.903199, 2500, 5.795748 
5, 0.531783, -829.731423, 3150, 81.313186 
6, 0.546984, -686.200537, 3775, 126.701627 
7, 0.551610, -673.897781, 4400, 129.725532 
8, 0.612293, -656.119191, 5025, 135.107367 
9, 0.576240, -669.510140, 5675, 166.215037 
10, 0.580642, -691.556637, 6300, 188.779491 
11, 0.474824, -692.457271, 6975, 366.967269 
12, 0.479330, -1094.388862, 7600, 392.778696 
13, 0.487722, -733.550370, 8225, 394.817990 
14, 0.495163, -129.924446, 8850, 407.656492 
15, 0.463784, -145.709959, 9500, 456.181022 
16, 0.456483, -454.178202, 10150, 528.806514 
17, 0.445564, -580.397439, 10800, 674.070490 
18, 0.447203, -700.783047, 11425, 703.510876 
19, 0.457858, -618.751392, 12050, 710.530340 
20, 0.468684, -674.789155, 12675, 724.017790 
21, 0.471143, -633.986256, 13300, 734.536443 
22, 0.475480, -641.916750, 13925, 746.130831 
23, 0.475821, -636.318905, 14550, 773.433444 
24, 0.444103, -658.364206, 15200, 831.069339 
25, 0.416112, -661.884346, 15850, 978.079082 
26, 0.565887, -110.181362, 16500, 1141.099180 
27, 0.568818, -135.127862, 17125, 1146.576149 
28, 0.572080, -113.168575, 17750, 1153.941715 
29, 0.561686, -231.028180, 18450, 1589.159705 
30, 0.545677, -210.650073, 19150, 2215.401076 
31, 0.534628, -217.444170, 19800, 2494.123935 
32, 0.535847, -724.191237, 20425, 2598.205123 
33, 0.538264, -750.934251, 21050, 2609.273494 
34, 0.541178, -690.252414, 21675, 2611.776326 
35, 0.569050, -783.291650, 22300, 2640.468494 
36, 0.540854, -925.654400, 22950, 2647.181746 
37, 0.550560, -113.057724, 23600, 2971.115025 
38, 0.552263, -109.468391, 24225, 2984.391326 
39, 0.531536, -110.637079, 24900, 3362.239963 
40, 0.532826, -113.306462, 25575, 3557.993738 
41, 0.538224, -137.546108, 26200, 3563.360765 
42, 0.524441, -130.937947, 26875, 4115.526947 
43, 0.581381, -382.957217, 27500, 4176.369830 
44, 0.596648, -380.249411, 28125, 4198.141418 
45, 0.615011, -264.496566, 28750, 4294.416175 
46, 0.616737, -287.802978, 29375, 4400.857977 
47, 0.616783, -252.502960, 30000, 4467.705651 
48, 0.535475, -116.591993, 30725, 5901.953071 
49, 0.537532, -291.264313, 31375, 6560.552882 
50, 0.537532, -266.524878, 32000, 6601.695718 
