1, -866.494221, 0.513353, 1251, 2.123467 
2, -851.939983, 0.522892, 1877, 3.799830 
3, -552.536861, 0.632937, 2503, 7.379785 
4, -129.004811, 0.499227, 3755, 12.090917 
5, -114.096371, 0.564784, 5633, 19.121971 
6, -112.588025, 0.518660, 6885, 28.844296 
7, -97.184282, 0.442167, 18779, 317.781165 
8, -96.370832, 0.449881, 25665, 664.844474 
9, -72.440596, 0.488732, 28169, 877.593477 
10, -58.199067, 0.487118, 29421, 940.317108 
11, -57.588597, 0.485102, 30047, 968.044924 
12, -53.921198, 0.493088, 31299, 1039.642971 
13, -51.675713, 0.490188, 33803, 1170.579961 
14, -23.845790, 0.494090, 35055, 1275.408358 
15, 6.572068, 0.567462, 39437, 1762.194129 
16, 19.723438, 0.544276, 40689, 1920.690090 
17, 34.392642, 0.511700, 42567, 2157.784296 
18, 37.076660, 0.497745, 43819, 2316.762378 
19, 44.877177, 0.495518, 46323, 2549.449783 
20, 45.260114, 0.494832, 46949, 2617.196063 
21, 87.858770, 0.508981, 50705, 2955.999933 
22, 87.858770, 0.535654, 76997, 7200.153545 
