1, -299.739559, 0.553273, 4381, 17.086388 
2, -109.928674, 0.516196, 5633, 28.105211 
3, -98.247035, 0.507474, 8137, 53.659354 
4, -81.825294, 0.488113, 8763, 61.888691 
5, -45.909798, 0.609952, 11893, 114.787681 
6, -45.722995, 0.601115, 12519, 123.713399 
7, -30.768975, 0.505087, 15023, 160.748407 
8, -25.560651, 0.450560, 18779, 260.970077 
9, -7.943999, 0.479130, 21283, 352.463035 
10, 24.536001, 0.480300, 28795, 723.327918 
11, 30.182418, 0.480069, 30673, 822.506394 
12, 56.520828, 0.461404, 36307, 1033.718677 
13, 56.520828, 0.524847, 97655, 7200.256413 
