1, -777.906602, 0.513353, 1251, 2.066563 
2, -743.756746, 0.601942, 1877, 3.337643 
3, -667.718377, 0.556641, 2503, 5.275813 
4, -226.926426, 0.580750, 3129, 12.803366 
5, -107.047272, 0.469449, 8763, 85.213570 
6, -78.994008, 0.605141, 23787, 419.934487 
7, -67.560209, 0.597409, 25039, 466.896295 
8, -46.842921, 0.580805, 26291, 499.960899 
9, -36.367562, 0.477058, 72615, 3951.798839 
10, 4.314582, 0.571173, 85135, 5329.763897 
11, 5.314666, 0.525298, 93899, 6538.526414 
12, 52.704611, 0.546937, 95777, 6802.114478 
13, 52.704611, 0.533011, 98907, 7200.203706 
