1, -121.891503, 0.524103, 4381, 16.198387 
2, -118.753419, 0.527928, 5633, 20.684128 
3, -116.964772, 0.578533, 10641, 64.455487 
4, -116.339142, 0.564740, 11267, 73.649895 
5, -110.721864, 0.474901, 21283, 246.983264 
6, -48.925975, 0.646648, 36307, 657.913350 
7, -47.904682, 0.644870, 38185, 753.294761 
8, -45.203579, 0.643657, 40689, 898.861531 
9, -35.084174, 0.628959, 44445, 1089.447673 
10, -20.920910, 0.610762, 45697, 1164.636621 
11, -18.369796, 0.572470, 51331, 1521.927545 
12, -4.808794, 0.499667, 67607, 3040.099315 
13, -4.808794, 0.447627, 92647, 7200.862156 
