1, -360.160347, 0.623145, 1251, 2.226624 
2, -277.663280, 0.639262, 2503, 6.488053 
3, -241.177763, 0.619527, 6259, 44.364552 
4, -218.110445, 0.596908, 7511, 68.516824 
5, -183.602589, 0.576706, 8137, 79.746905 
6, -139.194389, 0.570494, 25039, 583.900169 
7, -138.197326, 0.530520, 29421, 743.864762 
8, -135.036702, 0.522431, 30673, 806.576643 
9, -131.698302, 0.510332, 31925, 852.003927 
10, -126.642848, 0.501774, 33177, 906.289697 
11, -102.551400, 0.636711, 54461, 2052.990101 
12, -96.486925, 0.620051, 56965, 2207.538188 
13, -30.161874, 0.628089, 57591, 2299.760978 
14, -26.324325, 0.553374, 63851, 2849.848203 
15, -23.002109, 0.530987, 74493, 4127.983434 
16, -12.756683, 0.522139, 78875, 4614.958060 
17, 9.311531, 0.510590, 80753, 4802.219660 
18, 9.311531, 0.495306, 92647, 7200.163702 
