1, -272.708136, 0.489684, 3755, 13.913203 
2, -107.703192, 0.514721, 5633, 26.015155 
3, -104.739396, 0.469174, 31299, 575.576699 
4, -87.555109, 0.532821, 40063, 941.540287 
5, -69.266955, 0.507534, 43193, 1204.008044 
6, -65.346181, 0.504237, 43819, 1261.411666 
7, -55.943306, 0.503313, 45071, 1405.607740 
8, -51.666257, 0.484237, 51331, 2055.468253 
9, -49.281427, 0.478603, 53835, 2341.303818 
10, -39.589417, 0.505691, 60721, 2988.647420 
11, -25.556050, 0.503030, 63851, 3436.525319 
12, -25.556050, 0.472556, 85761, 7200.329309 
