1, -272.615112, 0.514423, 3129, 8.411118 
2, -119.446903, 0.637518, 3755, 13.121646 
3, -119.093997, 0.435249, 5633, 39.203058 
4, -117.744811, 0.438436, 11267, 184.928148 
5, -115.207744, 0.441502, 12519, 210.689550 
6, -104.642424, 0.401843, 15649, 336.876779 
7, -71.860934, 0.409169, 26917, 1013.397285 
8, -4.418961, 0.508341, 51331, 3180.145329 
9, 9.983424, 0.495284, 52583, 3273.366434 
10, 12.106065, 0.498535, 53835, 3418.600893 
11, 33.639571, 0.499767, 54461, 3494.938557 
12, 33.639571, 0.462202, 80127, 7200.671846 
