1, -587.368632, 0.444284, 3755, 12.435967 
2, -281.207416, 0.382284, 5007, 17.982943 
3, -138.778795, 0.685687, 6259, 28.612408 
4, -131.743018, 0.646646, 8137, 41.419634 
5, -128.172546, 0.621800, 8763, 46.198794 
6, -72.837133, 0.710310, 10015, 60.580061 
7, -65.097984, 0.610119, 11893, 97.103677 
8, -47.631816, 0.491066, 18153, 262.508553 
9, -13.876610, 0.454975, 36933, 1322.821464 
10, 9.257253, 0.526434, 78249, 6367.674504 
11, 83.339010, 0.523863, 78875, 6450.696905 
12, 83.339010, 0.504979, 82631, 7200.268722 
