0, -1336.026553, 0.000000, 101, 2.808974 
1, -1229.750757, -0.052057, 302, 234.707247 
2, -1229.521204, -0.048398, 504, 460.279809 
3, -1059.737493, -0.042399, 706, 712.604484 
4, -1034.789502, -0.036863, 1009, 1070.670041 
5, -1016.166658, -0.033717, 1211, 1276.262341 
6, -782.117973, -0.030962, 1312, 1369.571112 
7, -641.656531, -0.024710, 2019, 2386.515788 
8, -586.779785, -0.021700, 2625, 3242.280113 
9, -573.285205, -0.021123, 2827, 3550.261588 
10, -573.285205, -0.021127, 2828, 3600.888425 
