1, -816.455463, 0.627281, 2500, 139.267111 
2, -655.880823, 0.636773, 3125, 168.758945 
3, -651.817486, 0.636773, 3750, 212.182750 
4, -636.512954, 0.636896, 4375, 285.209775 
5, -635.610905, 0.636896, 8750, 631.435517 
6, -608.308872, 0.636896, 11875, 892.425532 
7, -594.772244, 0.636896, 16875, 1228.983645 
8, -580.052994, 0.636896, 36250, 2846.889815 
9, -367.733136, 0.637512, 43125, 3342.269667 
10, -242.100682, 0.637574, 43750, 3384.461586 
11, -226.563117, 0.637697, 44375, 3412.839858 
12, -209.677223, 0.637697, 45000, 3442.909892 
13, -206.164882, 0.637697, 56875, 4198.790556 
14, -202.158286, 0.637697, 63125, 4550.127229 
