0, 9.350000, 0.000000, 100, 0.467933 
1, 69.490000, 0.798000, 200, 35.627216 
2, 73.680000, 0.787781, 402, 225.066422 
3, 74.200000, 0.854383, 503, 274.978601 
4, 76.060000, 0.831579, 705, 398.438741 
5, 76.810000, 0.849425, 806, 456.792492 
6, 156.720000, 0.857728, 907, 505.501120 
7, 181.390000, 0.916187, 1008, 549.104342 
8, 192.890000, 0.894969, 1210, 690.983925 
9, 256.820000, 0.915129, 1412, 901.335212 
10, 462.210000, 0.926743, 2321, 1571.286958 
11, 462.680000, 0.929584, 2422, 1616.280731 
12, 468.380000, 0.921994, 2624, 1691.045201 
13, 497.120000, 0.924597, 2927, 2018.653507 
14, 499.380000, 0.924827, 3028, 2079.468158 
15, 500.000000, 0.927170, 3634, 2728.620629 
