1, -125.361773, 0.508642, 1877, 4.346557 
2, -121.566120, 0.733468, 8137, 64.128538 
3, -119.706578, 0.710938, 8763, 77.771481 
4, -114.274855, 0.627288, 11267, 115.253968 
5, -51.830595, 0.672533, 11893, 150.759319 
6, -25.806722, 0.585269, 18153, 419.638903 
7, -25.233451, 0.566292, 20031, 544.955474 
8, -19.673079, 0.499615, 21283, 628.476750 
9, -9.220235, 0.503588, 21909, 694.738354 
10, 16.830100, 0.490603, 25039, 922.239966 
11, 79.011020, 0.520952, 38185, 2327.239484 
12, 82.877548, 0.508493, 40689, 2660.604352 
13, 84.709005, 0.521811, 46323, 3561.001648 
14, 92.027547, 0.537634, 56339, 5693.952599 
15, 93.778632, 0.518734, 58843, 6234.337410 
16, 97.433571, 0.520429, 62599, 7153.077669 
17, 97.433571, 0.510618, 62599, 7200.264023 
