1, -120.284307, 0.748212, 21283, 280.693023 
2, -91.609075, 0.775140, 23787, 428.547660 
3, -75.497942, 0.745260, 24413, 460.095997 
4, -32.724771, 0.685310, 28795, 791.923110 
5, -19.981353, 0.688201, 33177, 1186.648777 
6, -19.470205, 0.683238, 33803, 1227.544782 
7, -17.845884, 0.662659, 34429, 1257.964446 
8, -11.406798, 0.649890, 36307, 1458.953705 
9, -6.377994, 0.601442, 41941, 2111.146296 
10, -1.837496, 0.565073, 45071, 2633.301542 
11, 1.097593, 0.517951, 58217, 4582.178536 
12, 1.097593, 0.502191, 71363, 7201.986070 
