1, -146.456826, 0.542857, 5633, 24.106833 
2, -132.855151, 0.524302, 6259, 26.932573 
3, -132.509726, 0.568895, 9389, 50.131617 
4, -131.735094, 0.559811, 12519, 84.689201 
5, -127.739998, 0.536895, 15023, 120.706616 
6, -126.333705, 0.569814, 18153, 169.747501 
7, -108.182921, 0.650709, 23161, 268.645697 
8, -84.257778, 0.653815, 24413, 294.954059 
9, -69.523256, 0.613266, 26291, 366.998379 
10, -62.326184, 0.611007, 26917, 387.097075 
11, -54.701792, 0.655987, 35681, 699.086828 
12, -50.199854, 0.657577, 39437, 986.949495 
13, -41.213995, 0.655935, 40063, 1021.050421 
14, -35.376951, 0.654688, 40689, 1039.704349 
15, 7.397539, 0.694620, 41315, 1089.929999 
16, 16.299173, 0.677715, 41941, 1144.587126 
17, 36.576382, 0.657757, 43193, 1209.028563 
18, 36.877823, 0.607911, 44445, 1294.242101 
19, 42.159759, 0.586387, 45071, 1318.512237 
20, 46.774815, 0.589768, 49453, 1828.880600 
21, 62.855849, 0.556327, 61347, 3182.651850 
22, 62.855849, 0.522235, 82005, 7200.694459 
