1, -690.262896, 0.529221, 1251, 1.655368 
2, -100.703920, 0.609337, 1877, 3.745851 
3, -92.971226, 0.585010, 21909, 429.646105 
4, -48.712533, 0.569889, 41941, 1420.632292 
5, -15.900144, 0.566514, 42567, 1432.868888 
6, -15.750880, 0.636533, 44445, 1521.478643 
7, -8.097619, 0.630033, 45697, 1577.128183 
8, -6.268139, 0.629034, 46323, 1603.056181 
9, -0.812200, 0.618413, 48201, 1694.795490 
10, 3.351837, 0.611390, 51957, 1870.777722 
11, 6.252644, 0.606382, 53835, 1961.605587 
12, 11.355820, 0.603503, 90769, 5128.821461 
13, 20.321947, 0.600143, 91395, 5176.949502 
14, 21.026132, 0.600428, 92021, 5216.868505 
15, 21.162544, 0.603519, 97655, 5837.069138 
16, 26.399727, 0.601064, 100785, 6196.091748 
17, 35.777364, 0.602130, 107045, 6798.043396 
18, 35.777364, 0.599242, 110175, 7200.178418 
