1, -111.284252, 0.388560, 2503, 6.017902 
2, -110.299217, 0.460000, 4381, 13.912324 
3, -109.830833, 0.537671, 9389, 42.079605 
4, -108.508533, 0.548705, 10641, 55.658007 
5, -104.280949, 0.531802, 11267, 59.935542 
6, -83.846395, 0.595843, 20031, 179.023138 
7, -83.658572, 0.569684, 25039, 353.145344 
8, -80.659558, 0.558619, 26291, 401.019255 
9, -80.195295, 0.561331, 29421, 498.309570 
10, -62.864272, 0.579651, 30673, 553.858504 
11, -60.899073, 0.648985, 33803, 730.676414 
12, -37.358602, 0.708559, 46949, 1398.634191 
13, -37.242525, 0.700911, 47575, 1445.302845 
14, -32.325133, 0.694627, 48201, 1467.031640 
15, 32.669618, 0.760158, 49453, 1522.024287 
16, 126.279333, 0.545876, 61973, 2556.729016 
17, 126.279333, 0.469278, 91395, 7200.810635 
