1, -144.326671, 0.603466, 6259, 21.766381 
2, -143.409572, 0.589425, 8763, 39.485280 
3, -139.187704, 0.568699, 9389, 43.910725 
4, -114.227756, 0.520451, 16901, 123.965959 
5, -112.017729, 0.557274, 23161, 215.658931 
6, -109.792190, 0.552878, 26291, 275.729350 
7, -109.566093, 0.558928, 29421, 312.157707 
8, -46.336792, 0.611199, 38185, 494.939335 
9, -44.750827, 0.604388, 41941, 647.040546 
10, -43.767774, 0.652384, 43819, 734.829962 
11, -34.059091, 0.648556, 44445, 781.785639 
12, -32.293760, 0.610900, 48827, 1055.865848 
13, -25.716922, 0.556895, 57591, 1747.850160 
14, -23.250428, 0.573127, 59469, 1926.068249 
15, -14.732493, 0.545186, 71363, 3185.143317 
16, -13.116787, 0.526744, 83883, 4675.238816 
17, -8.806742, 0.583103, 85135, 4897.932064 
18, 17.514116, 0.536878, 95777, 6424.348076 
19, 17.514116, 0.531144, 100159, 7200.412801 
