1, -838.016778, 0.522727, 1251, 2.482512 
2, -390.826150, 0.408213, 1877, 4.478619 
3, -263.383045, 0.555781, 5007, 31.092180 
4, -231.533155, 0.552434, 5633, 36.019132 
5, -145.941502, 0.587417, 8137, 58.045572 
6, -45.195339, 0.713565, 8763, 66.540918 
7, -10.437472, 0.694601, 10015, 85.126223 
8, 0.344696, 0.672940, 10641, 94.160981 
9, 1.841037, 0.627893, 21909, 520.799755 
10, 3.521886, 0.601687, 23161, 595.444061 
11, 6.365180, 0.596412, 30047, 953.947788 
12, 8.123169, 0.646617, 48201, 2511.918662 
13, 9.557946, 0.649041, 49453, 2684.927163 
14, 12.082762, 0.651498, 50705, 2810.542685 
15, 13.747118, 0.649335, 51331, 2914.566090 
16, 15.754822, 0.649129, 52583, 3066.237661 
17, 18.202515, 0.648471, 53209, 3137.316814 
18, 18.719375, 0.645275, 53835, 3180.138351 
19, 26.748551, 0.626861, 60095, 4272.683239 
20, 35.242421, 0.626426, 61347, 4461.450877 
21, 50.464671, 0.606181, 63851, 5163.685846 
22, 50.464671, 0.581245, 72615, 7200.490251 
