1, -369.924776, 0.668831, 1251, 1.516298 
2, -351.944062, 0.589686, 2503, 6.006052 
3, -346.092334, 0.664706, 3755, 11.377586 
4, -153.745667, 0.679310, 5633, 20.499000 
5, -151.581979, 0.664537, 6259, 27.666548 
6, -124.198342, 0.525298, 10015, 78.077861 
7, -105.793708, 0.528065, 10641, 85.704806 
8, -91.870893, 0.521215, 11267, 92.026881 
9, -76.466640, 0.432912, 33177, 637.301608 
10, -6.191568, 0.739414, 43819, 1079.129174 
11, -0.467774, 0.732458, 44445, 1100.666938 
12, 10.303740, 0.720280, 47575, 1253.632328 
13, 49.955624, 0.680153, 51957, 1563.712492 
14, 70.100116, 0.675707, 52583, 1622.639593 
15, 84.369844, 0.616226, 72615, 3080.736166 
16, 84.369844, 0.568561, 107671, 7200.068843 
