1, -471.570345, 0.548701, 1251, 2.610279 
2, -349.968303, 0.592248, 3129, 19.178353 
3, -313.228450, 0.713936, 4381, 26.616419 
4, -102.710690, 0.657233, 6885, 52.940316 
5, -83.468975, 0.638188, 7511, 78.279802 
6, -80.240576, 0.470605, 23787, 687.249275 
7, -29.202428, 0.530320, 24413, 730.604528 
8, -17.998280, 0.572269, 54461, 2915.371119 
9, 5.930543, 0.568576, 55713, 2999.182339 
10, 6.482747, 0.518560, 83257, 6091.860572 
11, 20.416528, 0.512897, 90143, 6927.106903 
12, 20.416528, 0.579658, 91395, 7200.396063 
