1, -754.870801, 0.538961, 1251, 1.619053 
2, -728.183723, 0.447917, 1877, 4.549340 
3, -613.549212, 0.706004, 2503, 7.312823 
4, -599.421696, 0.666189, 3755, 14.515970 
5, -419.471056, 0.742886, 6259, 25.774917 
6, -381.864229, 0.661472, 7511, 33.210092 
7, -150.200607, 0.687789, 10015, 52.467194 
8, -135.832337, 0.663112, 10641, 61.115089 
9, -104.824788, 0.604767, 12519, 79.197137 
10, -68.496617, 0.762611, 45071, 1084.119312 
11, -56.350190, 0.729727, 47575, 1285.994967 
12, -30.355234, 0.645932, 50705, 1635.782689 
13, 25.663492, 0.665964, 58843, 2506.892845 
14, 54.956924, 0.571047, 79501, 6707.647893 
15, 54.956924, 0.564989, 80753, 7200.129441 
