0, 9.350000, 0.000000, 100, 0.592483 
1, 133.950000, 0.964000, 200, 23.679713 
2, 134.910000, 0.916667, 301, 64.099186 
3, 267.570000, 0.966667, 402, 127.643782 
4, 268.980000, 0.958724, 503, 178.914168 
5, 302.680000, 0.960674, 604, 266.636080 
6, 400.230000, 0.948293, 806, 448.110080 
7, 414.340000, 0.945887, 1008, 776.918669 
8, 449.470000, 0.937755, 1109, 886.166074 
9, 474.880000, 0.937517, 1210, 950.743933 
10, 475.070000, 0.918049, 2321, 2881.426553 
11, 475.070000, 0.939866, 2625, 3606.036517 
