1, -530.736218, 0.000000, 625, 0.216486 
1, -190.556413, 0.459254, 4381, 17.508590 
2, -189.702253, 0.591212, 6259, 41.543614 
3, -187.993853, 0.564672, 8137, 68.831999 
4, -177.886728, 0.513895, 11893, 115.736438 
5, -170.857749, 0.509372, 21283, 267.633436 
6, -163.461498, 0.485639, 35055, 721.827276 
7, -138.534284, 0.498271, 37559, 794.907904 
8, -133.294910, 0.504617, 40063, 978.387282 
9, -72.256814, 0.508618, 44445, 1185.073698 
10, -62.848061, 0.515851, 53209, 1582.688090 
11, -58.180707, 0.514504, 55713, 1727.781610 
12, -54.390732, 0.515636, 58843, 2024.065587 
13, -54.113285, 0.498024, 77623, 3625.237555 
14, 6.637691, 0.696538, 85135, 4527.612715 
15, 11.208641, 0.660627, 87013, 4731.269593 
16, 11.208641, 0.573420, 106419, 7200.241219 
