1, -566.342763, 0.000000, 625, 0.198548 
1, -166.531311, 0.536972, 2503, 11.303670 
2, -146.130480, 0.570475, 4381, 27.355664 
3, -139.609917, 0.535426, 8137, 68.512839 
4, -136.040861, 0.521102, 8763, 78.449059 
5, -133.631042, 0.500822, 14397, 175.401375 
6, -133.024822, 0.501072, 21283, 335.481920 
7, -130.629885, 0.514810, 23787, 406.192187 
8, -125.626495, 0.522828, 28795, 609.590299 
9, -123.559127, 0.488825, 31925, 735.491926 
10, -117.293615, 0.638541, 33177, 787.795802 
11, -112.087577, 0.615011, 36307, 940.049366 
12, -98.169175, 0.605723, 38185, 1005.704399 
13, -59.065908, 0.618632, 80753, 4562.326452 
14, -57.813575, 0.617123, 81379, 4632.805078 
15, -55.120531, 0.615163, 82005, 4707.110593 
16, -45.024479, 0.612408, 83883, 4935.795853 
17, -42.924954, 0.607546, 86387, 5270.890850 
18, -41.605347, 0.612712, 99533, 6765.469148 
19, -41.605347, 0.614875, 103289, 7200.481176 
