1, -576.944101, 0.000000, 625, 0.205863 
1, -457.864320, 0.618938, 1251, 2.936676 
2, -161.685889, 0.598901, 5633, 40.149482 
3, -139.139502, 0.603036, 9389, 124.159294 
4, -135.522385, 0.508230, 21909, 481.077001 
5, -85.848227, 0.555476, 27543, 715.357074 
6, -75.823549, 0.559109, 29421, 785.511434 
7, -75.758460, 0.556828, 33177, 939.359687 
8, -69.013680, 0.554367, 37559, 1116.317093 
9, -67.821369, 0.548492, 41315, 1346.675477 
10, -60.605997, 0.535063, 48827, 1705.289392 
11, -55.120630, 0.539201, 70737, 3227.321674 
12, -55.053428, 0.530675, 105793, 6821.806773 
13, -55.053428, 0.528866, 108297, 7200.456278 
