1, -451.737503, 0.000000, 625, 0.324874 
1, -423.450006, 0.460259, 1877, 4.225692 
2, -399.256700, 0.423773, 3129, 12.296677 
3, -115.917454, 0.516798, 4381, 24.067957 
4, -111.210853, 0.539216, 6885, 48.978992 
5, -103.617585, 0.530026, 7511, 59.057747 
6, -85.193910, 0.531193, 8137, 67.932985 
7, -80.134608, 0.505835, 13145, 165.273917 
8, -77.495640, 0.441492, 76997, 3708.650846 
9, -36.609764, 0.543555, 93899, 5892.018711 
10, -24.266248, 0.543752, 95151, 6009.540433 
11, -20.739454, 0.543570, 96403, 6153.401659 
12, -20.739454, 0.557911, 103289, 7200.106364 
