1, -1068.186720, 0.000000, 625, 0.928178 
1, -367.654121, 0.515012, 1251, 3.010352 
2, -222.087029, 0.541667, 4381, 20.878899 
3, -186.770509, 0.490229, 5633, 29.809646 
4, -147.846081, 0.550904, 17527, 218.675620 
5, -76.538116, 0.539575, 22535, 327.534483 
6, -51.932881, 0.561001, 26291, 461.530205 
7, -33.447062, 0.560600, 27543, 537.602224 
8, 56.905281, 0.607817, 28169, 555.309066 
9, 84.776731, 0.604848, 28795, 572.960190 
10, 109.339440, 0.548624, 40689, 1135.845647 
11, 113.598697, 0.567089, 55087, 2069.898582 
12, 113.598697, 0.566662, 94525, 7200.270256 
