1, -604.585329, 0.000000, 625, 0.296193 
1, -376.218322, 0.588820, 3129, 13.122476 
2, -278.666937, 0.608372, 5007, 52.984297 
3, -173.740512, 0.611433, 5633, 66.552826 
4, -136.844516, 0.598922, 6259, 70.720710 
5, -25.826475, 0.622987, 6885, 113.866888 
6, -12.766535, 0.486898, 7511, 152.431838 
7, 11.091075, 0.534615, 16275, 482.786407 
8, 31.169722, 0.513298, 17527, 595.670183 
9, 37.988044, 0.483484, 26291, 1680.606393 
10, 38.668809, 0.463940, 28795, 2178.524577 
11, 86.259941, 0.537067, 29421, 2332.600204 
12, 119.866293, 0.528191, 30673, 2476.441687 
13, 127.329568, 0.509471, 31925, 2724.253597 
14, 128.417928, 0.497149, 32551, 2826.560989 
15, 134.189801, 0.469765, 40689, 4710.896109 
16, 145.606425, 0.448591, 43819, 5573.781323 
17, 145.606425, 0.447329, 48827, 7200.132813 
