1, -137.848641, 0.000000, 625, 0.124779 
1, -133.629578, 0.370270, 4381, 27.697327 
2, -128.201830, 0.532053, 16901, 165.281421 
3, -114.409233, 0.531669, 17527, 178.360179 
4, -62.914558, 0.563011, 18779, 203.974118 
5, -62.769583, 0.646855, 35681, 860.384294 
6, -17.282831, 0.568685, 38185, 1083.371362 
7, 0.174913, 0.558980, 45071, 1865.141541 
8, 81.314718, 0.526381, 60721, 3802.824477 
9, 102.435671, 0.522591, 63225, 4336.914659 
10, 111.906653, 0.529101, 66981, 4907.396271 
11, 111.906653, 0.520222, 78249, 7200.012990 
