1, -234.046008, 0.000000, 625, 0.275436 
1, -131.472771, 0.488753, 2503, 8.113778 
2, -107.923843, 0.445471, 3129, 10.153158 
3, -93.537796, 0.545591, 18779, 216.293125 
4, -86.157521, 0.537187, 19405, 235.992358 
5, -80.096575, 0.526203, 20031, 242.764858 
6, -55.852697, 0.520070, 20657, 253.668444 
7, -14.586426, 0.637319, 56339, 1591.669350 
8, -9.448521, 0.622608, 61347, 1923.139805 
9, -7.977298, 0.593909, 64477, 2134.364171 
10, -1.307519, 0.582460, 67607, 2455.972926 
11, 14.433764, 0.581082, 68233, 2508.213995 
12, 30.050320, 0.620650, 76371, 3512.855380 
13, 39.203191, 0.620381, 76997, 3648.410681 
14, 57.478214, 0.622506, 77623, 3743.098420 
15, 68.117827, 0.622245, 79501, 4139.605705 
16, 107.498257, 0.591162, 82005, 4452.013236 
17, 107.498257, 0.584452, 98907, 7200.207795 
