1, -981.698768, 0.000000, 625, 0.809808 
1, -838.016778, 0.500000, 1251, 2.401490 
2, -497.457539, 0.480000, 1877, 4.310216 
3, -277.714713, 0.560920, 2503, 6.159936 
4, -148.873917, 0.490598, 3755, 12.311540 
5, -68.873773, 0.640608, 5633, 21.626039 
6, -58.445560, 0.645000, 6259, 27.064227 
7, -53.495132, 0.604263, 6885, 30.571833 
8, -38.698247, 0.613846, 7511, 33.866930 
9, -30.829615, 0.579193, 10015, 64.453691 
10, -23.874755, 0.531068, 12519, 96.159575 
11, -22.365578, 0.507688, 20657, 247.245852 
12, 1.402200, 0.490353, 21909, 277.493238 
13, 5.430666, 0.490116, 52583, 1662.232504 
14, 5.430666, 0.463790, 110175, 7200.670499 
