1, -255.978179, 0.000000, 625, 0.185741 
1, -171.949446, 0.776897, 3129, 12.221287 
2, -125.176595, 0.794145, 4381, 18.351361 
3, -116.987970, 0.758065, 5007, 21.878026 
4, -116.603795, 0.531646, 9389, 46.851115 
5, -111.831877, 0.558388, 23787, 264.763779 
6, -40.565826, 0.615809, 25039, 282.307162 
7, -33.888148, 0.613443, 25665, 294.372049 
8, -17.735973, 0.596696, 28795, 403.784281 
9, 34.762576, 0.605079, 39437, 719.647071 
10, 58.046067, 0.588004, 43819, 983.771255 
11, 61.469185, 0.572955, 51957, 1602.443100 
12, 61.469185, 0.513334, 85761, 7200.367191 
