1, -117.414895, 0.000000, 625, 0.130154 
1, -115.267106, 0.573560, 15023, 156.663113 
2, -114.964589, 0.545782, 18153, 226.105070 
3, -113.638097, 0.495243, 25039, 366.088645 
4, -98.335315, 0.513677, 26291, 411.077159 
5, -97.857570, 0.512403, 26917, 433.388083 
6, -96.560654, 0.504769, 28795, 480.580181 
7, -76.087946, 0.514840, 29421, 497.347084 
8, -70.282226, 0.515780, 30047, 515.556195 
9, -67.457746, 0.505699, 31925, 574.855316 
10, -65.062112, 0.506748, 33177, 643.762143 
11, -61.653282, 0.501413, 36307, 757.967130 
12, -54.099085, 0.499038, 38811, 855.705078 
13, -40.401860, 0.523107, 42567, 1008.989166 
14, -31.043807, 0.524839, 43819, 1067.148157 
15, -29.818286, 0.528249, 46323, 1233.903190 
16, -27.976173, 0.495226, 50079, 1461.722141 
17, -25.621260, 0.457630, 58217, 2095.660165 
18, -20.893754, 0.460434, 60721, 2300.980153 
19, 18.208041, 0.510597, 72615, 3598.717096 
20, 18.208041, 0.572604, 93273, 7200.251167 
