1, -760.765910, 0.000000, 625, 0.629787 
1, -738.249969, 0.528125, 1877, 4.398745 
2, -549.255914, 0.689567, 2503, 6.523527 
3, -356.538524, 0.475000, 3755, 12.121451 
4, -130.054874, 0.594904, 4381, 13.946720 
5, -120.512390, 0.431267, 7511, 29.243948 
6, -108.244411, 0.560284, 8763, 39.051213 
7, -58.778145, 0.480877, 24413, 380.860790 
8, -16.462028, 0.622902, 28169, 518.783688 
9, -9.518001, 0.620720, 29421, 555.437661 
10, -1.752523, 0.633211, 31299, 650.172789 
11, -0.402149, 0.633119, 31925, 667.027074 
12, 6.987298, 0.632014, 32551, 708.039585 
13, 8.737327, 0.636013, 35055, 809.949612 
14, 10.138999, 0.629340, 37559, 922.860535 
15, 13.675392, 0.634991, 46949, 1357.936470 
16, 25.666557, 0.623938, 55087, 1918.046647 
17, 37.657660, 0.612392, 72615, 3527.437293 
18, 69.572754, 0.626183, 73867, 3632.135043 
19, 75.619998, 0.603852, 83257, 4521.866451 
20, 75.619998, 0.479893, 100785, 7200.028833 
