1, -545.773247, 0.000000, 625, 0.248593 
1, -360.211133, 0.769444, 1877, 3.718984 
2, -334.097402, 0.607456, 2503, 4.996491 
3, -133.689503, 0.657459, 3129, 6.272300 
4, -132.682738, 0.530000, 7511, 31.374237 
5, -130.948795, 0.504762, 8137, 35.587465 
6, -110.397800, 0.524161, 8763, 40.793709 
7, -106.834077, 0.504484, 10015, 55.353547 
8, -52.107642, 0.665728, 16275, 129.098315 
9, -17.097759, 0.588558, 23161, 325.246736 
10, 7.667465, 0.585319, 24413, 358.763790 
11, 25.271390, 0.603791, 26917, 421.968905 
12, 47.463081, 0.615597, 28795, 513.467308 
13, 53.417198, 0.607414, 29421, 561.315211 
14, 74.031245, 0.476498, 32551, 805.922071 
15, 78.209676, 0.472552, 33177, 858.529346 
16, 83.335165, 0.623269, 68859, 4320.112703 
17, 123.933249, 0.625224, 69485, 4384.579547 
18, 173.464788, 0.597440, 71363, 4678.987010 
19, 173.464788, 0.584107, 87639, 7203.189837 
