1, -576.944101, 0.000000, 625, 0.194408 
1, -420.842467, 0.688525, 1251, 5.107435 
2, -162.133980, 0.398077, 3129, 18.833606 
3, -128.057851, 0.537005, 3755, 26.032996 
4, -121.086481, 0.522205, 5007, 41.201632 
5, -39.503761, 0.581751, 10015, 99.231219 
6, -18.920281, 0.601434, 15023, 264.786834 
7, -15.788669, 0.605556, 15649, 281.372064 
8, -14.740696, 0.601218, 20031, 436.062459 
9, -12.908478, 0.587750, 25665, 638.396959 
10, 15.492617, 0.593968, 26291, 659.599526 
11, 21.293915, 0.594039, 26917, 685.329886 
12, 23.234807, 0.593788, 27543, 709.663108 
13, 35.848756, 0.607956, 30673, 915.497748 
14, 53.921280, 0.599357, 31299, 965.062834 
15, 54.490943, 0.598760, 33803, 1152.120845 
16, 84.064120, 0.595344, 36307, 1328.598860 
17, 101.062420, 0.617415, 45071, 2048.788747 
18, 105.140391, 0.570696, 45697, 2102.150939 
19, 113.938044, 0.567283, 46949, 2197.729034 
20, 135.769097, 0.514101, 51331, 2616.946641 
21, 135.769097, 0.416240, 75119, 7200.391883 
