0, 9.360000, 0.000000, 100, 0.764659 
1, 9.410000, 0.500000, 200, 52.447776 
2, 20.680000, 0.508841, 301, 64.178381 
3, 89.680000, 0.851852, 503, 159.608953 
4, 198.110000, 0.855556, 705, 228.604861 
5, 204.940000, 0.872979, 806, 285.774118 
6, 211.570000, 0.838659, 1008, 407.434072 
7, 452.920000, 0.964137, 1311, 599.540462 
8, 453.380000, 0.893644, 1816, 1075.343041 
9, 484.090000, 0.951785, 1917, 1219.209761 
10, 486.580000, 0.949522, 2018, 1363.697367 
11, 494.820000, 0.952508, 2321, 1900.555315 
12, 494.820000, 0.931786, 3029, 3607.330462 
