1, -760.765910, 0.000000, 625, 0.653654 
1, -661.745128, 0.513089, 1251, 2.791194 
2, -376.058524, 0.482030, 1877, 6.561640 
3, -299.468519, 0.477419, 3129, 11.936703 
4, -248.795691, 0.590637, 5633, 27.258493 
5, -212.606650, 0.581040, 6885, 41.480806 
6, -206.588362, 0.490214, 11267, 118.707050 
7, -148.975133, 0.555151, 13771, 192.604247 
8, -111.604962, 0.558172, 14397, 210.370492 
9, -97.672669, 0.552952, 15649, 274.875208 
10, -96.947421, 0.496192, 35055, 1327.058348 
11, -58.162911, 0.569886, 35681, 1443.980707 
12, -40.395045, 0.522766, 49453, 2999.889673 
13, -34.391312, 0.599364, 60721, 4522.801627 
14, -30.080036, 0.537556, 63851, 5083.998097 
15, -30.080036, 0.506938, 75745, 7200.437603 
