1, -142.910086, 0.000000, 625, 0.111018 
1, -127.596737, 0.557078, 11267, 61.949049 
2, -124.439326, 0.549118, 13145, 75.351920 
3, -118.087011, 0.533172, 13771, 81.694028 
4, -91.989448, 0.549038, 21909, 215.290064 
5, -67.371489, 0.542789, 23161, 238.801078 
6, -64.209290, 0.584033, 47575, 1281.096094 
7, -60.898456, 0.546989, 49453, 1388.453096 
8, -4.483496, 0.561509, 51957, 1550.342999 
9, 0.425363, 0.555690, 52583, 1619.851273 
10, 5.430087, 0.546971, 60721, 2253.472037 
11, 19.227018, 0.542891, 65103, 2665.616284 
12, 20.547952, 0.530336, 94525, 6207.856183 
13, 20.547952, 0.599662, 100159, 7200.115739 
