1, -940.068477, 0.000000, 625, 0.729504 
1, -866.494221, 0.502618, 1251, 2.473458 
2, -629.295808, 0.711538, 2503, 6.814038 
3, -618.779138, 0.654719, 3129, 10.326643 
4, -608.318620, 0.602198, 3755, 12.076608 
5, -608.040744, 0.561368, 4381, 15.870636 
6, -129.304616, 0.603402, 5007, 18.038419 
7, -120.750001, 0.544722, 6259, 24.363658 
8, -120.141976, 0.551793, 11267, 75.556397 
9, -24.023764, 0.796681, 36933, 789.051887 
10, 14.400693, 0.784400, 37559, 828.764728 
11, 28.555326, 0.563089, 50079, 1673.277695 
12, 28.555326, 0.534954, 92021, 7200.219795 
