1, -530.736218, 0.000000, 625, 0.219709 
1, -523.885515, 0.466967, 3129, 8.514918 
2, -235.050656, 0.546917, 3755, 11.476439 
3, -202.975370, 0.454614, 6259, 34.601254 
4, -138.551478, 0.470919, 8137, 49.935320 
5, -138.546852, 0.521590, 15649, 136.202096 
6, -137.149258, 0.511428, 16275, 142.675821 
7, -132.603297, 0.499254, 20031, 211.477948 
8, -125.698244, 0.516985, 32551, 529.283793 
9, -52.534996, 0.676708, 36307, 679.684276 
10, -46.477176, 0.671345, 36933, 712.579869 
11, -39.636505, 0.589535, 41941, 1005.214734 
12, -29.168681, 0.539362, 86387, 5399.664066 
13, -29.168681, 0.567919, 98281, 7200.996787 
