1, -981.698768, 0.000000, 625, 0.772895 
1, -680.246595, 0.662304, 1251, 2.318740 
2, -614.917223, 0.552876, 2503, 6.568022 
3, -127.628782, 0.500606, 4381, 14.869680 
4, -126.536347, 0.554173, 10641, 72.457110 
5, -109.220913, 0.447111, 20657, 330.356733 
6, -107.247194, 0.460892, 26291, 525.204473 
7, -60.044177, 0.514159, 30047, 682.536099 
8, -56.796370, 0.491831, 46323, 1611.313227 
9, -55.704954, 0.479112, 50079, 2003.325695 
10, -53.713653, 0.497533, 74493, 4303.307082 
11, -53.713653, 0.512666, 94525, 7201.156225 
