1, -540.291766, 0.000000, 625, 0.247111 
1, -375.967963, 0.615183, 1251, 2.195992 
2, -363.166585, 0.520518, 1877, 4.329789 
3, -167.123065, 0.556433, 3755, 16.083746 
4, -156.013466, 0.624048, 7511, 76.653068 
5, -151.253552, 0.612455, 10015, 128.576003 
6, -145.955077, 0.617289, 10641, 144.252496 
7, -103.375961, 0.625776, 12519, 202.647820 
8, -99.543930, 0.622260, 14397, 262.643878 
9, -98.376965, 0.658420, 16901, 429.534108 
10, -75.297045, 0.649347, 17527, 458.291602 
11, -63.964367, 0.708768, 18153, 487.279452 
12, -59.232557, 0.685130, 19405, 550.687954 
13, -54.390207, 0.681437, 20031, 576.228966 
14, -33.689099, 0.580386, 65729, 4240.174684 
15, -13.474312, 0.587561, 66355, 4333.342684 
16, 29.958069, 0.600521, 68859, 4765.963198 
17, 42.345243, 0.590835, 69485, 4824.403703 
18, 45.770055, 0.590419, 70111, 4876.023407 
19, 48.316217, 0.574110, 71363, 5019.097308 
20, 54.911603, 0.556837, 77623, 5910.962116 
21, 54.911603, 0.513260, 85135, 7200.636581 
