1, -636.854979, 0.000000, 625, 0.340577 
1, -455.523686, 0.646597, 1251, 2.619924 
2, -329.470558, 0.581114, 6259, 33.117296 
3, -264.070896, 0.531915, 10015, 77.093229 
4, -132.647629, 0.624465, 11893, 97.765172 
5, -131.844142, 0.577547, 13145, 126.928619 
6, -128.939672, 0.518854, 20031, 263.013139 
7, -126.670608, 0.508860, 20657, 275.073555 
8, -69.102643, 0.666279, 21283, 285.825551 
9, -18.758286, 0.549951, 30047, 655.435597 
10, -14.310460, 0.548114, 30673, 677.956394 
11, -7.852569, 0.550151, 38185, 1039.953331 
12, -5.524504, 0.571263, 58843, 2416.838910 
13, -5.110907, 0.581170, 64477, 2764.939313 
14, -3.870830, 0.589546, 95151, 5320.243270 
15, -3.870830, 0.601397, 112679, 7200.378857 
