1, -657.131364, 0.000000, 625, 0.432829 
1, -530.042681, 0.576200, 1877, 6.247845 
2, -417.961327, 0.577320, 2503, 9.663733 
3, -389.758484, 0.513534, 5633, 39.413157 
4, -125.216506, 0.520655, 13145, 164.129601 
5, -124.102751, 0.553312, 18153, 258.171901 
6, -121.587736, 0.543865, 18779, 268.866686 
7, -74.206737, 0.636285, 19405, 287.628835 
8, -48.738227, 0.622700, 21283, 354.556428 
9, -39.535586, 0.531973, 46949, 1457.164723 
10, 44.205598, 0.665804, 49453, 1670.082249 
11, 53.180552, 0.592769, 53209, 2161.422515 
12, 63.505031, 0.580402, 56339, 2624.068432 
13, 78.300025, 0.523330, 68233, 4620.772625 
