1, -23.665827, -6.998500, 830625, 557.295422 
2, -3.227090, 13.058734, 1038125, 708.563357 
3, -2.892415, 14.486317, 1141875, 783.822644 
4, 5.681211, 13.181735, 1245625, 860.187917 
5, 7.115372, 14.930406, 1556875, 1115.304445 
6, 7.663258, 12.324816, 4461875, 3281.488981 
7, 10.882765, 12.909097, 6640625, 4952.214974 
8, 11.170254, 27.348423, 8819375, 6655.801665 
9, 22.474484, 23.687071, 8923125, 6735.962414 
10, 22.591636, 27.256744, 9338125, 7049.996515 
11, 22.591636, 25.070981, 9530625, 7200.015401 
