1, -248.587371, 0.613208, 3755, 12.298086 
2, -110.115907, 0.541837, 6259, 26.557040 
3, -107.333796, 0.550958, 8763, 55.385803 
4, -104.650567, 0.585900, 11267, 73.702284 
5, -99.006987, 0.551448, 33803, 837.125404 
6, -97.586961, 0.552935, 46949, 1464.234609 
7, -95.795817, 0.550132, 47575, 1518.060027 
8, -93.979595, 0.545396, 55087, 1952.754059 
9, -81.908242, 0.523985, 58843, 2565.152778 
10, -51.882268, 0.727344, 61347, 3028.222595 
11, -44.878437, 0.610105, 76997, 5136.081284 
12, 13.534385, 0.572096, 88891, 6782.974574 
13, 13.534385, 0.552221, 90769, 7200.595788 
