1, -838.016778, 0.565079, 1251, 2.219493 
2, -638.220755, 0.546318, 1877, 3.585437 
3, -115.582703, 0.533333, 2503, 4.968146 
4, -112.438103, 0.551481, 3755, 9.972963 
5, -107.514823, 0.512418, 4381, 12.586682 
6, -107.388023, 0.528180, 13771, 94.945138 
7, -105.449943, 0.500824, 23161, 234.453625 
8, -35.538408, 0.527293, 28795, 375.926173 
9, -20.470484, 0.671612, 39437, 904.883637 
10, 15.561996, 0.669389, 40063, 939.387014 
11, 34.761426, 0.638659, 45697, 1216.650991 
12, 60.554579, 0.634360, 53209, 1671.215577 
13, 73.493553, 0.625734, 56965, 2021.671080 
14, 76.160067, 0.597836, 61973, 2393.123193 
15, 84.242699, 0.565407, 70737, 3334.921535 
16, 84.242699, 0.560809, 96403, 7200.463231 
