1, -152.639003, 0.531370, 3755, 10.523026 
2, -148.747605, 0.547149, 5007, 17.482694 
3, -137.016004, 0.548564, 8137, 38.299150 
4, -136.477261, 0.529836, 8763, 41.415037 
5, -135.589559, 0.560195, 11267, 55.700405 
6, -121.183675, 0.680916, 12519, 67.428068 
7, -89.208815, 0.651343, 13145, 74.469849 
8, -73.434456, 0.601379, 16275, 121.644426 
9, -31.490159, 0.579251, 19405, 180.474532 
10, -31.056589, 0.577343, 20657, 221.778870 
11, -25.916717, 0.581989, 26917, 424.608883 
12, -21.984081, 0.564440, 31925, 593.743371 
13, -10.186665, 0.573978, 49453, 1454.179047 
14, -3.326107, 0.567903, 56339, 1892.610781 
15, 21.438991, 0.554617, 57591, 2030.282557 
16, 24.651581, 0.555011, 58217, 2075.266344 
17, 25.449012, 0.583549, 60721, 2298.401195 
18, 40.659942, 0.556802, 70737, 3300.800172 
19, 40.659942, 0.547805, 100785, 7200.079206 
