1, -552.492413, 0.491071, 2503, 9.635437 
2, -309.921999, 0.481947, 3129, 10.955956 
3, -272.499878, 0.467790, 5633, 23.163266 
4, -144.772700, 0.525087, 6885, 33.839633 
5, -136.521576, 0.539497, 21909, 230.119777 
6, -124.839582, 0.527929, 23161, 271.557320 
7, -118.223426, 0.515057, 24413, 290.644427 
8, -115.924428, 0.541938, 28169, 374.343687 
9, -110.704362, 0.524310, 35681, 633.112064 
10, -108.984465, 0.513891, 46323, 995.622138 
11, 37.268625, 0.677678, 80753, 3062.228257 
12, 114.832023, 0.726202, 83257, 3361.994394 
13, 124.016530, 0.518154, 92647, 5599.404683 
14, 124.016530, 0.461907, 98281, 7200.399982 
