1, -371.466201, 0.562814, 3129, 10.661070 
2, -267.845591, 0.458333, 4381, 18.897471 
3, -178.619166, 0.624581, 5007, 28.202667 
4, -170.526164, 0.533762, 8137, 65.992553 
5, -123.636778, 0.523722, 8763, 77.461032 
6, -116.626559, 0.515510, 11267, 129.537521 
7, -105.241752, 0.589177, 13771, 169.712783 
8, -80.232269, 0.664004, 20657, 377.107729 
9, -64.549884, 0.605514, 28169, 626.006133 
10, -59.156731, 0.707579, 40063, 1273.134220 
11, -45.914599, 0.657298, 40689, 1347.944030 
12, -44.183154, 0.618412, 42567, 1548.875402 
13, -9.223600, 0.645840, 43193, 1608.795072 
14, -6.179400, 0.618200, 43819, 1667.309122 
15, 5.413608, 0.603461, 44445, 1774.473890 
16, 9.268076, 0.517938, 50705, 2598.142030 
17, 10.706272, 0.465618, 63225, 4480.564898 
18, 18.087168, 0.445474, 70111, 5811.210696 
19, 18.087168, 0.440606, 75745, 7201.198647 
