1, -411.683389, 0.654237, 1251, 2.521900 
2, -321.597730, 0.554054, 1877, 4.204883 
3, -230.975899, 0.568285, 7511, 36.350351 
4, -221.412376, 0.672963, 16275, 150.467109 
5, -159.263144, 0.628918, 16901, 157.381102 
6, -127.255566, 0.673012, 21283, 315.107388 
7, -117.354623, 0.578414, 23161, 398.905204 
8, -94.740740, 0.572638, 23787, 443.378748 
9, -91.549617, 0.561708, 25665, 502.885612 
10, -91.159617, 0.550053, 30047, 697.658152 
11, -70.677817, 0.559844, 34429, 930.618890 
12, -35.146899, 0.586736, 36307, 1027.602565 
13, -7.117771, 0.593967, 38185, 1120.224755 
14, -4.177725, 0.594978, 41315, 1316.109344 
15, 0.161796, 0.585607, 45697, 1567.020342 
16, 1.487149, 0.621208, 53209, 2013.253303 
17, 8.018657, 0.572960, 66355, 2987.787169 
18, 8.018657, 0.586350, 103915, 7200.605574 
