1, -328.494979, 0.529730, 1877, 3.619733 
2, -253.743774, 0.617424, 2503, 6.318481 
3, -249.185081, 0.417946, 5007, 15.059910 
4, -91.368494, 0.578899, 6885, 24.406963 
5, -32.813096, 0.557666, 10641, 69.169255 
6, -16.227764, 0.552453, 11893, 94.863728 
7, -15.231230, 0.545492, 12519, 105.683529 
8, -9.881009, 0.518569, 18779, 240.651387 
9, 18.300514, 0.458948, 23161, 396.158659 
10, 46.372423, 0.506604, 59469, 2693.872282 
11, 47.488406, 0.505651, 60095, 2781.095811 
12, 47.488406, 0.487240, 95151, 7200.329432 
