1, -620.746386, 0.658080, 1877, 4.995547 
2, -275.221085, 0.537543, 2503, 8.630816 
3, -243.787676, 0.581576, 4381, 24.689401 
4, -221.105972, 0.583969, 5633, 35.140829 
5, -200.015553, 0.668075, 12519, 231.216161 
6, -11.927554, 0.587372, 15023, 344.927144 
7, -6.253091, 0.587141, 16275, 437.030391 
8, 9.223126, 0.543436, 20657, 697.152031 
9, 19.703718, 0.502256, 23787, 919.164912 
10, 26.898235, 0.495804, 28795, 1278.201308 
11, 27.851032, 0.491398, 35681, 1870.156312 
12, 27.851032, 0.512669, 65729, 7201.055582 
