0, 9.380000, 0.000000, 10000, 1637355197.763060 
1, 191.280000, 0.924400, 20001, 3.873054 
2, 191.780000, 0.918955, 30002, 19.474856 
3, 200.380000, 0.912898, 40003, 23.072994 
4, 204.120000, 0.906282, 60005, 36.722594 
5, 204.570000, 0.888064, 110010, 70.077448 
0, 9.380000, 0.000000, 10000, 1637355608.204157 
1, 176.770000, 0.924400, 20001, 4.559440 
2, 200.380000, 0.920045, 40003, 15.316282 
3, 201.420000, 0.914478, 50004, 18.834737 
4, 204.120000, 0.908903, 60005, 23.113934 
5, 205.730000, 0.917879, 70006, 34.793395 
6, 209.150000, 0.912959, 80007, 44.937672 
7, 211.360000, 0.904260, 110010, 68.445978 
8, 215.070000, 0.892993, 170016, 126.958390 
9, 220.690000, 0.892005, 180017, 140.068512 
0, 9.380000, 0.000000, 10000, 1637355903.881766 
1, 176.770000, 0.924400, 20001, 4.293018 
2, 200.380000, 0.920045, 40003, 18.117507 
3, 201.420000, 0.914478, 50004, 23.189826 
4, 204.120000, 0.908903, 60005, 26.694964 
0, 9.390000, 0.000000, 10000, 1637355936.709151 
1, 115.700000, 0.650200, 20001, 11.100909 
2, 191.780000, 0.925294, 30002, 17.673674 
3, 200.380000, 0.918888, 40003, 24.398400 
4, 201.420000, 0.913309, 50004, 31.994526 
5, 204.120000, 0.907695, 60005, 38.353099 
6, 204.810000, 0.894594, 110010, 80.979015 
0, 9.380000, 0.000000, 10000, 1637356549.539857 
1, 191.280000, 0.876000, 20001, 0.828007 
2, 191.780000, 0.853495, 30002, 2.569537 
3, 200.380000, 0.828125, 40003, 5.195284 
4, 201.420000, 0.825581, 50004, 6.616633 
5, 202.980000, 0.805106, 80007, 11.914855 
6, 204.570000, 0.804582, 110010, 19.417928 
7, 212.430000, 0.820934, 140013, 33.717749 
8, 230.620000, 0.821109, 190018, 65.015342 
9, 231.630000, 0.824474, 280027, 135.131185 
10, 231.910000, 0.828776, 380037, 226.237083 
0, 9.380000, 0.000000, 10000, 1637356822.334713 
1, 191.280000, 0.876000, 20001, 0.683152 
2, 191.780000, 0.853495, 30002, 2.306250 
3, 200.380000, 0.828125, 40003, 5.526697 
4, 201.420000, 0.825581, 50004, 6.630071 
5, 202.980000, 0.805106, 80007, 12.134118 
6, 204.570000, 0.804582, 110010, 19.345282 
7, 212.430000, 0.820934, 140013, 34.121878 
0, 9.380000, 0.000000, 10000, 1637356882.615442 
1, 191.280000, 0.876000, 20001, 0.631663 
2, 193.560000, 0.850902, 30006, 8.639996 
