1, 0.389434, 0, 1.251307 
2, 0.430846, -478.262598, 625, 51.916108 
3, 0.446607, -509.846750, 1250, 105.415840 
4, 0.479173, -306.355709, 1875, 246.275735 
5, 0.520987, -637.411604, 2500, 300.052902 
6, 0.530798, -550.730648, 3125, 777.069765 
7, 0.624558, -992.846877, 3750, 4603.067181 
8, 0.630267, -1146.765790, 4375, 5219.876523 
9, 0.631714, -801.476786, 5000, 5588.553865 
10, 0.632438, -1021.354105, 5625, 6306.423444 
11, 0.632438, -946.825276, 6250, 6600.306787 
1, 0.389434, -815.667849, 625, 11.476696 
2, 0.430846, -260.378523, 1250, 326.955232 
3, 0.446767, -422.203221, 1875, 682.157912 
4, 0.479173, -402.079539, 2500, 1581.658621 
5, 0.520987, -618.402507, 3125, 2000.112622 
6, 0.530798, -514.975092, 3750, 5128.390108 
7, 0.530798, -567.456357, 4375, 6623.631500 
