1, 0.389434, 0, 8.351352 
2, 0.404230, -402.812569, 625, 176.969196 
3, 0.515680, -190.683594, 1250, 614.713742 
4, 0.566581, -341.838418, 1875, 632.773528 
5, 0.635092, -803.324489, 2500, 676.482065 
6, 0.635413, -804.036078, 3125, 2727.826999 
7, 0.648118, -681.269485, 3750, 3184.107828 
8, 0.648279, -652.472387, 4375, 3248.383522 
9, 0.649244, -656.948581, 5000, 3456.024786 
10, 0.650772, -649.466405, 5625, 3487.097275 
11, 0.651013, -646.748842, 6250, 3515.274515 
12, 0.651013, -617.422358, 6875, 6603.665348 
1, 0.389434, -976.821579, 625, 71.064448 
2, 0.404230, -273.572997, 1250, 1482.012301 
3, 0.515680, -198.819094, 1875, 5049.023380 
4, 0.567224, -366.361840, 2500, 5162.530997 
5, 0.635092, -903.540889, 3125, 5448.311349 
6, 0.635092, -972.335913, 3750, 6638.391757 
