1, 0.451951, 0, 0.073381 
2, 0.452072, -827.505314, 625, 0.226811 
3, 0.452315, -764.036885, 1250, 748.274756 
4, 0.452375, -913.618433, 1875, 975.503432 
5, 0.453890, -987.250453, 2500, 985.054801 
6, 0.634089, -743.824936, 3125, 987.819769 
7, 0.634149, -775.782236, 3750, 1362.868296 
8, 0.634876, -810.634128, 4375, 5239.134124 
9, 0.635361, -577.049262, 5000, 6248.502995 
10, 0.635422, -665.204368, 5625, 6251.479132 
11, 0.635482, -340.088529, 6250, 6276.273715 
12, 0.635482, -353.626699, 6875, 6606.774115 
1, 0.451951, -827.505314, 625, 0.750061 
2, 0.452072, -764.036885, 1250, 0.987235 
3, 0.452315, -913.618433, 1875, 4371.083632 
4, 0.452375, -987.250453, 2500, 5992.486204 
5, 0.453890, -743.824936, 3125, 6060.692055 
6, 0.634089, -775.782236, 3750, 6075.601528 
7, 0.634089, -810.634128, 4375, 6615.069041 
