1, 0.451951, 0, 0.055731 
2, 0.456374, -631.010841, 625, 514.267817 
3, 0.494789, -663.019569, 1250, 1038.662069 
4, 0.497819, -651.882339, 1875, 1119.076229 
5, 0.501151, -681.858733, 2500, 1205.535822 
6, 0.607065, -647.236464, 3125, 1253.688473 
7, 0.616335, -649.410779, 3750, 1497.864965 
8, 0.618396, -627.377706, 4375, 1654.149557 
9, 0.620637, -583.278570, 5000, 1763.528184 
10, 0.624273, -330.188206, 5625, 1817.022781 
11, 0.625788, -715.224769, 6250, 1984.950152 
12, 0.625909, -680.941217, 6875, 2046.081977 
13, 0.626818, -787.860018, 7500, 2167.913584 
14, 0.626939, -730.667931, 8125, 2221.029032 
15, 0.626939, -750.086091, 8750, 6602.964419 
1, 0.451951, -981.698768, 625, 0.894723 
2, 0.452012, -765.438153, 1250, 629.891801 
3, 0.456374, -645.392158, 1875, 3732.727271 
4, 0.456374, -659.636659, 2500, 6621.625742 
