1, 0.167221, 0, 12.120538 
2, 0.197917, -121.349425, 625, 24.016136 
3, 0.327170, -472.430295, 1250, 64.836970 
4, 0.468195, -727.760780, 1875, 177.917700 
5, 0.555720, -737.992896, 2500, 862.056007 
6, 0.625555, -913.746088, 3125, 894.738985 
7, 0.627281, -893.392377, 3750, 966.465408 
8, 0.627712, -914.680469, 4375, 1192.475194 
9, 0.627712, -760.050829, 5000, 6609.970727 
1, 0.167221, -537.575407, 625, 100.139000 
2, 0.197917, -117.708737, 1250, 199.903960 
3, 0.327170, -523.740564, 1875, 524.583301 
4, 0.468195, -802.202791, 2500, 1283.636087 
5, 0.555720, -912.714430, 3125, 6537.021118 
6, 0.555720, -798.987289, 3750, 6663.322260 
