1, -127.370719, -110.615218, 104375, 15.508439 
2, -127.150325, -105.759078, 208125, 30.321110 
3, -118.755132, -104.032137, 519375, 88.409131 
4, -115.882695, -107.248019, 934375, 163.785754 
5, -114.828356, -114.643578, 4046875, 647.933434 
6, -107.245392, -110.925331, 5810625, 953.953639 
7, -101.745689, -81.598697, 20543125, 3711.910245 
8, -97.919850, -80.617200, 20646875, 3753.668600 
9, -66.913916, -58.931889, 20750625, 3797.130262 
10, -60.963462, -58.402373, 20854375, 3839.471829 
11, -15.928718, 24.802746, 22410625, 4685.570029 
12, 17.182575, 82.192616, 22825625, 5742.071095 
13, 33.379945, 113.339322, 22929375, 6075.473161 
14, 65.447911, 99.088599, 23033125, 6369.712459