1, -123.501434, -114.773234, 104375, 26.348988 
2, -121.029072, -103.791560, 208125, 56.034153 
3, -120.223858, -110.845797, 1038125, 238.760308 
4, -105.151756, -109.339945, 4254375, 821.591395 
5, -101.129300, -90.177536, 4358125, 851.168440 
6, -83.038257, -55.293057, 4980625, 1110.754462 
7, -78.492609, -70.495867, 5084375, 1158.513540 
8, -68.879646, -58.043002, 5188125, 1213.762900 
9, -59.884953, -44.273241, 9130625, 3524.296113 
10, -51.095827, -28.123871, 9338125, 3652.542998 
11, -50.774600, -18.586297, 9545625, 3770.914206 
12, -35.620707, -25.553887, 10790625, 4603.237997 
13, -29.922737, -32.871163, 11724375, 5241.124434 
