1, -114.173427, -111.603262, 104375, 28.648221 
2, -34.269012, -21.230908, 1038125, 263.565056 
3, -33.121386, -19.915507, 1141875, 328.745303 
4, -29.464412, -19.755023, 1245625, 396.988876 
5, -28.973064, -17.005825, 1660625, 681.414945 
6, -23.803926, -11.303001, 1764375, 748.635254 
7, -13.290883, -1.429539, 2075625, 945.409970 
8, -7.813900, 13.282822, 2801875, 1583.178434 
9, -4.977321, 7.089920, 3320625, 2053.562952 
10, -3.860514, 21.850278, 4358125, 2964.760687 
11, -1.634553, 7.080891, 5603125, 4063.246754 
12, 0.592734, 13.347801, 6329375, 4683.544872 
