1, -123.651162, -107.092003, 104375, 32.684790 
2, -98.356049, -71.174152, 208125, 65.634972 
3, -90.022995, -61.125276, 415625, 152.212599 
4, -86.722274, -73.693616, 519375, 190.086331 
5, -75.657580, -58.543626, 1141875, 497.118582 
6, -5.845156, 12.376306, 1971875, 972.132686 
7, 2.153009, 16.652875, 2075625, 1281.008362 
8, 3.832317, 69.744373, 2594375, 2531.774876 
9, 11.073117, 51.584318, 3009375, 3256.735912 
10, 12.920256, 53.483495, 3320625, 3945.853053 
11, 13.573755, 46.829073, 3528125, 4411.433105 
12, 18.500897, 85.489787, 3839375, 5112.149912 
13, 37.495537, 32.464753, 3943125, 5314.110183 
