1, -122.596415, -113.941783, 104375, 30.130442 
2, -111.216869, -112.296918, 1660625, 438.147762 
3, -102.174744, -67.787480, 5395625, 1431.721815 
4, -86.675036, -67.589857, 5499375, 1496.572933 
5, -73.730934, -56.838762, 5810625, 1701.304795 
6, -60.625735, -75.340495, 6121875, 1916.696435 
7, -38.553688, -24.432525, 6329375, 2089.857000 
8, -31.624761, -23.897977, 6536875, 2272.968658 
9, -30.615054, -18.484695, 6640625, 2391.318815 
10, -23.043960, 0.754221, 7263125, 3096.564572 
11, -6.774169, 7.693725, 7366875, 3344.789359 
12, -5.408048, 43.255124, 7470625, 3572.056868 
13, -1.790015, 29.378480, 7781875, 4174.647239 
14, 33.323970, 76.241530, 7989375, 4736.472727 
15, 40.223239, 72.740678, 8300625, 5713.301193 
