1, -112.784232, 0.517942, 21283, 235.834713 
2, -109.598622, 0.478850, 25039, 306.029845 
3, -107.072331, 0.546793, 31925, 565.408168 
4, -106.982256, 0.482473, 76997, 3161.046538 
5, -85.642637, 0.491744, 77623, 3201.193663 
6, -39.557007, 0.582178, 78249, 3224.370221 
7, -32.237297, 0.569221, 81379, 3416.568222 
8, -30.575116, 0.566312, 82005, 3485.580340 
9, -28.641410, 0.566180, 83257, 3619.836677 
10, -28.221240, 0.560465, 85761, 3852.854612 
11, -23.512977, 0.556169, 90769, 4338.526963 
12, -17.685574, 0.603521, 104541, 5909.401177 
13, -11.389411, 0.591989, 115809, 7143.868984 
14, -11.389411, 0.590946, 116435, 7200.097044 
