1, -113.225492, 0.550190, 7511, 38.348114 
2, -110.873486, 0.538574, 11267, 104.571615 
3, -108.576818, 0.493700, 14397, 194.017445 
4, -108.486716, 0.493514, 18153, 312.532109 
5, -107.429580, 0.479914, 19405, 345.679541 
6, -106.309836, 0.456586, 24413, 532.451258 
7, -105.787080, 0.425859, 63851, 3761.481251 
8, -93.551108, 0.474080, 74493, 5163.376593 
9, -92.779320, 0.473418, 75119, 5209.587405 
10, -82.916070, 0.473328, 75745, 5302.167697 
11, -78.536069, 0.511116, 78875, 5873.646789 
12, -68.501226, 0.510039, 79501, 5994.782134 
13, -63.379639, 0.502908, 84509, 7012.580894 
14, -63.379639, 0.500181, 85135, 7200.266597 
