1, -124.031986, 0.542803, 1877, 3.130037 
2, -112.693821, 0.548843, 12519, 95.153956 
3, -108.815238, 0.538842, 13145, 99.790918 
4, -108.734355, 0.483739, 21909, 215.813450 
5, -99.638374, 0.524943, 39437, 698.513905 
6, -98.160077, 0.521467, 40063, 713.892188 
7, -87.826277, 0.495076, 46323, 904.546753 
8, -70.584609, 0.530667, 55087, 1439.216108 
9, -35.666507, 0.525476, 60095, 1617.911023 
10, -17.014385, 0.607083, 69485, 2273.538192 
11, -11.975872, 0.606003, 70111, 2301.093122 
12, -3.567342, 0.582848, 76371, 2774.428400 
13, -0.334609, 0.564427, 82005, 3229.050577 
14, 7.242090, 0.553909, 87639, 3784.404363 
15, 9.801417, 0.535582, 100159, 5124.949743 
16, 13.895252, 0.532464, 105167, 5828.702486 
17, 13.895252, 0.531561, 112053, 7200.283934 
