1, -132.737495, 0.579127, 2503, 7.112910 
2, -118.448379, 0.550325, 3129, 10.341047 
3, -111.547504, 0.557269, 10641, 124.461009 
4, -111.050567, 0.538027, 13771, 182.242398 
5, -109.718086, 0.499484, 16275, 236.541823 
6, -105.102123, 0.490700, 16901, 247.122012 
7, -83.138317, 0.482627, 36933, 795.527677 
8, -70.091820, 0.482411, 37559, 817.497549 
9, -63.430494, 0.582447, 43819, 1185.557172 
10, -59.515327, 0.573839, 45071, 1263.249794 
11, -59.187624, 0.569617, 45697, 1301.977834 
12, -58.063662, 0.553532, 49453, 1651.713451 
13, -52.609795, 0.538692, 53835, 1908.371348 
14, 19.687836, 0.579634, 67607, 3621.835609 
15, 24.491375, 0.587140, 71363, 4083.094886 
16, 24.491375, 0.573455, 97029, 7200.314917 
