1, -245.885434, 0.655000, 1251, 2.389440 
2, -211.652508, 0.574005, 3129, 9.064871 
3, -186.377775, 0.582278, 3755, 12.477074 
4, -110.558457, 0.495060, 6885, 33.715601 
5, -74.951822, 0.522538, 9389, 75.063250 
6, -69.733999, 0.503486, 10641, 101.676241 
7, -68.574620, 0.498201, 11267, 110.203897 
8, -58.582423, 0.474923, 12519, 168.258328 
9, -51.893407, 0.467205, 30047, 1085.234421 
10, -49.382548, 0.471989, 31925, 1174.456035 
11, -45.731327, 0.470979, 32551, 1206.253532 
12, -43.793057, 0.488181, 36307, 1382.624149 
13, -41.753385, 0.489001, 36933, 1401.346408 
14, -39.238512, 0.493812, 43193, 1700.620872 
15, -35.005836, 0.490942, 45697, 1799.344855 
16, -35.005836, 0.500795, 108923, 7200.176502 
