1, -538.306878, 0.646140, 1877, 7.291688 
2, -342.356279, 0.634657, 3129, 14.126156 
3, -274.856830, 0.622208, 3755, 19.388519 
4, -263.372743, 0.608358, 4381, 22.237109 
5, -255.268483, 0.598498, 5007, 31.895315 
6, -236.726486, 0.580556, 5633, 36.959964 
7, -125.546503, 0.531614, 11267, 110.378827 
8, -118.921061, 0.508040, 13145, 133.339771 
9, -117.666307, 0.422011, 17527, 198.432075 
10, -116.088247, 0.413305, 18779, 224.936170 
11, -112.030793, 0.411893, 20657, 270.878923 
12, -89.989849, 0.480245, 28169, 659.630073 
13, -81.320982, 0.475595, 28795, 706.052525 
14, -79.660360, 0.467899, 30047, 794.229774 
15, -79.660360, 0.413593, 71363, 7200.443666 
