1, -129.114693, 0.537008, 3129, 13.217518 
2, -127.263194, 0.456777, 8137, 43.745305 
3, -120.600867, 0.601602, 10641, 68.701166 
4, -97.377299, 0.588964, 11267, 72.530900 
5, -95.863734, 0.546814, 20031, 214.587261 
6, -77.480054, 0.526304, 21909, 259.633793 
7, -62.140806, 0.584495, 23787, 316.422797 
8, -48.810921, 0.572037, 24413, 326.309540 
9, -23.736004, 0.540498, 30047, 522.591963 
10, -19.411022, 0.505441, 44445, 1186.198898 
11, 21.487583, 0.606634, 52583, 1841.623176 
12, 21.487583, 0.556169, 90143, 7200.163013 
