1, -132.090194, 0.525227, 8763, 54.112454 
2, -114.526085, 0.443627, 11893, 92.938408 
3, -110.660821, 0.504039, 13771, 144.005322 
4, -110.474191, 0.498451, 14397, 157.792899 
5, -106.207448, 0.543194, 16275, 210.723405 
6, -105.195320, 0.443983, 28795, 784.610322 
7, -54.580251, 0.561315, 70737, 4392.435643 
8, -50.802427, 0.554925, 71989, 4582.126485 
9, -45.009822, 0.548234, 73241, 4664.363185 
10, -37.074922, 0.532254, 77623, 5233.826493 
11, -15.788911, 0.527900, 83883, 6189.060675 
12, -15.317298, 0.512323, 89517, 6988.407341 
13, -15.317298, 0.516061, 91395, 7200.279858 
