1, -349.321242, 0.654987, 1877, 4.740436 
2, -301.834053, 0.653390, 2503, 6.758574 
3, -291.908295, 0.617602, 3129, 10.126719 
4, -289.277568, 0.477430, 6885, 32.570456 
5, -265.316132, 0.417883, 8763, 48.697987 
6, -249.906377, 0.447422, 10015, 63.521978 
7, -147.638434, 0.454330, 10641, 72.977651 
8, -144.965284, 0.425633, 11893, 102.866828 
9, -111.888245, 0.502256, 13145, 126.419077 
10, -111.318485, 0.493865, 13771, 142.684438 
11, -109.005097, 0.464083, 15649, 167.469002 
12, -107.876016, 0.457711, 17527, 206.295891 
13, -107.744481, 0.459431, 37559, 876.127700 
14, -105.140002, 0.457950, 41315, 1041.122687 
15, -65.265385, 0.611008, 42567, 1105.449916 
16, -52.676270, 0.595414, 44445, 1183.598699 
17, -49.117852, 0.579560, 45697, 1256.186211 
18, -43.695944, 0.526926, 55087, 1996.265012 
19, -40.529023, 0.512271, 59469, 2499.563050 
20, -38.886227, 0.501939, 65103, 2980.129581 
21, -36.481612, 0.478521, 85761, 6099.205038 
22, -36.481612, 0.473007, 90769, 7200.446273 
