1, -413.970454, 0.606000, 1251, 1.541250 
2, -369.285960, 0.700412, 2503, 6.933599 
3, -325.973453, 0.695045, 3129, 13.193737 
4, -286.369721, 0.654832, 3755, 16.181398 
5, -282.456954, 0.620561, 4381, 21.905630 
6, -219.584443, 0.600724, 5007, 25.837665 
7, -133.667548, 0.418468, 15649, 255.861580 
8, -127.779025, 0.409404, 24413, 433.922575 
9, -109.962669, 0.455060, 35681, 782.439663 
10, -109.943408, 0.446437, 36933, 828.494154 
11, -108.966561, 0.442797, 37559, 850.735552 
12, -108.921682, 0.432589, 43819, 1053.054579 
13, -108.847798, 0.438878, 46949, 1135.054759 
14, -107.652720, 0.447305, 54461, 1487.135711 
15, -89.320042, 0.466917, 55087, 1520.058794 
16, -79.701007, 0.484772, 72615, 2712.985778 
17, -78.919135, 0.480012, 75119, 2939.712071 
18, -78.919135, 0.487204, 114557, 7201.117260 
