1, -363.578629, 0.591288, 1877, 4.727291 
2, -352.420365, 0.599408, 5633, 31.655668 
3, -133.623832, 0.512833, 6885, 44.615434 
4, -129.050764, 0.494331, 8137, 53.737264 
5, -124.162537, 0.483516, 8763, 60.495831 
6, -120.391591, 0.473305, 9389, 65.349502 
7, -109.114957, 0.479288, 15023, 138.518356 
8, -107.680959, 0.491843, 21283, 268.774030 
9, -106.421494, 0.473901, 23161, 301.455525 
10, -44.282289, 0.606584, 35055, 699.735797 
11, -36.147944, 0.635744, 35681, 719.291318 
12, -30.329392, 0.721201, 36307, 748.613928 
13, -29.435176, 0.718365, 36933, 765.624299 
14, -28.575760, 0.712478, 37559, 804.478958 
15, -25.493103, 0.696566, 39437, 880.169543 
16, -23.585932, 0.693366, 40063, 906.913162 
17, -15.915048, 0.660266, 63225, 2124.306561 
18, 3.474330, 0.624303, 68859, 2471.061915 
19, 23.677664, 0.584245, 71363, 2845.453260 
20, 23.677664, 0.503726, 105793, 7200.676832 
