1, -538.695057, 0.698000, 1251, 3.430330 
2, -356.613469, 0.687771, 1877, 5.482211 
3, -236.796550, 0.566138, 5633, 36.519944 
4, -154.753768, 0.639840, 6259, 42.748098 
5, -152.750914, 0.619334, 6885, 48.376636 
6, -120.434612, 0.630435, 12519, 158.007957 
7, -111.378145, 0.613452, 13145, 196.694518 
8, -107.119587, 0.547680, 16901, 358.753716 
9, -99.933334, 0.538701, 17527, 386.616759 
10, -33.204175, 0.657936, 45071, 2788.377444 
11, -6.705388, 0.536708, 52583, 3804.933575 
12, 5.342964, 0.537805, 55087, 4110.220895 
13, 12.225048, 0.541487, 55713, 4140.781786 
14, 25.010747, 0.541639, 56965, 4254.592065 
15, 25.010747, 0.520755, 77623, 7200.800150 
