1, -484.784771, 0.701000, 1251, 2.114018 
2, -371.907160, 0.697653, 1877, 5.929232 
3, -342.255624, 0.642178, 2503, 8.205495 
4, -323.480734, 0.531097, 3129, 13.465897 
5, -125.087084, 0.735777, 4381, 19.445881 
6, -110.169862, 0.722190, 5633, 25.164216 
7, -96.232065, 0.709642, 6259, 27.811061 
8, -93.588574, 0.672664, 7511, 41.341377 
9, -23.380083, 0.510018, 19405, 358.628122 
10, -2.289265, 0.547215, 22535, 457.558371 
11, 15.903289, 0.531995, 25039, 587.782789 
12, 26.380575, 0.513387, 67607, 5512.317046 
13, 35.955574, 0.482520, 72615, 6555.798354 
14, 35.955574, 0.475603, 73867, 7200.680298 
