1, -567.708574, 0.619000, 1251, 3.854710 
2, -210.880907, 0.617133, 2503, 14.767880 
3, -191.471972, 0.581549, 3129, 18.584008 
4, -177.950168, 0.508234, 9389, 84.933904 
5, -109.912878, 0.590797, 11267, 124.683285 
6, -70.435966, 0.584572, 11893, 148.382055 
7, -55.237326, 0.517317, 20031, 462.063806 
8, -48.490417, 0.530461, 23161, 617.110201 
9, -46.907197, 0.528063, 25665, 717.738408 
10, -39.740616, 0.527637, 26917, 790.099784 
11, -20.088184, 0.564662, 30047, 978.692718 
12, -17.990573, 0.563442, 30673, 1002.438710 
13, 43.034977, 0.559340, 31299, 1041.927479 
14, 43.034977, 0.497508, 68859, 7201.358068 
