1, -129.074103, 0.576000, 1251, 1.844829 
2, -112.271646, 0.476441, 18779, 217.565710 
3, -108.676295, 0.496498, 19405, 237.317106 
4, -83.481552, 0.505089, 20031, 259.100160 
5, -48.571794, 0.579100, 24413, 392.215886 
6, -48.259048, 0.579319, 25039, 404.149718 
7, -42.987511, 0.575416, 26291, 455.512249 
8, -38.456222, 0.571453, 28795, 555.700650 
9, -29.824522, 0.569891, 30047, 585.961299 
10, -19.075796, 0.556231, 33177, 696.235996 
11, -17.316354, 0.577645, 66355, 3023.083791 
12, -8.606515, 0.577853, 66981, 3078.552466 
13, 33.279333, 0.581215, 68233, 3342.965703 
14, 33.279333, 0.579656, 86387, 7200.659002 
