1, -557.479798, 0.607000, 1251, 3.464236 
2, -272.023027, 0.613488, 3755, 13.137198 
3, -123.583825, 0.509073, 8137, 56.549800 
4, -121.164521, 0.493815, 8763, 62.197536 
5, -120.983651, 0.474811, 10015, 69.550825 
6, -118.984269, 0.467245, 10641, 82.571203 
7, -116.725352, 0.445728, 11893, 97.347316 
8, -114.883936, 0.433642, 13145, 111.615017 
9, -113.078194, 0.445915, 16901, 156.506511 
10, -110.589312, 0.434658, 20657, 265.999080 
11, -108.608989, 0.423776, 26917, 585.001614 
12, -105.233426, 0.428830, 41941, 1293.023297 
13, -104.720125, 0.465928, 59469, 2467.941435 
14, -68.566221, 0.604836, 68859, 3011.142844 
15, -64.720110, 0.579777, 75119, 3657.514622 
16, -45.794502, 0.569649, 76997, 3927.427096 
17, -36.045903, 0.567967, 79501, 4436.651122 
18, -30.653013, 0.586855, 80127, 4523.606356 
19, -30.098744, 0.585973, 84509, 5012.608096 
20, -29.911543, 0.576245, 91395, 6195.848008 
21, -20.803091, 0.576473, 92647, 6364.512829 
22, -20.803091, 0.566657, 99533, 7200.326024 
