1, -118.929525, -99.457714, 104375, 39.654291 
2, -113.703427, -105.840492, 519375, 138.676409 
3, -111.054210, -104.865463, 623125, 182.242107 
4, -96.442011, -36.298291, 726875, 280.604198 
5, -81.290862, -41.876949, 830625, 410.089505 
6, -79.043871, -39.790085, 934375, 557.184550 
7, -70.037802, -39.401905, 1038125, 698.077632 
8, -44.753381, -35.362514, 1245625, 944.470148 
9, -41.060850, -30.184348, 1453125, 1047.476175 
10, -38.481328, -33.220457, 1868125, 1262.776709 
11, -35.826070, -21.356111, 2283125, 1519.365065 
12, -35.617090, -21.842393, 2698125, 1759.618032 
13, -25.588988, -19.713415, 2905625, 1871.292986 
14, -22.166325, -23.158854, 3009375, 1925.777479 
15, -19.854207, -5.554862, 4461875, 2737.371364 
16, -17.630423, -6.908502, 5291875, 3240.278463 
17, -15.520592, -10.101210, 5499375, 3366.797487 
18, -11.542671, -6.369055, 5706875, 3495.588603 
