1, -121.399958, -100.650995, 104375, 41.640238 
2, -119.239186, -106.437018, 415625, 155.745140 
3, -113.093376, -107.793962, 519375, 191.233406 
4, -111.604483, -107.990458, 623125, 223.913861 
5, -108.203340, -105.010938, 830625, 291.743555 
6, -23.020670, -8.437643, 1038125, 381.617948 
7, -17.118003, 17.821962, 1245625, 593.765840 
8, -15.163198, 42.288083, 1349375, 745.758392 
9, 3.940274, 51.562327, 1453125, 905.948777 
10, 34.330422, 53.281638, 1556875, 1067.718920 
11, 36.303820, 61.518483, 2490625, 2885.294352 
12, 51.514804, 85.513675, 2801875, 3471.836442 
13, 98.381625, 113.786718, 3113125, 4374.880627 
