1, -124.180208, -105.633166, 104375, 40.591270 
2, -122.744270, -113.169441, 208125, 91.503741 
3, -121.785481, -112.217547, 519375, 185.420068 
4, -104.592432, -104.672594, 726875, 230.759529 
5, -103.380162, -103.013105, 3216875, 782.134678 
6, -68.657000, -51.826172, 3320625, 825.787156 
7, -41.186983, -38.751494, 3424375, 874.142365 
8, -36.006306, -7.925162, 3631875, 973.845009 
9, -24.282448, 15.498797, 5188125, 1835.313146 
10, -17.531848, 16.804111, 5395625, 1965.604774 
11, -11.196858, 53.955339, 5499375, 2036.964383 
12, -2.376213, 19.818272, 5706875, 2189.976284 
13, 8.446726, 42.796315, 5914375, 2344.879927 
14, 9.329347, 28.237807, 6329375, 2690.570878 
15, 9.814629, 44.848697, 7781875, 4156.122947 
