1, -109.930123, -82.362668, 104375, 34.243397 
2, -86.387117, -47.723571, 208125, 97.895304 
3, -55.025627, -50.485356, 311875, 158.589377 
4, -27.766523, -17.316328, 623125, 342.716353 
5, -20.032963, -19.389583, 1141875, 816.979004 
6, -18.684113, 7.663121, 1349375, 1475.002249 
7, 4.676208, 44.084177, 1453125, 1830.238657 
8, 11.704191, 55.261449, 1556875, 2233.081920 
9, 30.578872, 54.500982, 2075625, 3935.470854 
10, 39.142084, 107.725137, 2179375, 4447.958178 
11, 45.836449, 121.642840, 2283125, 5118.320033 
