1, -128.750910, -103.332111, 104375, 28.136657 
2, -125.558671, -111.080572, 519375, 126.455878 
3, -91.203528, -74.094508, 726875, 188.003981 
4, -88.076157, -54.930580, 1453125, 433.794639 
5, -78.347006, -56.659685, 1556875, 464.641204 
6, -66.002768, -36.588327, 5706875, 1812.885771 
7, -64.731248, -51.000262, 5914375, 1893.312135 
8, -63.446875, -39.440252, 7366875, 2500.050605 
9, -60.228181, -43.794456, 7885625, 2781.356130 
10, -58.579199, -30.196656, 8923125, 3276.022565 
11, -53.015751, -40.908270, 9234375, 3428.359339 
