1, -139.465160, -107.782897, 104375, 29.011383 
2, -131.802098, -110.229386, 208125, 52.440247 
3, -130.487340, -109.268092, 311875, 72.454440 
4, -126.848708, -111.497055, 415625, 96.997509 
5, -124.157198, -110.855139, 1038125, 240.075520 
6, -118.367037, -114.913039, 1245625, 281.929142 
7, -117.203403, -117.462380, 2283125, 499.427778 
8, -114.588799, -106.086378, 2905625, 632.740632 
9, -112.086305, -106.121311, 3320625, 741.207847 
10, -65.665179, -29.468749, 3424375, 805.744177 
11, -48.282619, -10.015854, 3528125, 1002.893286 
12, -44.200563, -17.244571, 3735625, 1303.359787 
13, -41.625458, -11.563985, 3943125, 1560.287072 
14, -8.963005, 1.729736, 4461875, 2561.139123 
15, -6.205433, -12.517810, 6018125, 6285.209976 
