1, -134.834153, -104.944697, 104375, 19.713599 
2, -125.551245, -104.323279, 415625, 73.385028 
3, -109.495089, -103.905343, 519375, 114.268897 
4, -107.886718, -105.289695, 1038125, 321.835162 
5, -76.983129, -46.535877, 1141875, 384.189652 
6, -45.272544, -37.415044, 1245625, 477.524541 
7, -35.742687, -18.319772, 1453125, 759.330385 
8, -31.296944, -18.200525, 1556875, 877.862534 
9, -29.613243, -12.919596, 1660625, 1014.351755 
10, -25.084871, -7.828885, 1868125, 1279.200622 
11, -1.319721, 17.368261, 1971875, 1397.933335 
12, 1.609845, 16.830267, 2386875, 1911.953525 
13, 2.254022, 26.231084, 2801875, 2397.744644 
14, 11.381401, 21.628517, 3113125, 2768.790057 
15, 19.393167, 19.467255, 3216875, 2892.287840 
16, 24.051245, 25.940826, 3631875, 3401.792602 
17, 25.400390, 37.306884, 4358125, 4636.172014 
18, 26.021187, 36.103927, 4980625, 5558.497477 
