1, -109.593808, -84.427517, 104375, 66.266822 
2, -107.744309, -77.548990, 519375, 245.678123 
3, -104.333211, -72.283853, 623125, 284.914936 
4, -97.561716, -64.307835, 726875, 329.451679 
5, -95.537239, -64.632824, 830625, 372.892061 
6, -90.661484, -73.922134, 1038125, 458.038736 
7, -83.501134, -63.772989, 1453125, 646.131690 
8, -67.054888, -70.557439, 4876875, 2149.449602 
9, -65.567930, -65.011356, 7989375, 3553.163189 
10, -60.539959, -61.814521, 10375625, 4529.318614 
11, -46.312524, -43.294564, 12658125, 5353.392570 
