1, -126.905885, -107.048860, 104375, 40.827437 
2, -121.748001, -105.333016, 415625, 111.941356 
3, -115.281439, -109.156250, 519375, 135.931815 
4, -112.590735, -109.319950, 1971875, 458.091328 
5, -111.194294, -108.572112, 3528125, 832.286246 
6, -107.178375, -106.674625, 3735625, 876.280926 
7, -106.556932, -102.865123, 7055625, 1643.964657 
8, -106.296526, -76.071327, 7781875, 1923.052288 
9, -92.494411, -74.547465, 7989375, 2031.669802 
10, -79.336304, -64.529742, 8404375, 2250.613782 
11, -49.220973, -19.450764, 8508125, 2382.732414 
12, -17.647281, 7.461199, 8611875, 2543.148692 
13, -11.133288, 28.323422, 8715625, 2912.273000 
14, -4.900220, 27.371291, 8819375, 3271.202306 
15, -3.509755, 29.127956, 8923125, 3673.637324 
16, -2.202156, 37.653390, 9026875, 3981.780652 
17, -1.533439, 47.992163, 9130625, 4221.480067 
18, 17.677387, 61.703545, 9234375, 4515.298966 
19, 29.447508, 54.044245, 9338125, 4881.458727 
20, 36.895765, 85.718924, 9441875, 5479.861731 
