1, -690.060197, 0.364979, 1877, 4.323126 
2, -676.154378, 0.511191, 3129, 12.659353 
3, -504.499970, 0.579517, 3755, 17.877342 
4, -112.785427, 0.519137, 6259, 34.396303 
5, -112.114775, 0.527554, 7511, 45.051255 
6, -112.075542, 0.504206, 9389, 63.230891 
7, -111.826976, 0.479667, 10641, 76.550843 
8, -110.923797, 0.467545, 11267, 87.989380 
9, -108.538855, 0.497944, 29421, 521.002083 
10, -108.081010, 0.509137, 39437, 815.406599 
11, -107.459857, 0.512259, 48827, 1239.107103 
12, -98.061384, 0.514950, 50705, 1376.067112 
13, -95.824050, 0.517645, 53835, 1567.501701 
14, -83.343354, 0.507227, 58217, 1752.160551 
15, -46.943946, 0.537997, 76371, 3320.278974 
16, -39.690611, 0.533961, 76997, 3384.938936 
17, -22.929474, 0.513043, 82631, 4038.558425 
18, 4.029715, 0.490078, 85135, 4373.666646 
19, 4.029715, 0.464444, 102663, 7200.179143 
