1, -178.398137, 0.561214, 5633, 27.828751 
2, -167.598796, 0.505044, 8137, 55.229792 
3, -133.762143, 0.496348, 11893, 109.879978 
4, -132.314209, 0.491071, 12519, 113.622569 
5, -131.903929, 0.487788, 13145, 119.106850 
6, -131.315994, 0.487765, 15649, 180.411721 
7, -90.005423, 0.484267, 16275, 194.432376 
8, -20.890429, 0.556085, 16901, 212.798850 
9, 25.607750, 0.563586, 17527, 226.929318 
10, 29.497931, 0.512654, 22535, 417.321315 
11, 37.752572, 0.537076, 29421, 705.799204 
12, 41.779498, 0.490543, 71989, 4655.612859 
13, 41.779498, 0.524213, 90143, 7200.847270 
