1, -137.716630, 0.366843, 2503, 8.246459 
2, -126.302144, 0.566449, 5007, 25.527706 
3, -90.618505, 0.682353, 7511, 53.617157 
4, -90.572826, 0.654243, 8137, 59.826752 
5, -82.858015, 0.620740, 8763, 67.184513 
6, -75.042397, 0.569647, 11893, 118.276623 
7, -66.119997, 0.525576, 15023, 201.844686 
8, -64.368305, 0.526868, 18153, 298.156205 
9, -57.528370, 0.586326, 23161, 450.160960 
10, -54.457807, 0.520272, 26291, 589.648162 
11, -47.340001, 0.512309, 27543, 647.101287 
12, -42.438303, 0.487394, 30673, 840.723137 
13, -41.641630, 0.496514, 33803, 1110.621954 
14, -34.933174, 0.502004, 38811, 1438.657782 
15, -31.938910, 0.473287, 55713, 3272.410031 
16, 34.532015, 0.562125, 58843, 3680.946352 
17, 45.942021, 0.547164, 59469, 3791.879458 
18, 98.695851, 0.598599, 64477, 4589.935710 
19, 117.884841, 0.596936, 66981, 5148.880419 
20, 117.884841, 0.568451, 76997, 7200.155302 
