1, -838.016778, 0.476608, 1251, 2.925777 
2, -158.598111, 0.459821, 1877, 5.586520 
3, -134.929452, 0.476676, 3755, 12.693321 
4, -112.075576, 0.485806, 11267, 85.046163 
5, -85.453324, 0.513062, 12519, 107.492725 
6, -80.906599, 0.460682, 14397, 159.524923 
7, -79.621808, 0.467545, 15023, 168.015359 
8, -62.506880, 0.478927, 18153, 245.509122 
9, -50.414371, 0.431446, 34429, 1002.236623 
10, -31.396698, 0.448511, 80127, 5123.610882 
11, -4.374601, 0.467728, 82631, 5481.293421 
12, 7.387769, 0.462958, 91395, 6826.907008 
13, 7.387769, 0.460377, 93899, 7200.122721 
