1, -866.494221, 0.643275, 1251, 2.306345 
2, -789.061813, 0.434783, 2503, 6.307228 
3, -542.507343, 0.613748, 3129, 8.253916 
4, -135.640180, 0.576419, 3755, 9.451318 
5, -135.569439, 0.525490, 4381, 11.785158 
6, -112.836618, 0.565666, 6885, 31.354961 
7, -109.472404, 0.551750, 8763, 47.076701 
8, -106.545522, 0.680744, 9389, 56.772104 
9, -103.295896, 0.510067, 23161, 437.992099 
10, -101.140194, 0.476990, 41315, 1534.809887 
11, -69.866897, 0.492847, 43193, 1670.956519 
12, -56.885760, 0.478143, 52583, 2643.688294 
13, -20.497276, 0.484283, 54461, 2839.563270 
14, -20.497276, 0.543448, 89517, 7200.588808 
