1, -385.912061, 0.455657, 3129, 9.486374 
2, -234.743218, 0.571036, 5007, 21.311666 
3, -230.935086, 0.577337, 6259, 32.310869 
4, -208.217678, 0.495696, 10015, 82.349557 
5, -74.182226, 0.637384, 10641, 91.044989 
6, -33.799617, 0.624465, 12519, 120.018646 
7, -25.564920, 0.620123, 13145, 131.266113 
8, -11.024378, 0.644302, 15023, 166.027047 
9, -6.502975, 0.635679, 16275, 192.976519 
10, -0.019932, 0.620429, 20657, 326.708938 
11, 5.059247, 0.628129, 26291, 543.825860 
12, 35.445686, 0.559102, 36307, 1190.848098 
13, 35.445686, 0.511727, 82005, 7200.474002 
