1, -482.333721, 0.643275, 1251, 1.169957 
2, -367.649641, 0.497253, 3129, 8.863294 
3, -303.962636, 0.473225, 3755, 12.279690 
4, -133.318966, 0.568793, 7511, 46.448859 
5, -98.779876, 0.569111, 8137, 54.073027 
6, -71.252822, 0.584677, 8763, 61.776859 
7, -36.978890, 0.564907, 14397, 169.003224 
8, -33.010961, 0.535872, 16275, 210.753615 
9, 22.235841, 0.570151, 20031, 349.978911 
10, 40.956976, 0.484633, 20657, 375.896125 
11, 83.129669, 0.525256, 21909, 431.770757 
12, 105.140760, 0.501472, 26917, 658.519768 
13, 110.500114, 0.454939, 31925, 956.240754 
14, 125.480971, 0.421898, 33803, 1118.080134 
15, 131.185349, 0.402293, 61973, 5159.514974 
16, 131.185349, 0.472687, 74493, 7200.402272 
