1, -552.730812, 0.628655, 1251, 2.511350 
2, -524.308932, 0.479911, 1877, 5.589068 
3, -230.844938, 0.645105, 2503, 9.212814 
4, -144.183893, 0.628483, 3129, 16.638197 
5, -136.585614, 0.603667, 3755, 20.490056 
6, -135.778381, 0.567296, 4381, 22.268878 
7, -114.307327, 0.484277, 5633, 29.783187 
8, -110.962601, 0.513406, 6259, 33.573148 
9, -109.394214, 0.493062, 6885, 36.802434 
10, -105.585494, 0.650175, 11893, 98.667522 
11, -67.827232, 0.618440, 15023, 162.167440 
12, -60.772249, 0.616408, 18779, 268.126762 
13, -60.269120, 0.509444, 21909, 404.403421 
14, 5.954662, 0.506502, 23161, 463.014332 
15, 11.575453, 0.464833, 38811, 1391.724781 
16, 23.739845, 0.460858, 39437, 1439.139435 
17, 23.739845, 0.434145, 78875, 7201.035740 
