1, -537.875541, 0.000000, 625, 0.205593 
1, -467.141158, 0.450820, 2503, 5.882215 
2, -295.696185, 0.516837, 3129, 11.183380 
3, -253.316005, 0.685824, 5007, 47.126168 
4, -229.755991, 0.646910, 6259, 60.422943 
5, -166.470650, 0.619825, 16275, 289.714864 
6, -164.759242, 0.544684, 30047, 1226.973910 
7, -153.988615, 0.522743, 39437, 1934.631701 
8, -147.758830, 0.586445, 45697, 2547.747368 
9, -142.251670, 0.584438, 46323, 2614.988814 
10, -80.932956, 0.620098, 47575, 2723.273362 
11, -63.743657, 0.617031, 50079, 3009.084199 
12, -57.615912, 0.595128, 58217, 3645.686200 
13, -47.500060, 0.569160, 75119, 5528.488830 
14, -47.500060, 0.635511, 84509, 7200.157094 
