1, -554.767069, 0.000000, 625, 0.251490 
1, -335.946259, 0.478326, 3129, 11.233876 
2, -180.513748, 0.703518, 4381, 23.742598 
3, -159.431385, 0.633011, 5007, 34.949954 
4, -154.437228, 0.748584, 8763, 96.277869 
5, -146.477312, 0.730769, 9389, 114.981288 
6, -114.298340, 0.669571, 12519, 177.245016 
7, -89.708745, 0.648723, 15649, 260.317991 
8, -19.208319, 0.747235, 16275, 284.709648 
9, -17.134834, 0.734658, 17527, 342.438977 
10, -10.226662, 0.702988, 21909, 523.228139 
11, 1.502595, 0.691133, 24413, 634.269725 
12, 19.672902, 0.691008, 25039, 665.455440 
13, 41.479358, 0.691166, 25665, 706.372970 
14, 41.857596, 0.655822, 31299, 1015.113137 
15, 46.788578, 0.617302, 35055, 1263.061563 
16, 59.171868, 0.592696, 38185, 1652.739741 
17, 91.883811, 0.592387, 45071, 2533.328506 
18, 92.449043, 0.585388, 46323, 2658.681067 
19, 92.449043, 0.487095, 71989, 7200.620440 
