1, -636.854979, 0.000000, 625, 0.306263 
1, -491.889835, 0.525386, 1877, 4.452622 
2, -413.341052, 0.677064, 2503, 7.701943 
3, -377.221256, 0.567347, 3129, 12.340342 
4, -117.145545, 0.477675, 4381, 24.181926 
5, -113.956820, 0.545499, 36933, 829.352900 
6, -109.718300, 0.539748, 38811, 913.453591 
7, -47.537248, 0.577962, 41941, 1036.622645 
8, -43.021226, 0.570585, 47575, 1285.104279 
9, -33.972746, 0.571136, 75119, 2921.184282 
10, -26.131871, 0.568659, 78249, 3153.703579 
11, -24.015223, 0.572624, 82005, 3522.842981 
12, -13.110462, 0.662468, 84509, 3752.695163 
13, 40.973856, 0.720172, 88891, 4141.328810 
14, 152.980867, 0.705116, 92021, 4481.955204 
15, 152.980867, 0.602770, 111427, 7200.111817 
