1, -131.017014, 0.000000, 625, 0.148621 
1, -115.976411, 0.433230, 2503, 7.125052 
2, -114.054351, 0.509278, 33177, 688.810740 
3, -109.756225, 0.510899, 38811, 912.474793 
4, -107.217460, 0.503989, 40063, 974.221604 
5, -103.926763, 0.679924, 61347, 2154.496052 
6, -73.647420, 0.663444, 64477, 2419.082124 
7, -36.847788, 0.661072, 65729, 2523.291992 
8, -25.395316, 0.606133, 66981, 2586.658391 
9, -22.690848, 0.606509, 68859, 2767.068568 
10, -21.419491, 0.588767, 80127, 3743.590366 
11, -19.961649, 0.560322, 89517, 5036.881579 
12, -17.504899, 0.561081, 98281, 6287.562814 
13, -14.148870, 0.562732, 101411, 6727.222163 
14, -14.148870, 0.650549, 104541, 7200.248904 
