1, -644.929741, 0.000000, 625, 0.617738 
1, -641.150087, 0.632721, 1877, 8.095284 
2, -589.277364, 0.540323, 2503, 12.055366 
3, -245.975392, 0.550725, 3755, 20.513824 
4, -225.067484, 0.528527, 8137, 74.377951 
5, -101.531396, 0.481383, 10641, 117.076720 
6, -100.769929, 0.515781, 13145, 172.093831 
7, -93.614975, 0.522705, 20657, 419.602585 
8, -13.561792, 0.543732, 28169, 815.132548 
9, 12.577514, 0.539996, 47575, 2222.251006 
10, 25.680878, 0.541352, 78875, 5756.291122 
11, 34.770449, 0.545668, 80127, 5857.264511 
12, 34.770449, 0.578662, 88265, 7200.665971 
