1, -940.068477, 0.000000, 625, 0.726023 
1, -799.258419, 0.629333, 1251, 3.354160 
2, -600.396873, 0.628272, 2503, 8.376235 
3, -328.872361, 0.577810, 3129, 10.406417 
4, -129.279703, 0.673333, 4381, 39.904513 
5, -115.408900, 0.628731, 22535, 536.540087 
6, -79.242627, 0.604099, 24413, 605.730844 
7, -57.406312, 0.597748, 27543, 753.658568 
8, -57.186641, 0.596123, 28795, 821.487833 
9, -13.964314, 0.656957, 32551, 1121.949182 
10, 49.650054, 0.648813, 34429, 1281.809612 
11, 49.650054, 0.473927, 75745, 7200.687436 
