1, 132.608307, 0.000000, 50, 12.884161 
1, 155.098031, 230.893020, 4250, 668.839891 
2, 176.369884, 217.352833, 8450, 1450.813202 
3, 203.770262, 210.385688, 12650, 2342.683802 
4, 207.109960, 235.404950, 33650, 5765.747885 
5, 207.109960, 231.428754, 41300, 7200.119072 
1, 132.608307, 0.000000, 50, 11.998853 
1, 155.098031, 230.893020, 4250, 676.407053 
2, 176.369884, 217.352833, 8450, 1462.015603 
3, 203.770262, 210.385688, 12650, 2384.100625 
4, 207.109960, 235.404950, 33650, 6216.688727 
5, 207.109960, 217.064747, 38250, 7213.776750 
