1, 0.185185, -581.072407, 625, 0.215574 
2, 0.231481, -289.496625, 1250, 0.215907 
3, 0.483333, -556.453628, 1875, 0.924985 
4, 0.511111, -450.176326, 2500, 2.248742 
5, 0.542593, -746.774343, 3125, 4.560581 
6, 0.553704, -691.617555, 3750, 6.988855 
7, 0.559259, -814.379116, 4375, 9.651731 
8, 0.579630, -786.359517, 5000, 16.198455 
1, 0.185185, -581.072407, 625, 0.332437 
2, 0.231481, -289.496625, 1250, 0.333750 
3, 0.483333, -556.453628, 1875, 1.495865 
4, 0.511111, -450.176326, 2500, 3.690670 
5, 0.542593, -746.774343, 3125, 6.518946 
