0, 9.350000, 0.000000, 100, 0.655603 
1, 197.980000, 0.892000, 200, 44.021873 
2, 423.720000, 0.953912, 503, 201.499021 
3, 436.000000, 0.928882, 604, 258.359358 
4, 438.840000, 0.934859, 705, 326.611545 
5, 440.850000, 0.929327, 806, 382.628885 
6, 444.320000, 0.928758, 1008, 482.162193 
7, 444.380000, 0.928973, 1109, 548.123394 
8, 452.680000, 0.929621, 1210, 621.671898 
9, 454.770000, 0.925237, 1513, 876.193126 
10, 456.960000, 0.928455, 2220, 1516.535424 
11, 456.960000, 0.922119, 3534, 3604.823242 
