1, -439.627849, 0.622000, 1251, 4.325820 
2, -111.476808, 0.623897, 2503, 14.231583 
3, -107.161282, 0.579721, 3755, 26.981171 
4, -78.215074, 0.576781, 10015, 104.614198 
5, -28.844863, 0.645263, 10641, 132.506325 
6, -28.479325, 0.639069, 11267, 149.882731 
7, -16.633952, 0.630170, 11893, 170.315279 
8, -15.782316, 0.625493, 12519, 176.210727 
9, -8.696989, 0.608696, 13771, 224.620229 
10, -6.063920, 0.587608, 15023, 283.995673 
11, -2.586581, 0.549616, 16275, 356.101280 
12, 4.295087, 0.560118, 18153, 431.127029 
13, 10.915316, 0.568726, 21909, 596.133252 
14, 19.301362, 0.545404, 26917, 885.087660 
15, 22.823330, 0.541681, 29421, 1109.171291 
16, 34.146907, 0.551040, 30673, 1166.293795 
17, 39.792688, 0.500000, 36933, 1756.929196 
18, 45.958104, 0.515386, 38185, 1860.860975 
19, 45.958104, 0.464995, 76371, 7200.400858 
