1, -203.208733, 0.605000, 1251, 2.473346 
2, -190.651860, 0.667262, 5007, 27.249113 
3, -164.714287, 0.624587, 6259, 44.311785 
4, -152.647436, 0.604589, 6885, 50.584374 
5, -134.155028, 0.540424, 10641, 80.768450 
6, -121.108994, 0.536204, 11893, 94.142309 
7, -111.806691, 0.508067, 21283, 230.685158 
8, -102.391108, 0.525432, 23161, 292.862640 
9, -97.133893, 0.529623, 24413, 329.843956 
10, -90.135728, 0.505845, 28795, 478.241450 
11, -86.563750, 0.494302, 30047, 529.527447 
12, -28.524341, 0.517517, 30673, 560.854023 
13, -25.877048, 0.518798, 31299, 586.581665 
14, -21.139564, 0.515147, 32551, 659.221788 
15, -2.750630, 0.481011, 53209, 2130.373700 
16, 15.599464, 0.481324, 58843, 2653.894947 
17, 33.381068, 0.655967, 63225, 3039.022960 
18, 38.274523, 0.663383, 63851, 3135.186678 
19, 51.904492, 0.660469, 64477, 3222.728491 
20, 99.480749, 0.649454, 65103, 3365.847464 
21, 99.480749, 0.533843, 85135, 7200.048073 
