1, -493.235099, 0.616000, 1251, 3.578636 
2, -488.722427, 0.589623, 1877, 6.216623 
3, -335.200115, 0.685639, 2503, 10.391277 
4, -312.652377, 0.620125, 3129, 14.084628 
5, -255.815911, 0.504532, 4381, 32.960919 
6, -110.347446, 0.504878, 11267, 126.874718 
7, -104.812077, 0.491592, 12519, 150.621218 
8, -3.347001, 0.577230, 40063, 1158.549567 
9, 17.269633, 0.563928, 42567, 1287.786954 
10, 106.356371, 0.669753, 43193, 1361.397217 
11, 115.190465, 0.452697, 53835, 2795.747855 
12, 119.055498, 0.450502, 65103, 4465.595104 
13, 132.620287, 0.436285, 66981, 4787.324855 
14, 132.620287, 0.551678, 80753, 7201.077120 
