1, -534.920809, 0.616000, 1251, 3.065772 
2, -360.681801, 0.538401, 3755, 14.053983 
3, -332.556020, 0.539326, 5007, 26.200760 
4, -197.523607, 0.590465, 6259, 38.200363 
5, -135.809202, 0.540146, 8763, 62.671584 
6, -135.759424, 0.492524, 10641, 86.526746 
7, -134.253138, 0.474687, 18779, 214.852291 
8, -133.197829, 0.466201, 19405, 232.605278 
9, -130.902084, 0.460230, 20031, 251.468639 
10, -125.814337, 0.464230, 21283, 266.385302 
11, -109.862047, 0.511785, 33803, 642.394390 
12, -108.620588, 0.512858, 34429, 664.444044 
13, -108.528030, 0.482429, 40063, 920.966371 
14, -108.204543, 0.484164, 41315, 967.763312 
15, -84.746931, 0.502255, 42567, 1031.943936 
16, -77.660115, 0.502444, 44445, 1103.718462 
17, -73.945135, 0.496367, 45071, 1130.817173 
18, -62.624699, 0.496755, 48201, 1268.527565 
19, -61.662327, 0.476055, 65103, 2596.996044 
20, -61.662327, 0.467527, 102663, 7200.348346 
