1, -321.429920, 0.701000, 1251, 3.183825 
2, -321.259318, 0.616190, 3755, 20.150593 
3, -228.712430, 0.617680, 5633, 34.338795 
4, -123.621319, 0.600545, 6259, 40.247882 
5, -122.843154, 0.536184, 8763, 67.396004 
6, -119.160899, 0.516564, 10015, 82.245228 
7, -118.644494, 0.501573, 13145, 144.779711 
8, -99.381068, 0.463878, 24413, 381.688072 
9, -97.252216, 0.495120, 28169, 505.174093 
10, -92.789538, 0.492976, 30047, 575.038342 
11, -70.491646, 0.582289, 33803, 727.072776 
12, -49.286332, 0.523206, 37559, 958.690532 
13, -29.852974, 0.556164, 40689, 1187.618664 
14, -19.615766, 0.553966, 41941, 1265.194071 
15, -17.693189, 0.524557, 45697, 1611.029721 
16, -14.718009, 0.528584, 46949, 1702.929748 
17, -1.868870, 0.512167, 60095, 3092.202338 
18, 6.679938, 0.512371, 63851, 3607.516562 
19, 6.679938, 0.491931, 88265, 7200.159585 
