1, -484.078878, 0.657092, 1877, 7.435503 
2, -307.738250, 0.644205, 4381, 26.801365 
3, -254.263266, 0.623537, 5007, 33.468532 
4, -135.410347, 0.611469, 6885, 54.058026 
5, -121.069926, 0.594963, 8137, 65.227880 
6, -117.642858, 0.603806, 9389, 88.830824 
7, -98.334322, 0.537983, 11893, 127.977314 
8, -72.031142, 0.466969, 33177, 811.435266 
9, -70.794024, 0.453621, 36307, 952.175907 
10, -6.910020, 0.475739, 38811, 1121.319840 
11, -6.665282, 0.486685, 44445, 1536.638231 
12, 4.733674, 0.496329, 49453, 1962.465996 
13, 14.446691, 0.473405, 55087, 2675.700512 
14, 46.806614, 0.487574, 72615, 4956.678760 
15, 46.806614, 0.495787, 85761, 7200.150851 
