1, -691.553187, 0.708178, 1877, 8.339466 
2, -583.998527, 0.693679, 3129, 23.067512 
3, -583.263469, 0.668981, 3755, 28.233166 
4, -575.096860, 0.593674, 5007, 40.474950 
5, -383.575090, 0.576901, 5633, 46.419600 
6, -382.168427, 0.585277, 6259, 50.038870 
7, -306.102125, 0.560953, 7511, 70.792173 
8, -139.871881, 0.530327, 8763, 94.238999 
9, -109.686395, 0.655093, 9389, 105.000716 
10, -107.697921, 0.638806, 10015, 115.221152 
11, -104.293692, 0.610146, 11893, 146.963581 
12, -101.148383, 0.600068, 12519, 156.495843 
13, -94.746327, 0.580519, 13771, 170.795243 
14, -22.912048, 0.671454, 19405, 332.037366 
15, 14.808299, 0.653076, 20031, 350.390100 
16, 46.682352, 0.549369, 27543, 587.312580 
17, 143.685343, 0.519489, 39437, 1241.047497 
18, 159.386051, 0.504900, 40689, 1320.233645 
19, 162.461762, 0.444102, 75745, 5195.589183 
20, 193.795608, 0.434069, 80127, 5980.385707 
21, 193.795608, 0.436103, 88891, 7200.543109 
