1, -436.769956, 0.593860, 2503, 10.084369 
2, -348.554348, 0.575606, 3129, 11.587308 
3, -319.063253, 0.550118, 3755, 17.784288 
4, -275.941906, 0.640487, 5007, 31.600213 
5, -273.774458, 0.586121, 6259, 41.547014 
6, -258.260420, 0.680297, 7511, 53.481567 
7, -189.549767, 0.481211, 11267, 119.376265 
8, -110.999823, 0.457054, 14397, 183.241284 
9, -110.678207, 0.449283, 16901, 233.816333 
10, -93.648257, 0.535996, 18779, 264.515828 
11, -93.607472, 0.520732, 19405, 285.488650 
12, -84.852329, 0.475610, 22535, 393.341800 
13, -2.657998, 0.550361, 23787, 422.580886 
14, 9.985944, 0.454844, 43193, 1778.216880 
15, 10.569083, 0.450534, 56965, 3407.988368 
16, 10.569083, 0.481149, 82005, 7200.240564 
