1, -337.509435, 0.661672, 2503, 10.269290 
2, -306.072660, 0.514056, 5633, 34.696125 
3, -262.143215, 0.614700, 6885, 59.998544 
4, -252.073193, 0.593679, 7511, 72.207880 
5, -246.113524, 0.572794, 8137, 81.929014 
6, -137.038658, 0.597210, 8763, 100.039344 
7, -128.246262, 0.566262, 16901, 428.048525 
8, -125.203623, 0.548733, 18779, 514.946824 
9, -122.180637, 0.478486, 32551, 1215.904910 
10, -117.846697, 0.452149, 51957, 2501.576137 
11, -96.560971, 0.530977, 53209, 2659.776529 
12, -81.918001, 0.522433, 54461, 2760.193331 
13, -65.227621, 0.517930, 55087, 2793.859306 
14, -55.862543, 0.592277, 68233, 4118.261976 
15, -37.569524, 0.514924, 71363, 4488.288321 
16, -4.581282, 0.487572, 73241, 4725.161968 
17, -3.774338, 0.438676, 78249, 5494.081237 
18, -3.774338, 0.605508, 85761, 7200.370355 
