1, -299.437601, 0.637982, 1251, 1.931082 
2, -231.798073, 0.628342, 5633, 25.262966 
3, -125.340024, 0.660819, 6259, 31.215501 
4, -124.335536, 0.633174, 6885, 35.112553 
5, -119.108557, 0.607498, 7511, 39.233571 
6, -117.969813, 0.557626, 8763, 47.019190 
7, -13.354844, 0.662847, 25039, 354.087878 
8, -11.837710, 0.654208, 25665, 366.661289 
9, -8.897911, 0.647712, 26291, 387.895260 
10, -3.196210, 0.643310, 28169, 443.507267 
11, -1.144891, 0.573842, 45697, 1198.903307 
12, 1.311770, 0.543226, 65103, 2516.591921 
13, 5.289867, 0.524207, 72615, 3303.165001 
14, 5.289867, 0.506565, 105793, 7200.560455 
