1, -360.211133, 0.684327, 1877, 5.718060 
2, -334.097402, 0.564663, 2503, 7.157449 
3, -232.208092, 0.559867, 4381, 18.493035 
4, -122.518097, 0.503785, 6259, 38.822531 
5, -110.040242, 0.425046, 10015, 83.150871 
6, -109.774324, 0.446087, 13145, 124.895974 
7, -106.627779, 0.432927, 17527, 200.000432 
8, -100.584573, 0.630046, 41315, 981.640899 
9, -76.387782, 0.559670, 43193, 1131.420361 
10, -52.403277, 0.548797, 49453, 1620.661765 
11, -51.421670, 0.486863, 56339, 2269.287336 
12, -8.263548, 0.576006, 56965, 2297.195080 
13, 12.164856, 0.572769, 58217, 2399.782953 
14, 18.277214, 0.536142, 62599, 2827.510003 
15, 23.127902, 0.527884, 66981, 3300.334623 
16, 27.274793, 0.488980, 81379, 5318.911380 
17, 27.274793, 0.479481, 93273, 7200.162635 
