1, -457.237086, 0.605341, 1251, 2.173331 
2, -318.733107, 0.561377, 3755, 9.967467 
3, -143.113501, 0.659121, 4381, 13.039453 
4, -46.338468, 0.527582, 15023, 141.987001 
5, -43.607835, 0.541887, 16275, 160.067694 
6, -34.518382, 0.531907, 17527, 177.041305 
7, -11.231547, 0.577428, 19405, 203.888208 
8, 6.888180, 0.548538, 21909, 252.198019 
9, 36.393907, 0.544391, 22535, 261.664158 
10, 113.149539, 0.561286, 34429, 631.983821 
11, 119.002733, 0.541598, 36933, 823.958759 
12, 124.217189, 0.498893, 44445, 1373.199710 
13, 139.817137, 0.497308, 45071, 1411.104756 
14, 139.817137, 0.470308, 81379, 7200.380186 
