1, -650.575926, 0.611276, 1251, 3.413274 
2, -306.551702, 0.586698, 1877, 6.367642 
3, -223.119952, 0.409440, 3755, 20.391425 
4, -215.148864, 0.500909, 5007, 30.168356 
5, -173.766650, 0.504743, 6885, 46.337991 
6, -168.702806, 0.430101, 9389, 83.264159 
7, -131.349211, 0.487621, 10015, 87.074468 
8, -130.326725, 0.444550, 11893, 116.139708 
9, -124.121499, 0.464165, 16901, 246.374856 
10, -98.165888, 0.494262, 18153, 278.904056 
11, -94.928492, 0.488197, 18779, 288.872329 
12, -87.246513, 0.504604, 20031, 316.037857 
13, -82.057922, 0.470745, 43819, 1342.995205 
14, -78.204206, 0.473344, 70737, 3561.441186 
15, -43.653159, 0.617874, 71989, 3669.550922 
16, -29.781967, 0.617337, 72615, 3736.252786 
17, -27.873713, 0.615587, 73867, 3876.653687 
18, -20.158959, 0.614184, 75119, 3960.224884 
19, -17.700289, 0.613463, 75745, 4044.106863 
20, -13.759392, 0.612140, 76371, 4123.133102 
21, -13.589535, 0.536194, 92647, 5883.398761 
22, -13.589535, 0.488214, 99533, 7200.130663 
