1, -115.233622, 0.206161, 1877, 3.592948 
2, -109.678781, 0.579389, 10015, 76.905010 
3, -106.785170, 0.549821, 12519, 123.666334 
4, -82.748164, 0.665126, 48201, 1766.129863 
5, -59.922607, 0.651709, 49453, 1814.387704 
6, -39.111220, 0.643764, 50079, 1875.859685 
7, -36.487310, 0.549170, 55713, 2367.037735 
8, -30.276192, 0.543405, 56339, 2450.175388 
9, -29.559073, 0.540727, 58217, 2644.631585 
10, -20.868637, 0.539103, 58843, 2702.462662 
11, -15.744939, 0.548573, 60721, 2973.750954 
12, -12.220725, 0.542100, 61973, 3117.806230 
13, -7.511277, 0.540201, 62599, 3266.533349 
14, -4.318912, 0.536906, 63225, 3385.318290 
15, 15.888142, 0.535146, 63851, 3434.701741 
16, 24.971996, 0.517899, 70111, 4421.232048 
17, 24.971996, 0.455955, 85761, 7200.699875 
