1, -565.194087, 0.485390, 2503, 5.743025 
2, -379.256418, 0.518141, 4381, 15.949354 
3, -123.055600, 0.507187, 5007, 19.753505 
4, -119.184402, 0.460167, 10015, 104.201535 
5, -116.720049, 0.449408, 10641, 111.026675 
6, -113.251847, 0.500777, 11267, 122.066232 
7, -112.790692, 0.479961, 12519, 138.301069 
8, -111.611327, 0.471193, 15023, 187.837293 
9, -83.662687, 0.462192, 29421, 556.207035 
10, -82.867407, 0.473467, 44445, 1272.690864 
11, -77.343964, 0.473940, 45697, 1374.542223 
12, -62.039522, 0.456562, 49453, 1645.268422 
13, -59.131712, 0.474510, 63851, 2680.174139 
14, -58.633922, 0.472639, 64477, 2765.185691 
15, -34.748507, 0.465894, 66981, 3006.100089 
16, -34.748507, 0.430184, 100785, 7200.242223 
