1, -385.278816, 0.624542, 1877, 4.642855 
2, -374.761874, 0.710412, 3755, 12.781942 
3, -365.176220, 0.645957, 4381, 15.712503 
4, -329.983807, 0.567524, 5633, 23.510769 
5, -132.593242, 0.515007, 6259, 29.845723 
6, -128.242287, 0.499675, 6885, 34.864721 
7, -126.998109, 0.437434, 10015, 69.396458 
8, -121.068986, 0.407219, 11893, 110.539815 
9, -106.532653, 0.459107, 15023, 178.572020 
10, -100.040540, 0.475386, 16275, 207.579499 
11, -96.098385, 0.473458, 16901, 221.856746 
12, -90.732180, 0.485357, 20657, 324.615454 
13, -28.628899, 0.694408, 21283, 346.117580 
14, -22.641056, 0.663160, 25039, 499.323336 
15, -15.919135, 0.554602, 34429, 1026.808199 
16, 13.455208, 0.579231, 42567, 1703.043411 
17, 23.878801, 0.521381, 61973, 4033.298958 
18, 23.878801, 0.505989, 78875, 7200.093949 
