1, -345.063808, 0.515942, 3129, 14.483066 
2, -258.049549, 0.474641, 5007, 27.106830 
3, -128.829733, 0.447606, 7511, 52.854545 
4, -122.707092, 0.401455, 9389, 68.430096 
5, -107.407064, 0.497491, 19405, 245.244871 
6, -90.739947, 0.563603, 23161, 334.042045 
7, -90.269110, 0.508996, 27543, 497.724581 
8, -88.450971, 0.502626, 28169, 518.786245 
9, -77.784534, 0.504618, 38811, 908.567261 
10, -41.569614, 0.521846, 40063, 958.529494 
11, -20.223192, 0.476054, 76371, 4421.293613 
12, -14.380564, 0.479663, 80753, 5178.391699 
13, -9.859299, 0.478834, 92647, 6849.132810 
14, -8.572722, 0.479761, 93273, 6889.861090 
15, -8.572722, 0.488928, 94525, 7200.517488 
