1, -322.833224, 0.642369, 1251, 2.371883 
2, -206.938880, 0.552711, 1877, 4.846628 
3, -113.617243, 0.535193, 2503, 8.530450 
4, -111.187009, 0.375600, 17527, 291.160189 
5, -111.186597, 0.427976, 27543, 696.310072 
6, -109.087852, 0.414376, 32551, 955.247811 
7, -108.791188, 0.404754, 51957, 2311.816802 
8, -108.033833, 0.406151, 56339, 2662.705823 
9, -106.982435, 0.405898, 78249, 5109.020647 
10, -76.598547, 0.609739, 80753, 5393.862643 
11, -68.809124, 0.552696, 83257, 5821.948986 
12, -58.551405, 0.534155, 85135, 6310.396109 
