1, -866.494221, 0.533030, 1251, 3.534474 
2, -688.670600, 0.661509, 1877, 6.217085 
3, -598.582854, 0.602706, 3755, 15.419375 
4, -341.627358, 0.494157, 5007, 23.276061 
5, -191.253337, 0.463210, 6259, 31.497136 
6, -154.626714, 0.475124, 7511, 46.179770 
7, -141.061682, 0.504425, 8137, 52.080644 
8, -134.775041, 0.483436, 8763, 58.589056 
9, -94.792171, 0.449911, 12519, 114.349516 
10, -80.447597, 0.403651, 17527, 236.989727 
11, -75.805909, 0.545861, 27543, 545.059981 
12, -48.134142, 0.547268, 28795, 581.531209 
13, -40.591776, 0.515380, 38811, 1117.028266 
14, -40.591776, 0.431640, 95151, 7200.910761 
