1, -364.637556, 0.656036, 1251, 1.813307 
2, -348.199190, 0.457292, 5007, 19.200413 
3, -136.549542, 0.577869, 6259, 25.085026 
4, -132.014664, 0.531852, 7511, 34.613269 
5, -127.322701, 0.595388, 8137, 42.570114 
6, -120.573643, 0.576408, 8763, 48.843892 
7, -119.774353, 0.653521, 10015, 66.802482 
8, -112.237481, 0.646374, 10641, 79.234348 
9, -111.749543, 0.569495, 15023, 250.376162 
10, -106.699780, 0.567800, 15649, 260.336932 
11, -93.998676, 0.531953, 21909, 510.271202 
12, -8.752734, 0.590320, 26291, 810.020553 
13, -7.674301, 0.589738, 26917, 833.464895 
14, -7.280706, 0.575235, 33803, 1179.785140 
15, 29.207167, 0.583400, 36933, 1359.549731 
16, 73.530612, 0.648347, 38185, 1504.060903 
17, 96.181847, 0.632713, 41941, 1746.820080 
18, 96.181847, 0.541986, 82005, 7200.237086 
