1, -545.355337, 0.637813, 1251, 3.122465 
2, -332.686960, 0.581843, 2503, 9.450923 
3, -145.279116, 0.438671, 5007, 30.406036 
4, -128.641629, 0.509653, 6259, 53.099024 
5, -126.599262, 0.496316, 6885, 69.387871 
6, -123.431982, 0.469049, 8763, 117.215680 
7, -121.882573, 0.460697, 9389, 133.760778 
8, -116.339036, 0.539068, 13145, 285.821977 
9, -93.659443, 0.629496, 49453, 1747.387335 
10, -90.373014, 0.666344, 51331, 1984.467739 
11, -87.310322, 0.655924, 52583, 2139.421342 
12, -43.627036, 0.634932, 53209, 2223.634494 
13, -13.095997, 0.605170, 57591, 2949.948853 
14, 9.203049, 0.620192, 67607, 5111.399845 
15, 29.052990, 0.619412, 68233, 5245.616710 
16, 29.052990, 0.518476, 76997, 7200.357190 
