1, -348.521992, 0.709324, 1877, 4.941075 
2, -333.264828, 0.638021, 3129, 10.474810 
3, -297.497856, 0.616842, 4381, 26.346666 
4, -277.201335, 0.631731, 5007, 38.830068 
5, -108.391013, 0.589105, 6885, 66.291224 
6, -101.272877, 0.573411, 7511, 69.115471 
7, -100.789576, 0.535957, 8763, 85.754343 
8, -97.541201, 0.515666, 9389, 90.871657 
9, -95.049419, 0.406562, 13771, 144.139147 
10, -93.573093, 0.556962, 67607, 3275.493919 
11, -78.494090, 0.554995, 68859, 3518.627462 
12, -40.108603, 0.530697, 70111, 3851.116177 
13, -13.645494, 0.528836, 71989, 4136.559999 
14, 6.079358, 0.528636, 75119, 4790.016479 
15, 20.984240, 0.516810, 76997, 5082.471969 
16, 20.984240, 0.461306, 88891, 7202.101781 
