1, -437.157773, 0.558282, 3129, 12.593775 
2, -257.365220, 0.569492, 3755, 17.174614 
3, -63.769938, 0.623429, 5007, 30.558772 
4, -22.959169, 0.457882, 13145, 291.614225 
5, -22.115723, 0.459902, 19405, 533.274262 
6, -19.846478, 0.468609, 21283, 619.037353 
7, -16.800270, 0.468572, 22535, 659.067662 
8, -16.379734, 0.437026, 30673, 1086.214777 
9, 28.380672, 0.480629, 32551, 1274.119933 
10, 42.075200, 0.478338, 33177, 1327.190278 
11, 46.829384, 0.449465, 45071, 2676.592802 
12, 50.274189, 0.445798, 49453, 3205.734859 
13, 56.662494, 0.452476, 53835, 3851.203327 
14, 56.662494, 0.437393, 75745, 7200.210561 
