1, -429.921366, -396.767520, 1250, 22.735796 
2, -428.059894, -456.882671, 4375, 86.938221 
3, -175.029099, -206.722219, 5625, 109.395608 
4, -130.674452, -131.467419, 9375, 174.691962 
5, -123.970247, -129.133067, 14375, 231.954577 
6, -119.642748, -144.878949, 18750, 279.250691 
7, -116.718953, -134.983690, 45000, 595.945047 
8, -116.202275, -134.493960, 118750, 1605.578160 
9, -115.255628, -123.994482, 187500, 1840.172348 
10, -106.624711, -121.994283, 245000, 3200.516405 
11, -105.533048, -124.001678, 408125, 5815.968416 
12, -101.489754, -160.590814, 436875, 6295.949977 
13, -101.199560, -96.647273, 447500, 6594.907793 
14, -101.199560, -132.234615, 448125, 6610.202777 
