1, -542.510720, -633.092834, 1250, 72.393939 
2, -384.800704, -379.114398, 2500, 72.538431 
3, -358.177448, -356.800276, 3750, 129.993710 
4, -347.903822, -376.903495, 8125, 432.815821 
5, -346.398434, -373.841540, 18750, 1241.894248 
6, -345.277240, -367.580898, 31875, 2246.362321 
7, -315.185085, -369.587591, 44375, 3206.236952 
8, -311.728443, -351.125932, 67500, 5019.743768 
9, -179.348968, -234.389672, 79375, 5831.773564 
10, -173.731651, -167.158237, 80625, 5876.939654 
11, -162.644299, -222.276312, 83125, 6011.910237 
12, -162.644299, -211.692103, 91875, 6631.386700 
