1, -643.469387, -630.670617, 1250, 12.458365 
2, -431.219754, -437.593725, 2500, 12.549955 
3, -313.977302, -317.197589, 5000, 25.289934 
4, -139.995244, -146.808371, 6250, 25.849931 
5, -122.068781, -140.760452, 8125, 52.231937 
6, -121.467921, -120.844566, 57500, 1381.730418 
7, -119.970934, -136.538814, 66875, 1574.990337 
8, -119.252745, -130.989898, 73125, 1731.457326 
9, -106.465660, -136.734284, 98125, 2447.354551 
10, -106.234174, -125.221876, 188125, 3591.363834 
11, -106.234174, -137.250687, 423125, 6607.614509 
