1, -261.107350, -263.602901, 1250, 10.836278 
2, -250.740474, -290.897576, 3750, 30.026917 
3, -120.753187, -133.234117, 5000, 39.758349 
4, -117.478556, -158.208972, 31875, 67.958050 
5, -112.063421, -131.235257, 133750, 1208.903576 
6, -107.981660, -127.677963, 174375, 1245.273463 
7, -94.887877, -110.866342, 566250, 4864.858810 
8, -73.960495, -95.606907, 593125, 5003.162429 
9, -59.480975, -81.558026, 793750, 5950.346891 
10, -43.685251, -47.676686, 795625, 5969.443461 
11, -42.727943, -90.458316, 803125, 6073.742656 
12, -41.231392, -75.517395, 808125, 6147.863667 
13, -31.067171, -74.413906, 812500, 6204.053406 
14, -28.088277, -62.682145, 817500, 6278.450964 
15, -10.135409, -70.128576, 820000, 6311.119175 
16, -10.135409, -52.987304, 839375, 6600.204277 
