1, -134.893558, 0.419971, 2503, 5.967850 
2, -133.486810, 0.480729, 10015, 81.482714 
3, -124.081944, 0.484319, 12519, 111.974710 
4, -122.613506, 0.479588, 14397, 135.943542 
5, -118.302791, 0.470399, 15023, 143.850585 
6, -115.904914, 0.491764, 30673, 500.217118 
7, -55.112825, 0.641309, 53835, 1837.482077 
8, -45.835945, 0.638391, 55087, 1958.744510 
9, -44.957745, 0.634005, 56965, 2240.051233 
10, -42.633989, 0.629571, 59469, 2598.915242 
11, 1.689615, 0.648117, 72615, 4228.609772 
12, 3.570868, 0.644401, 73867, 4464.383396 
13, 14.277175, 0.642433, 75745, 4697.268152 
14, 14.277175, 0.579886, 91395, 7200.682072 
