1, -368.563110, 0.398533, 2503, 8.580198 
2, -182.199335, 0.627512, 4381, 19.843652 
3, -113.283553, 0.586592, 6885, 33.633818 
4, -110.280898, 0.559649, 7511, 38.196392 
5, -108.283979, 0.483165, 30673, 454.749086 
6, -93.272570, 0.676618, 53209, 1313.481914 
7, -46.938507, 0.667850, 55087, 1427.270636 
8, -22.834545, 0.659632, 61973, 1819.287214 
9, -12.666841, 0.656744, 62599, 1890.837903 
10, -12.337024, 0.610821, 79501, 3378.267291 
11, -12.252758, 0.587822, 87639, 4067.262947 
12, -7.987912, 0.557728, 99533, 5448.340973 
13, -7.987912, 0.542292, 112679, 7200.496358 
