1, -545.228894, 0.419178, 1877, 4.311342 
2, -385.933025, 0.454756, 2503, 6.634995 
3, -364.578590, 0.473222, 6885, 36.925629 
4, -112.279491, 0.624813, 8137, 52.534591 
5, -109.598819, 0.599578, 8763, 57.237694 
6, -108.263787, 0.517946, 22535, 274.224397 
7, -107.827133, 0.506341, 36933, 674.859663 
8, -106.831023, 0.517420, 40063, 823.746964 
9, -106.393029, 0.507688, 43193, 954.367112 
10, 32.983136, 0.663176, 60721, 1867.469048 
11, 44.735535, 0.502452, 96403, 5861.059292 
12, 44.735535, 0.479291, 104541, 7201.755205 
