1, -108.373033, 0.574568, 4381, 12.960555 
2, -99.955513, 0.688380, 28795, 380.323438 
3, -48.836378, 0.646660, 31925, 519.162254 
4, 4.728340, 0.682584, 32551, 545.921663 
5, 61.734265, 0.644116, 33177, 576.173243 
6, 97.563350, 0.567349, 34429, 663.294832 
7, 102.502801, 0.481794, 38811, 1026.299726 
8, 122.769287, 0.496906, 60721, 3946.874766 
9, 148.519858, 0.550681, 64477, 4594.289973 
10, 193.533695, 0.551213, 65103, 4745.848694 
11, 198.989133, 0.550341, 67607, 5154.074498 
12, 200.028843, 0.542166, 76371, 6816.296181 
13, 200.028843, 0.542802, 77623, 7200.125256 
