1, -776.183886, 0.535565, 1251, 2.113598 
2, -641.882319, 0.766355, 1877, 3.375564 
3, -630.540389, 0.622500, 2503, 4.656215 
4, -618.141112, 0.505952, 3129, 5.770101 
5, -186.585336, 0.669506, 3755, 9.033081 
6, -111.305837, 0.510769, 6259, 33.372371 
7, -109.232911, 0.520319, 9389, 95.158085 
8, -106.873293, 0.504486, 10015, 107.766616 
9, -100.737567, 0.503858, 16901, 294.038904 
10, -98.052233, 0.500646, 18153, 330.729192 
11, -94.401725, 0.491709, 20031, 392.501405 
12, -67.915765, 0.519941, 20657, 415.237033 
13, -65.536332, 0.512678, 64477, 3753.308752 
14, -45.966893, 0.591965, 74493, 4895.247703 
15, -39.067347, 0.586105, 75745, 5114.422920 
16, -32.227454, 0.584841, 76371, 5261.076802 
17, -32.227454, 0.571898, 83257, 7200.306203 
