1, -135.570197, 0.584871, 3129, 7.314288 
2, -132.514284, 0.564437, 3755, 9.512278 
3, -128.352302, 0.643083, 6259, 23.928884 
4, -125.487121, 0.575730, 7511, 37.663491 
5, -123.974647, 0.554414, 19405, 190.102691 
6, -112.531830, 0.572674, 26291, 353.372693 
7, -111.921729, 0.566768, 26917, 388.306467 
8, -111.296074, 0.528618, 32551, 577.869610 
9, -109.436390, 0.502255, 38811, 808.597028 
10, -37.356356, 0.582461, 61347, 2070.388263 
11, -30.205920, 0.569414, 65103, 2298.756107 
12, -30.205920, 0.609886, 108923, 7200.604266 
