1, -116.333756, 0.454751, 2503, 8.163395 
2, -110.719645, 0.503012, 10641, 93.706989 
3, -107.131854, 0.478867, 14397, 180.425765 
4, -67.575995, 0.550098, 36933, 689.774393 
5, -55.341617, 0.547805, 38185, 723.446749 
6, -52.527564, 0.546465, 39437, 758.997218 
7, -49.658794, 0.542167, 40689, 799.799808 
8, -44.842780, 0.541178, 41315, 807.456190 
9, -36.983764, 0.548131, 45071, 925.469509 
10, -36.638412, 0.546897, 47575, 1014.086530 
11, -33.300182, 0.552603, 53835, 1335.456206 
12, -20.295228, 0.552644, 55087, 1398.649719 
13, -20.295228, 0.574336, 118939, 7200.336269 
