1, -389.387058, 0.632653, 1877, 3.952666 
2, -236.773261, 0.583942, 3129, 8.365781 
3, -184.919771, 0.531353, 3755, 10.660101 
4, -156.947379, 0.480234, 4381, 14.194435 
5, -57.965986, 0.667747, 8763, 52.424985 
6, -44.330645, 0.653293, 9389, 59.272910 
7, -42.143049, 0.618639, 11267, 73.839724 
8, -33.568863, 0.667848, 13771, 95.715596 
9, -30.482099, 0.662274, 14397, 99.839814 
10, -13.049010, 0.693510, 20031, 189.894457 
11, -2.471208, 0.686743, 20657, 197.363516 
12, 0.028448, 0.674369, 35681, 795.885151 
13, 1.656637, 0.640816, 46323, 1293.247029 
14, 1.656637, 0.603466, 108923, 7200.066491 
