1, -190.322633, 0.612591, 2503, 6.417074 
2, -149.258082, 0.504775, 3755, 11.903768 
3, -117.304167, 0.555556, 5633, 37.078311 
4, -109.227267, 0.541907, 6259, 46.783221 
5, -105.468988, 0.510638, 8763, 78.232394 
6, -76.058876, 0.580513, 9389, 87.011069 
7, -71.365134, 0.554092, 10015, 93.945573 
8, -68.149132, 0.550431, 15649, 268.158305 
9, -64.609001, 0.599832, 17527, 321.214373 
10, -59.505677, 0.568543, 19405, 353.717342 
11, -58.720412, 0.530040, 28169, 789.917294 
12, -57.497011, 0.528686, 28795, 839.592250 
13, -55.984203, 0.539498, 31925, 993.183033 
14, -55.139450, 0.536414, 40063, 1480.418198 
15, -55.034509, 0.536814, 41315, 1598.629083 
16, -54.635962, 0.543893, 46949, 2172.558625 
17, 7.411899, 0.661079, 47575, 2235.976642 
18, 18.964174, 0.593412, 56965, 3196.483364 
19, 83.719839, 0.621055, 57591, 3238.670401 
20, 83.719839, 0.530992, 81379, 7200.734947 
