1, -626.772442, 0.638978, 1251, 2.651523 
2, -619.585694, 0.505837, 2503, 7.931522 
3, -427.289978, 0.484740, 5007, 20.080603 
4, -111.471052, 0.578498, 5633, 26.836145 
5, -108.185916, 0.533538, 9389, 70.711932 
6, -107.933819, 0.525866, 13771, 125.569480 
7, 10.530670, 0.604335, 28795, 473.089814 
8, 14.988446, 0.519692, 38811, 1071.934651 
9, 21.935979, 0.588576, 41315, 1294.915166 
10, 24.926699, 0.551556, 50705, 2021.223795 
11, 39.162198, 0.544241, 51957, 2174.783367 
12, 49.856328, 0.486990, 78249, 5363.888944 
13, 49.856328, 0.493503, 87013, 7200.004795 
