1, -125.440012, 0.513846, 2503, 6.879788 
2, -124.969509, 0.464509, 5007, 21.253517 
3, -123.174547, 0.592879, 7511, 45.608352 
4, -119.826171, 0.515713, 11893, 97.146811 
5, -119.415174, 0.557518, 13145, 114.567084 
6, -116.282842, 0.523195, 23161, 316.728750 
7, -111.564789, 0.704472, 27543, 433.528997 
8, -97.787800, 0.699775, 28169, 470.886424 
9, -81.223375, 0.674573, 31299, 558.511362 
10, -21.449653, 0.725659, 39437, 1090.191927 
11, -6.036564, 0.693074, 40063, 1117.753803 
12, -5.740555, 0.663333, 41941, 1225.889113 
13, 4.652900, 0.661703, 42567, 1250.162806 
14, 13.219128, 0.655636, 45697, 1474.369965 
15, 15.561236, 0.564475, 61347, 2909.751813 
16, 16.258435, 0.570674, 73867, 4708.018939 
17, 27.311469, 0.567103, 87013, 6792.282934 
18, 27.311469, 0.552007, 87639, 7200.382730 
