1, -752.455647, 0.478149, 1877, 4.345896 
2, -650.750974, 0.715633, 3755, 9.685601 
3, -470.152652, 0.595628, 5007, 13.524740 
4, -169.877419, 0.626396, 5633, 15.374450 
5, -163.798983, 0.593957, 6259, 17.315438 
6, -115.508873, 0.597809, 7511, 27.951358 
7, -112.730028, 0.611695, 8763, 44.048683 
8, -108.719588, 0.591630, 9389, 47.148795 
9, -107.979117, 0.552231, 12519, 89.675083 
10, -107.040223, 0.530337, 14397, 119.242882 
11, -100.497502, 0.693237, 23161, 287.904647 
12, -8.522852, 0.641632, 26917, 443.221483 
13, -4.055415, 0.632115, 27543, 459.146944 
14, -1.619331, 0.613688, 29421, 529.364418 
15, 14.141620, 0.612367, 30047, 554.543827 
16, 51.982756, 0.538364, 48827, 1478.522091 
17, 51.982756, 0.711910, 100159, 7200.571966 
