1, -333.840861, 0.538346, 1877, 6.423586 
2, -311.610043, 0.499339, 2503, 9.600250 
3, -302.922164, 0.438550, 3755, 28.840610 
4, -274.972789, 0.580900, 4381, 32.762187 
5, -231.472001, 0.591153, 6259, 54.133154 
6, -108.372826, 0.634492, 6885, 60.438309 
7, -58.540813, 0.689635, 8137, 73.188555 
8, -54.745933, 0.625671, 12519, 134.628788 
9, -44.941411, 0.623410, 13145, 142.338607 
10, -31.285484, 0.644179, 16275, 197.210337 
11, -4.074633, 0.666764, 17527, 224.765918 
12, 4.076398, 0.639200, 21909, 343.246986 
13, 4.136628, 0.612636, 28795, 565.644238 
14, 5.745771, 0.551642, 32551, 780.028184 
15, 20.079047, 0.558711, 36933, 1034.136671 
16, 23.551240, 0.537262, 78249, 5086.555757 
17, 26.011717, 0.550021, 93899, 7127.197733 
18, 26.011717, 0.550125, 93899, 7200.291976 
