1, -479.547895, 0.576329, 2503, 7.302909 
2, -455.089819, 0.541353, 3129, 10.038873 
3, -442.957942, 0.498786, 4381, 16.572248 
4, -68.075382, 0.647260, 5007, 20.820413 
5, -52.322123, 0.595331, 6259, 31.322753 
6, -51.102585, 0.585841, 6885, 34.775539 
7, -45.829403, 0.579864, 13771, 129.987320 
8, -42.094897, 0.573640, 15649, 161.596770 
9, -23.622486, 0.584712, 25665, 463.861528 
10, -20.961265, 0.598271, 31925, 739.335460 
11, -18.645186, 0.608183, 41315, 1290.978548 
12, -16.522683, 0.617042, 48201, 1717.407534 
13, 3.152601, 0.616251, 48827, 1737.365734 
14, 3.152601, 0.624542, 102037, 7201.111376 
