1, -757.198028, 0.488818, 1251, 4.066424 
2, -536.651465, 0.580563, 1877, 6.807530 
3, -453.901262, 0.528541, 2503, 8.908880 
4, -225.754726, 0.561732, 9389, 82.541274 
5, -88.237495, 0.562327, 10015, 92.066863 
6, -54.624653, 0.613325, 20031, 299.753194 
7, -54.311202, 0.519729, 39437, 1031.189139 
8, -51.932234, 0.531228, 45697, 1424.279201 
9, -51.422870, 0.526116, 51331, 1830.825624 
10, -43.300360, 0.517814, 55087, 2154.816566 
11, -27.513754, 0.519272, 76997, 4423.098126 
12, -27.513754, 0.516229, 93899, 7201.728917 
