1, -901.368319, 0.642173, 1251, 2.719966 
2, -823.686363, 0.492925, 1877, 4.437530 
3, -557.003780, 0.425414, 2503, 5.933568 
4, -488.012602, 0.413509, 3129, 7.187039 
5, -418.548833, 0.383010, 3755, 9.184092 
6, -401.906362, 0.481570, 5007, 13.320470 
7, -107.790574, 0.507795, 5633, 16.023290 
8, -89.852013, 0.554195, 18779, 250.432955 
9, -40.603781, 0.588043, 20031, 291.610339 
10, -34.191035, 0.587438, 20657, 303.566840 
11, -28.422807, 0.587953, 21283, 325.517554 
12, -14.726374, 0.587385, 22535, 358.187652 
13, -12.228401, 0.553375, 80127, 6422.026441 
14, 9.481824, 0.553348, 80753, 6526.474666 
15, 13.252161, 0.557540, 85135, 7122.593308 
16, 13.252161, 0.558439, 85761, 7200.114172 
