1, -116.984925, 0.537162, 8763, 42.718251 
2, -113.378020, 0.561921, 10641, 62.369695 
3, -112.416780, 0.602809, 11267, 72.065531 
4, -107.997256, 0.589744, 11893, 81.034454 
5, -107.940348, 0.583465, 12519, 93.284616 
6, -107.636780, 0.570749, 15649, 155.899306 
7, -105.616228, 0.500694, 33803, 521.849851 
8, -43.715709, 0.751240, 59469, 1698.627636 
9, -43.184066, 0.731989, 61973, 1839.607539 
10, -11.604511, 0.752331, 70111, 2368.504936 
11, 27.557281, 0.744344, 73867, 2660.339176 
12, 40.737833, 0.739440, 74493, 2722.537270 
13, 43.753238, 0.684560, 89517, 4298.829079 
14, 54.291328, 0.680319, 93273, 4857.822051 
15, 54.291328, 0.637000, 109549, 7200.065665 
