1, -299.090996, 0.557545, 1877, 4.448273 
2, -125.723914, 0.503937, 4381, 16.580157 
3, -125.378126, 0.523104, 5633, 23.852411 
4, -122.781153, 0.509058, 9389, 53.487346 
5, -122.090778, 0.487723, 10641, 65.397527 
6, -121.882434, 0.477537, 15649, 137.842015 
7, -120.735508, 0.468680, 18153, 172.390527 
8, -117.310359, 0.554291, 26917, 348.338673 
9, -116.922394, 0.566567, 28795, 400.536566 
10, -104.500860, 0.737809, 29421, 416.874482 
11, -91.904300, 0.714428, 30047, 466.318941 
12, -86.098561, 0.699581, 30673, 497.937370 
13, -79.770051, 0.663768, 31925, 543.476778 
14, -51.641836, 0.648352, 32551, 567.188181 
15, -50.491585, 0.643345, 33177, 586.790792 
16, -40.522654, 0.643006, 33803, 608.798431 
17, 6.706295, 0.689283, 66981, 3046.628108 
18, 8.357942, 0.658673, 68233, 3169.572610 
19, 10.975880, 0.633235, 68859, 3218.482129 
20, 27.247560, 0.620971, 71989, 3588.052328 
21, 30.663623, 0.615466, 73241, 3799.998919 
22, 56.175575, 0.598960, 76371, 4161.266315 
23, 67.100665, 0.599947, 78875, 4644.879025 
24, 74.542421, 0.598360, 80127, 4953.289548 
25, 74.813567, 0.608441, 84509, 6030.808038 
26, 83.819429, 0.604182, 85761, 6176.595934 
27, 90.508102, 0.604156, 86387, 6303.648709 
28, 90.508102, 0.595995, 90769, 7200.076164 
