0, 24.400000, 0.000000, 10000, 1637357779.468621 
1, 191.280000, 0.966000, 20001, 0.684003 
2, 241.650000, 0.974330, 30003, 2.550217 
3, 331.490000, 0.874557, 60013, 36.933016 
4, 475.450000, 0.877709, 70015, 56.161092 
5, 500.000000, 0.850435, 90018, 104.074980 
0, 24.400000, 0.000000, 10000, 1637358302.867487 
1, 191.280000, 0.966000, 20001, 0.669843 
2, 241.650000, 0.974330, 30003, 2.489193 
3, 331.490000, 0.874557, 60013, 36.081587 
4, 475.450000, 0.877709, 70015, 53.364153 
0, 24.400000, 0.000000, 10000, 1637366947.671912 
1, 461.960000, 0.928000, 20001, 3.408326 
