1, -663.871871, 0.577817, 1875, 93.353147 
2, -578.933962, 0.486674, 3750, 270.119576 
3, -505.318033, 0.463639, 4375, 346.989605 
4, -369.261554, 0.446551, 6250, 630.931602 
5, -294.583667, 0.385633, 9375, 1496.836706 
6, -143.946907, 0.528336, 10625, 1903.504597 
7, -141.928444, 0.540597, 11875, 2460.411528 
8, -125.444650, 0.557194, 12500, 2862.499901 
9, -124.446256, 0.545519, 13125, 3272.302161 
10, -121.945465, 0.534407, 13750, 3489.459152 
11, -110.756660, 0.628958, 17500, 5605.231124 
12, -48.581774, 0.606091, 18750, 6343.303041 
