1, -976.821579, 0.000000, 625, 0.891076 
1, -670.833603, 0.692623, 1251, 3.276051 
2, -602.953259, 0.625767, 1877, 5.548831 
3, -384.265682, 0.606280, 2503, 27.185184 
4, -118.495827, 0.630000, 3755, 32.557727 
5, -108.578823, 0.515038, 5007, 43.079213 
6, -107.287333, 0.504230, 6259, 48.865337 
7, -106.915022, 0.485259, 6885, 51.739248 
8, -29.418407, 0.512140, 7511, 55.293947 
9, -15.548182, 0.542020, 14397, 176.546533 
10, -9.683892, 0.540123, 15023, 201.128792 
11, 52.319831, 0.587457, 17527, 278.560735 
12, 67.600153, 0.579830, 20031, 352.773933 
13, 72.186293, 0.531147, 23787, 522.960727 
14, 80.439427, 0.531738, 35055, 1227.550975 
15, 105.092317, 0.623994, 40689, 1674.702063 
16, 167.697772, 0.617594, 41315, 1746.739075 
17, 167.697772, 0.599037, 75119, 7200.525943 
