1, -604.585329, 0.000000, 625, 0.238628 
1, -349.044254, 0.692623, 1251, 1.928357 
2, -123.514458, 0.662400, 3129, 9.718583 
3, -120.187524, 0.591608, 3755, 11.278081 
4, -119.073780, 0.446020, 7511, 42.862741 
5, -113.077547, 0.566995, 13145, 110.716780 
6, -97.020354, 0.563294, 13771, 130.711941 
7, -93.040591, 0.524375, 15649, 191.678453 
8, -85.683083, 0.548093, 17527, 238.795731 
9, -78.211395, 0.507969, 20657, 346.414550 
10, -77.925865, 0.502091, 33177, 795.668558 
11, -11.548875, 0.636591, 38185, 1121.530667 
12, 8.889727, 0.742849, 38811, 1188.368563 
13, 21.934976, 0.743247, 39437, 1238.312097 
14, 33.507501, 0.738108, 40689, 1353.613935 
15, 62.372482, 0.709706, 41941, 1423.034050 
16, 64.033277, 0.614733, 48201, 1858.408835 
17, 67.757958, 0.596915, 50705, 2210.458852 
18, 67.757958, 0.540890, 85135, 7200.389539 
