1, -540.291766, 0.000000, 625, 0.302400 
1, -354.117987, 0.684426, 1251, 1.986596 
2, -228.517696, 0.546595, 3129, 8.776127 
3, -140.399254, 0.590909, 5007, 20.080662 
4, -82.791314, 0.624809, 8137, 69.514188 
5, -79.399230, 0.735753, 10641, 127.882569 
6, -78.510299, 0.706359, 13145, 196.004006 
7, -66.647827, 0.687927, 15023, 242.684789 
8, -58.262295, 0.485264, 26291, 824.466769 
9, -50.684316, 0.552402, 28169, 958.794033 
10, -46.660990, 0.544308, 33177, 1195.201296 
11, -41.976253, 0.513182, 36307, 1400.430426 
12, 10.101292, 0.524234, 53209, 2698.065732 
13, 21.094193, 0.499434, 54461, 2851.178934 
14, 26.380563, 0.467782, 55713, 3061.062519 
15, 30.317369, 0.454842, 56339, 3126.056877 
16, 31.636756, 0.444079, 58217, 3399.800302 
17, 31.973044, 0.399160, 71363, 5637.492682 
18, 39.066950, 0.397616, 75119, 6683.596484 
19, 39.066950, 0.430019, 76371, 7201.491463 
