1, -537.875541, 0.000000, 625, 0.211890 
1, -135.193059, 0.550562, 1877, 2.530300 
2, -124.431649, 0.644654, 4381, 11.573689 
3, -110.815600, 0.590778, 5007, 14.579721 
4, -109.640587, 0.535072, 8137, 31.739914 
5, -68.793736, 0.702047, 14397, 114.506195 
6, -58.665168, 0.598428, 15649, 150.550582 
7, -44.579508, 0.503450, 16901, 208.512311 
8, -10.781921, 0.445449, 23161, 453.179338 
9, -1.134498, 0.607919, 24413, 509.648266 
10, 5.189966, 0.594907, 26917, 640.004145 
11, 24.843790, 0.592298, 27543, 695.264261 
12, 28.768812, 0.567820, 29421, 798.369766 
13, 32.048683, 0.565033, 30673, 905.270254 
14, 40.616015, 0.531152, 39437, 1494.618405 
15, 99.225978, 0.617040, 43193, 1903.943993 
16, 127.427736, 0.603637, 47575, 2330.006306 
17, 135.587593, 0.597306, 56965, 3328.588016 
18, 135.587593, 0.576660, 83257, 7201.147906 
