1, -566.342763, 0.000000, 625, 0.197976 
1, -444.611029, 0.664634, 1877, 4.166180 
2, -380.526618, 0.699752, 2503, 5.698387 
3, -303.164685, 0.627486, 3129, 8.361677 
4, -138.351263, 0.583333, 3755, 9.948060 
5, -129.901117, 0.560455, 4381, 11.728764 
6, -59.733398, 0.525078, 6885, 27.869227 
7, -53.401729, 0.522192, 9389, 56.761505 
8, -40.529852, 0.547627, 28795, 575.665979 
9, -31.702602, 0.541839, 31925, 688.777683 
10, -24.385732, 0.534164, 34429, 832.133393 
11, 17.705214, 0.592471, 38185, 1080.875616 
12, 23.270195, 0.594415, 38811, 1103.269375 
13, 28.557775, 0.590410, 42567, 1392.899362 
14, 31.147375, 0.591524, 57591, 2717.704244 
15, 36.470347, 0.596554, 62599, 3452.410051 
16, 57.845155, 0.610382, 70111, 4364.703147 
17, 63.814213, 0.601006, 73241, 4743.935101 
18, 65.208994, 0.597127, 75745, 5240.008013 
19, 73.276728, 0.592757, 77623, 5505.103256 
20, 73.276728, 0.558292, 88891, 7200.354931 
