1, -142.910086, 0.000000, 625, 0.122834 
1, -140.313217, 0.572098, 6259, 23.786140 
2, -125.613759, 0.550773, 6885, 32.573336 
3, -64.076053, 0.525304, 7511, 35.424763 
4, -44.896108, 0.517216, 10015, 61.367815 
5, -34.466001, 0.498305, 11267, 76.419518 
6, -18.610766, 0.631155, 40063, 1152.521703 
7, -10.091775, 0.626091, 41315, 1217.615551 
8, -2.696582, 0.621853, 41941, 1230.997354 
9, 49.078848, 0.611924, 45697, 1532.931315 
10, 64.050114, 0.604891, 46949, 1626.519518 
11, 90.521301, 0.587430, 48201, 1731.914985 
12, 90.521301, 0.498644, 82631, 7200.256784 
