1, -138.163689, 0.000000, 625, 0.123374 
1, -136.203161, 0.339795, 4381, 13.453704 
2, -107.244185, 0.454352, 5007, 19.051586 
3, -91.521622, 0.459227, 11893, 95.752967 
4, -57.977770, 0.583873, 18779, 205.663627 
5, -46.411727, 0.577824, 19405, 219.311791 
6, -46.084536, 0.563188, 25039, 517.528337 
7, -44.922611, 0.570558, 26291, 578.693351 
8, -0.152296, 0.578857, 26917, 611.786551 
9, 1.433613, 0.570302, 29421, 781.357716 
10, 9.653915, 0.572816, 35055, 1191.208367 
11, 20.389782, 0.570390, 36307, 1334.129019 
12, 20.945257, 0.550299, 46949, 2317.326652 
13, 26.157492, 0.574175, 57591, 3647.594340 
14, 47.612818, 0.543705, 72615, 5662.382601 
15, 47.612818, 0.532565, 81379, 7200.972196 
