1, -827.505314, 0.000000, 625, 0.736061 
1, -676.552167, 0.692623, 1251, 2.711494 
2, -227.248549, 0.440828, 2503, 8.469998 
3, -138.408858, 0.521519, 3755, 18.638345 
4, -120.691170, 0.506449, 7511, 53.659320 
5, -119.074847, 0.494448, 8137, 61.885639 
6, -111.095971, 0.481692, 8763, 71.584357 
7, -109.181037, 0.446927, 11267, 108.491101 
8, -79.106389, 0.610265, 14397, 181.420238 
9, -79.021204, 0.558564, 18779, 256.067371 
10, -76.644699, 0.541329, 21283, 309.382961 
11, -76.074371, 0.530741, 22535, 344.524801 
12, 21.225238, 0.625797, 25665, 427.940869 
13, 23.904446, 0.636604, 26291, 480.086553 
14, 24.058191, 0.531991, 30047, 787.888028 
15, 37.535310, 0.509667, 33803, 1095.637749 
16, 62.377149, 0.504142, 35681, 1377.226719 
17, 68.032390, 0.466033, 42567, 2124.263197 
18, 103.843888, 0.455501, 48201, 3169.076788 
19, 103.843888, 0.446509, 65729, 7200.422168 
