1, -802.307470, 0.000000, 625, 0.495169 
1, -334.829107, 0.656915, 1877, 4.630787 
2, -245.635762, 0.640584, 3755, 22.751176 
3, -182.639773, 0.641860, 4381, 31.743001 
4, -114.531754, 0.517580, 7511, 60.553714 
5, -113.679757, 0.486175, 8137, 63.745356 
6, -113.672918, 0.535456, 8763, 73.970009 
7, -65.680903, 0.584185, 9389, 90.319638 
8, -57.191552, 0.602681, 10015, 108.790565 
9, -53.533740, 0.536475, 11893, 174.964855 
10, -47.201230, 0.498119, 13771, 240.976006 
11, -39.865467, 0.563160, 15649, 315.121467 
12, -17.832327, 0.555885, 17527, 412.513423 
13, -7.613725, 0.529412, 23161, 771.667489 
14, -7.174432, 0.513542, 25039, 869.655324 
15, -7.174432, 0.501754, 70111, 7200.235453 
