1, -120.906687, 0.000000, 625, 0.120290 
1, -111.106724, 0.485736, 8137, 46.066341 
2, -33.408210, 0.660237, 8763, 55.512009 
3, -28.482199, 0.651622, 9389, 65.205453 
4, -14.916587, 0.660088, 12519, 103.193536 
5, 50.198657, 0.689284, 14397, 145.498547 
6, 78.933315, 0.614971, 16275, 182.700046 
7, 79.849605, 0.530801, 20657, 303.958579 
8, 80.895549, 0.523016, 21283, 322.513136 
9, 84.980508, 0.499335, 29421, 679.895433 
10, 95.841835, 0.497352, 30047, 707.326872 
11, 120.007959, 0.494276, 31925, 800.448058 
12, 121.693134, 0.510713, 33177, 856.113581 
13, 121.693134, 0.440795, 86387, 7200.153791 
