1, -129.828485, 0.000000, 625, 0.148150 
1, -127.450029, 0.543704, 8137, 44.147588 
2, -121.300788, 0.525316, 8763, 49.605837 
3, -115.181301, 0.479459, 12519, 89.597058 
4, -112.308550, 0.479882, 29421, 432.234646 
5, -102.563190, 0.564273, 30673, 482.430983 
6, -31.368588, 0.553477, 32551, 618.415658 
7, -6.135965, 0.535514, 35055, 784.555089 
8, 7.051918, 0.497537, 36933, 1014.624988 
9, 25.100520, 0.496353, 37559, 1082.348018 
10, 27.611858, 0.496196, 38185, 1139.188031 
11, 27.611858, 0.452919, 66355, 7201.152714 
