1, -554.767069, 0.000000, 625, 0.182566 
1, -389.121390, 0.667656, 1877, 2.797782 
2, -351.149090, 0.766055, 2503, 5.808980 
3, -238.463577, 0.597403, 3755, 13.708051 
4, -160.580078, 0.646849, 4381, 20.128790 
5, -150.565578, 0.621562, 5007, 24.146652 
6, -149.647849, 0.601651, 5633, 31.460646 
7, -139.163698, 0.597938, 6885, 43.245366 
8, -136.910894, 0.552584, 10641, 86.930275 
9, -113.666231, 0.513400, 13145, 121.080019 
10, -66.957815, 0.516196, 20657, 270.532676 
11, -28.826570, 0.533777, 21909, 310.567378 
12, -8.118146, 0.483289, 37559, 1125.023437 
13, 37.103602, 0.597515, 48827, 2068.424069 
14, 68.807191, 0.616168, 58843, 2803.508741 
15, 74.367312, 0.587604, 60721, 2972.442150 
16, 99.549977, 0.585321, 61973, 3096.774373 
17, 99.549977, 0.505513, 92647, 7200.531934 
