1, -530.736218, 0.000000, 625, 0.288456 
1, -341.300700, 0.490431, 2503, 4.421591 
2, -148.361775, 0.484076, 4381, 12.574399 
3, -109.975249, 0.480282, 5007, 14.781603 
4, -109.074958, 0.426610, 11893, 84.332565 
5, -94.237171, 0.614533, 13145, 105.516931 
6, -89.984600, 0.564990, 15023, 135.937395 
7, -76.793916, 0.473669, 29421, 662.347069 
8, -49.598610, 0.527638, 30047, 720.031512 
9, -32.481989, 0.511284, 31925, 855.961147 
10, -13.471098, 0.470412, 36307, 1305.158776 
11, -8.348053, 0.418938, 68233, 6543.861273 
12, -8.348053, 0.422902, 71363, 7200.805986 
