1, -10.365725, 16.075845, 104375, 80.004493 
2, -8.088710, 29.529124, 311875, 299.012628 
3, -7.322848, 15.808329, 415625, 429.012857 
4, -4.468041, 18.256596, 726875, 821.002341 
5, 1.478162, 19.111779, 1141875, 1285.219471 
6, 2.453394, 33.522709, 3113125, 3579.505719 
7, 6.814269, 23.356406, 3320625, 3805.261744 
8, 11.823702, 37.473024, 3943125, 4578.157236 
9, 18.648887, 25.097419, 4046875, 4714.042649 
10, 19.131167, 41.087289, 4565625, 5427.200139 
11, 19.131167, 33.509572, 5846250, 7200.475754 
