1, -39.651714, -14.288464, 208125, 342.771380 
2, -38.248298, 0.572167, 311875, 493.353736 
3, -16.015031, 76.627918, 519375, 1135.368274 
4, 63.541243, 122.811208, 623125, 1440.201352 
5, 103.482500, 137.474465, 726875, 1805.138492 
6, 117.529659, 154.614295, 934375, 2589.653315 
7, 157.393757, 226.841622, 1038125, 2999.138534 
8, 171.464220, 260.500010, 1141875, 3598.492900 
9, 177.403098, 218.207278, 1245625, 4108.110410 
10, 183.130646, 237.967309, 1453125, 5322.587734 
11, 190.427351, 223.494277, 1660625, 6467.562822 
12, 208.506290, 231.361606, 1764375, 6981.332872 
13, 208.506290, 214.759846, 1803750, 7201.360579 
