1, 0.233333, -619.448765, 625, 0.246896 
2, 0.535185, -820.686815, 1250, 0.461242 
3, 0.557407, -846.864190, 1875, 1.122398 
1, 0.233333, -619.448765, 625, 0.212374 
2, 0.535185, -820.686815, 1250, 0.392439 
3, 0.557407, -846.864190, 1875, 1.002492 
1, 0.233333, -619.448765, 625, 0.282912 
2, 0.535185, -820.686815, 1250, 0.477665 
3, 0.557407, -846.864190, 1875, 1.185399 
1, 0.233333, -619.448765, 625, 0.505558 
2, 0.535185, -820.686815, 1250, 1.171602 
3, 0.557407, -846.864190, 1875, 1.835121 
1, 0.233333, -619.448765, 625, 0.278374 
2, 0.535185, -820.686815, 1250, 0.481690 
3, 0.557407, -846.864190, 1875, 1.099835 
1, 0.233333, -619.448765, 625, 0.270948 
2, 0.535185, -820.686815, 1250, 0.859172 
3, 0.557407, -846.864190, 1875, 1.880864 
1, 0.233333, -619.448765, 625, 0.230628 
2, 0.535185, -820.686815, 1250, 0.420814 
3, 0.557407, -846.864190, 1875, 1.042625 
1, 0.233333, -619.448765, 625, 0.232071 
2, 0.535185, -820.686815, 1250, 0.427632 
3, 0.557407, -846.864190, 1875, 1.040980 
4, 0.459542, -1118.051431, 2501, 3.153348 
5, 0.503817, -424.921906, 3126, 3.405249 
6, 0.505344, -468.780093, 3751, 5.111282 
7, 0.496617, -468.098474, 4377, 8.474330 
8, 0.573748, -452.472233, 5002, 9.391118 
9, 0.576455, -454.203196, 5627, 10.212755 
10, 0.599459, -362.540336, 6252, 10.819589 
11, 0.600812, -415.836959, 6877, 11.378671 
12, 0.601759, -481.919469, 7503, 14.655292 
1, 0.233333, -619.448765, 625, 0.223489 
2, 0.535185, -820.686815, 1250, 0.417838 
3, 0.557407, -846.864190, 1875, 1.069492 
4, 0.459542, -1118.051431, 2501, 3.123507 
5, 0.503817, -424.921906, 3126, 3.368247 
6, 0.505344, -468.780093, 3751, 4.914465 
7, 0.496617, -468.098474, 4377, 7.597618 
8, 0.573748, -452.472233, 5002, 8.470810 
9, 0.576455, -454.203196, 5627, 9.288808 
10, 0.599459, -362.540336, 6252, 9.873037 
11, 0.600812, -415.836959, 6877, 10.334677 
12, 0.601759, -481.919469, 7503, 12.724898 
13, 0.556787, -648.057860, 8130, 18.336254 
14, 0.634349, -670.341687, 8755, 18.728709 
15, 0.636196, -639.448652, 9380, 19.151898 
16, 0.596021, -691.977068, 10006, 20.259807 
17, 0.553871, -637.195329, 10632, 25.620390 
18, 0.568236, -626.051747, 11257, 27.725417 
19, 0.570630, -614.103144, 11882, 27.985197 
20, 0.577015, -597.215747, 12507, 28.425963 
21, 0.538740, -134.111165, 13134, 34.762942 
22, 0.540188, -136.775800, 13759, 35.058125 
23, 0.554671, -203.737044, 14384, 35.357337 
24, 0.552414, -297.254760, 15010, 38.052536 
25, 0.605070, -357.135567, 15636, 51.106620 
26, 0.584632, -276.612751, 16262, 54.423650 
27, 0.566994, -306.847491, 16888, 65.863699 
28, 0.548311, -248.178745, 17516, 105.460236 
29, 0.543419, -265.113157, 18142, 113.392196 
30, 0.608318, -263.053445, 18767, 120.380316 
31, 0.612889, -387.700618, 19393, 121.518066 
32, 0.618438, -374.466228, 20018, 122.356708 
33, 0.580407, -604.382032, 20648, 176.911906 
34, 0.591292, -359.743649, 21273, 180.478585 
35, 0.601826, -443.283567, 21898, 185.483661 
36, 0.604284, -427.070374, 22523, 186.576286 
37, 0.604986, -386.538616, 23148, 187.664209 
38, 0.588016, -105.963640, 23774, 207.863536 
39, 0.588355, -130.445410, 24399, 209.378646 
40, 0.600542, -148.283214, 25024, 210.639702 
41, 0.624577, -124.322769, 25649, 211.253547 
42, 0.656737, -203.058023, 26274, 212.678650 
43, 0.659106, -239.892347, 26899, 215.227284 
44, 0.663169, -121.294284, 27524, 216.916037 
45, 0.656726, -137.876957, 28150, 220.573295 
46, 0.657374, -74.115267, 28775, 248.476996 
47, 0.632513, -11.005439, 29401, 251.469587 
48, 0.634230, -305.181772, 30026, 271.659775 
49, 0.623611, -184.376447, 30652, 282.510392 
50, 0.622893, -344.200835, 31278, 314.929192 
51, 0.625612, -211.151566, 31903, 319.145249 
52, 0.552159, -386.656602, 32529, 368.367709 
53, 0.559000, -346.550375, 33154, 369.961246 
54, 0.553658, -318.369474, 33780, 373.171543 
55, 0.554923, -352.347999, 34405, 373.287394 
56, 0.602151, -205.344614, 35030, 373.686530 
57, 0.612903, -141.414203, 35655, 374.512073 
58, 0.603116, -153.073448, 36282, 398.713150 
59, 0.608828, -147.563602, 36908, 411.692947 
60, 0.612675, -102.072144, 37533, 419.935817 
61, 0.626443, -98.528724, 38158, 442.641096 
62, 0.628670, -253.999795, 38783, 462.861381 
63, 0.594019, -58.170829, 39409, 487.358933 
64, 0.600556, -139.108837, 40035, 505.382613 
65, 0.610455, -165.216547, 40660, 506.343515 
66, 0.639805, -372.455653, 41285, 514.799765 
67, 0.640848, -403.472241, 41910, 524.364536 
68, 0.642411, -286.661284, 42535, 534.139967 
69, 0.683571, -129.526759, 43160, 548.723545 
70, 0.684265, -98.224504, 43785, 549.190736 
71, 0.692428, -92.536159, 44410, 550.874678 
72, 0.699722, -120.012152, 45035, 553.740287 
73, 0.711011, -172.159876, 45660, 556.892544 
74, 0.713616, -57.157875, 46285, 567.326092 
75, 0.717610, -125.910307, 46910, 582.592636 
76, 0.656999, -148.427297, 47536, 613.695291 
77, 0.613818, -109.672142, 48162, 640.245031 
78, 0.629544, -69.936672, 48787, 658.280773 
79, 0.630962, -488.297829, 49412, 662.138136 
80, 0.642820, -364.252529, 50037, 662.895908 
81, 0.643594, -328.806286, 50662, 664.224624 
82, 0.644109, -328.052573, 51287, 665.087385 
83, 0.641533, -325.949588, 51914, 697.654428 
84, 0.643285, -385.831818, 52541, 764.308621 
85, 0.646283, -127.821349, 53166, 783.948662 
86, 0.650480, -116.649358, 53791, 785.755414 
87, 0.652638, -125.753195, 54416, 787.956683 
88, 0.656715, -121.015858, 55041, 788.435593 
89, 0.671703, -6.551848, 55666, 789.196140 
90, 0.670104, -17.476810, 56292, 790.999862 
91, 0.671173, -5.449844, 56919, 882.888223 
92, 0.669897, -17.211108, 57545, 905.460404 
93, 0.671950, 6.691608, 58170, 905.723544 
94, 0.663923, 11.202731, 58798, 1028.016070 
95, 0.654191, -3.948411, 59428, 1196.030054 
96, 0.656203, -36.804742, 60053, 1196.032620 
97, 0.647405, -18.499011, 60680, 1255.907528 
98, 0.655034, -134.045188, 61309, 1394.447941 
99, 0.659602, -75.194237, 61934, 1396.441101 
100, 0.656201, -183.948052, 62563, 1534.326549 
101, 0.644793, -112.423565, 63191, 1663.745654 
102, 0.647443, -97.264309, 63818, 1791.359404 
103, 0.642575, 33.230280, 64445, 1853.261691 
104, 0.635522, -68.782013, 65071, 1895.237346 
105, 0.634456, -19.781266, 65698, 2023.149432 
106, 0.618708, -88.077408, 66329, 2302.913206 
107, 0.635049, -76.852226, 66957, 2513.842255 
108, 0.629625, -110.763760, 67585, 2640.628921 
109, 0.628489, -98.502074, 68211, 2669.591919 
110, 0.631335, -118.365272, 68839, 2767.454560 
111, 0.628812, -564.281930, 69468, 3048.644383 
112, 0.616624, -610.634610, 70098, 3381.408946 
113, 0.612023, -402.088248, 70730, 3710.321871 
114, 0.628278, -402.196225, 71355, 3711.552653 
115, 0.615998, -309.620688, 71984, 4118.704196 
116, 0.635273, -352.116166, 72610, 4127.851085 
117, 0.632921, -378.627756, 73236, 4283.481734 
118, 0.632656, -303.229414, 73862, 4387.526446 
119, 0.630566, -352.142021, 74488, 4530.018141 
