1, 0.180401, -581.072407, 625, 0.209460 
2, 0.262806, -284.076437, 1250, 0.209797 
3, 0.376392, -536.948391, 1875, 0.476831 
4, 0.534521, -794.073977, 2500, 0.948562 
5, 0.538976, -891.505562, 3125, 1.635852 
6, 0.460076, -968.591028, 3751, 3.932898 
7, 0.471483, -647.023462, 4376, 3.941251 
8, 0.473384, -716.404818, 5001, 4.446036 
9, 0.526616, -673.094444, 5626, 4.961728 
10, 0.528517, -669.122422, 6251, 5.792756 
11, 0.549430, -710.351355, 6876, 6.589524 
12, 0.562738, -731.332480, 7501, 7.199228 
13, 0.581749, -579.950221, 8126, 9.486461 
14, 0.454006, -650.105630, 8752, 10.373787 
15, 0.474795, -415.719549, 9379, 15.008843 
16, 0.485346, -299.652908, 10004, 15.301270 
17, 0.487691, -585.651510, 10629, 15.606406 
18, 0.513482, -253.903419, 11254, 16.739186 
19, 0.521688, -267.123690, 11879, 17.474073 
20, 0.524033, -588.832373, 12504, 18.535289 
21, 0.473953, -569.211618, 13131, 22.795665 
22, 0.449096, -616.277013, 13757, 25.930624 
23, 0.461465, -448.321012, 14382, 26.970297 
24, 0.486204, -385.131491, 15007, 27.345277 
25, 0.558516, -846.026040, 15632, 30.397433 
26, 0.566127, -178.338864, 16257, 32.457770 
27, 0.568030, -217.285484, 16882, 33.945476 
28, 0.591500, -126.938574, 17508, 42.947541 
29, 0.512068, -116.833746, 18137, 81.488781 
30, 0.514025, -106.959241, 18762, 83.212701 
31, 0.530333, -101.906987, 19387, 84.151859 
32, 0.534247, -98.936834, 20012, 85.129416 
33, 0.536204, -104.416411, 20637, 86.744100 
34, 0.619700, -399.404019, 21262, 89.826095 
35, 0.593427, -644.727465, 21888, 108.247939 
36, 0.565367, -664.344276, 22514, 111.197435 
37, 0.577982, -197.129276, 23139, 116.737017 
38, 0.507450, -111.651403, 23766, 129.260096 
39, 0.517090, -180.296714, 24391, 132.639104 
40, 0.526731, -163.480819, 25016, 141.483952 
41, 0.533742, -163.771543, 25641, 143.264483 
42, 0.554338, -182.915733, 26266, 144.895012 
43, 0.558720, -156.737878, 26891, 146.533917 
44, 0.666239, -180.979693, 27517, 152.251227 
45, 0.667522, -308.095255, 28142, 171.823409 
46, 0.615130, -276.332787, 28769, 190.965585 
47, 0.624311, -274.080364, 29394, 191.430825 
