1, -114.655140, -104.663914, 104375, 49.098614 
2, -109.539807, -108.285845, 208125, 96.605737 
3, -108.565701, -104.653589, 726875, 328.014506 
4, -107.983116, -104.972840, 1245625, 568.621154 
5, -107.316503, -106.239578, 1971875, 904.004576 
6, -107.204441, -106.602771, 5603125, 2610.243408 
7, -105.238467, -105.583271, 6225625, 2910.877796 
8, -99.446748, -60.740839, 9130625, 4233.643643 
9, -64.658946, -59.029795, 9545625, 4397.781426 
10, -64.544538, -60.442539, 9649375, 4436.698714 
11, -57.549048, -46.485476, 9960625, 4560.684085 
