1, -132.732204, -115.676710, 104375, 25.085781 
2, -122.406700, -113.606409, 208125, 52.241878 
3, -118.388196, -108.034077, 2490625, 592.548624 
4, -86.262791, -87.617427, 2698125, 650.185319 
5, -80.117218, -69.422922, 3528125, 959.399855 
6, -79.054922, -59.517675, 3735625, 1047.775820 
7, -68.084623, -52.900084, 3943125, 1145.194954 
8, -52.023477, -50.199775, 4773125, 1578.739219 
9, -42.926856, -35.839306, 6951875, 2749.373632 
10, -37.658871, -24.214224, 7159375, 2856.286412 
11, -37.324999, -13.913416, 7678125, 3137.988524 
12, -29.577237, -24.628842, 8923125, 3821.688639 
13, -28.108748, -27.206469, 12658125, 5914.470484 
14, -27.809280, -27.236837, 12761875, 5975.841886 
