1, -133.869385, -101.986313, 104375, 48.057218 
2, -126.518459, -102.774455, 208125, 90.133504 
3, -101.042812, -106.233733, 415625, 167.454248 
4, -100.057482, -80.733952, 1971875, 777.211720 
5, -99.774516, -73.647881, 2179375, 869.630634 
6, -97.023828, -70.169398, 2283125, 915.765929 
7, -91.762885, -69.214859, 2490625, 1009.277714 
8, -70.654604, -69.855887, 5188125, 2215.215676 
9, -65.554407, -48.741135, 5499375, 2383.134001 
10, -27.986146, 14.722978, 5706875, 3259.819379 
11, -26.803264, 14.780799, 6018125, 5817.459402 
