1, 0.467332, 0, 0.399006 
2, 0.621487, -727.130394, 625, 12.888971 
3, 0.626418, -741.040411, 1250, 46.601726 
4, 0.630486, -536.812914, 1875, 220.781754 
5, 0.631842, -659.661641, 2500, 281.240008 
6, 0.632458, -575.991919, 3125, 287.027293 
7, 0.633013, -447.316781, 3750, 1067.607186 
8, 0.636896, -663.696842, 4375, 2660.185034 
9, 0.636958, -671.611148, 5000, 3306.954747 
10, 0.637204, -360.435290, 5625, 3822.179107 
11, 0.638252, -437.024743, 6250, 4338.203386 
12, 0.639300, -444.337093, 6875, 5096.452663 
13, 0.639300, -441.170165, 7500, 6600.221218 
