1, 0.167221, 0, 0.350154 
2, 0.197917, -121.349425, 625, 0.643601 
3, 0.327170, -472.430295, 1250, 1.952443 
4, 0.468195, -727.760780, 1875, 6.508359 
5, 0.555720, -737.992896, 2500, 22.620865 
6, 0.627281, -913.746088, 3125, 24.629137 
7, 0.627712, -893.392377, 3750, 29.798816 
8, 0.627774, -914.680469, 4375, 457.553466 
9, 0.627897, -760.050829, 5000, 899.089105 
10, 0.633629, -547.933504, 5625, 1404.803308 
11, 0.633691, -550.662990, 6250, 1663.686817 
12, 0.636033, -633.158030, 6875, 1681.149463 
13, 0.636649, -484.251421, 7500, 2076.608876 
14, 0.636711, -517.984941, 8125, 2505.624405 
15, 0.636834, -549.507435, 8750, 2801.833319 
16, 0.637204, -547.204905, 9375, 3172.634354 
17, 0.637266, -543.005697, 10000, 4479.135711 
18, 0.637882, -548.192238, 10625, 5018.562028 
19, 0.637882, -545.109102, 11250, 6601.108411 
