1, 0.395346, 0, 0.182134 
2, 0.516745, -810.793127, 625, 9.171757 
3, 0.519938, -806.761122, 1250, 16.517514 
4, 0.533348, -749.839222, 1875, 21.552428 
5, 0.637647, -785.771794, 2500, 41.135284 
6, 0.639208, -949.513897, 3125, 44.279418 
7, 0.640982, -1071.441180, 3750, 45.373959 
8, 0.661487, -845.371175, 4375, 46.515114 
9, 0.663616, -345.629760, 5000, 438.974099 
10, 0.663758, -323.903864, 5625, 451.622227 
11, 0.664041, -879.161165, 6250, 1344.492715 
12, 0.664112, -810.634639, 6875, 1347.963786 
13, 0.664964, -699.245191, 7500, 1351.207989 
14, 0.665106, -814.634319, 8125, 1353.549063 
15, 0.665815, -900.479273, 8750, 1618.769629 
16, 0.665957, -1008.401295, 9375, 2155.217798 
17, 0.667802, -1068.856819, 10000, 2481.794206 
18, 0.668370, -841.101465, 10625, 2664.545459 
19, 0.668370, -810.169539, 11250, 6600.089346 
