1, -121.405226, -97.558351, 104375, 43.759898 
2, -115.763414, -102.022919, 208125, 67.665694 
3, -112.732524, -101.676278, 934375, 236.057297 
4, -112.275794, -97.624307, 1245625, 302.808249 
5, -109.683616, -100.086807, 2594375, 597.037448 
6, -72.607667, -68.841097, 3320625, 768.936294 
7, -70.358666, -54.267016, 3424375, 810.037911 
8, -36.900839, -27.483806, 3528125, 867.627217 
9, -23.455531, 4.644636, 3631875, 935.659370 
10, -20.674134, 8.803346, 3735625, 1005.466374 
11, -5.328259, 7.165955, 3839375, 1075.816229 
12, 7.315769, 1.343851, 4150625, 1325.140088 
13, 14.353911, 15.659331, 5914375, 3040.754082 
