1, -137.604667, -117.280346, 104375, 36.715359 
2, -129.522508, -103.494144, 311875, 100.474801 
3, -84.240903, -91.390653, 519375, 150.382857 
4, -75.494909, -46.007924, 726875, 221.277472 
5, -62.281297, -2.129065, 830625, 276.008280 
6, -54.591116, -7.500126, 1038125, 404.643556 
7, -6.560294, 47.812040, 1245625, 574.133815 
8, 20.659826, 36.297012, 1349375, 682.296302 
9, 43.737510, 37.472286, 1660625, 969.466277 
10, 45.475681, 40.619201, 2698125, 2309.922945 
11, 53.750958, 50.041137, 3216875, 4308.716025 
