1, -133.181716, -115.962720, 104375, 49.637222 
2, -122.293842, -108.308017, 208125, 80.231641 
3, -106.395320, -85.510653, 311875, 114.616917 
4, -81.686639, -84.686850, 415625, 152.721325 
5, -76.847313, -53.025323, 519375, 201.222566 
6, -76.113385, -60.736837, 3216875, 1326.140312 
7, -73.595396, -41.125039, 4254375, 1758.106378 
8, -71.607208, -57.053846, 4669375, 1933.436270 
9, -56.899562, -57.997828, 4980625, 2075.990632 
10, -51.081857, -43.583403, 5499375, 2315.831996 
11, -48.627731, -38.109820, 9649375, 4089.236492 
12, -41.899206, -57.545172, 9856875, 4190.593559 
13, -1.552439, -7.359063, 10479375, 4476.610938 
