1, -129.983328, -114.005606, 104375, 29.099876 
2, -129.196906, -103.588975, 208125, 54.900616 
3, -126.051798, -99.514180, 519375, 134.609660 
4, -97.736606, -106.944361, 2490625, 694.120919 
5, -90.941323, -44.964315, 3735625, 1096.433442 
6, -79.572817, -46.155504, 3943125, 1181.541296 
7, -77.366950, -51.575770, 4046875, 1223.433312 
8, -51.890593, -54.262671, 4669375, 1485.861091 
9, -48.729417, -5.759340, 5084375, 1801.239010 
10, -46.585743, 1.185974, 5188125, 1913.430725 
11, -12.066906, -10.088213, 5499375, 2244.442628 
12, 7.687121, -10.784249, 7885625, 4742.536450 
