1, -126.772850, -108.144035, 104375, 28.672618 
2, -105.411498, -77.876234, 415625, 115.602714 
3, -103.568342, -68.000799, 519375, 158.106040 
4, -88.928051, -69.973213, 830625, 288.981397 
5, -71.451759, -77.057486, 934375, 329.563245 
6, -68.284851, -65.307759, 1660625, 631.237599 
7, -48.178737, -48.568083, 1868125, 711.481782 
8, -47.590566, -41.112644, 2594375, 1232.475940 
9, -44.436056, -34.188658, 3943125, 2214.458844 
10, -44.192279, -35.643346, 4150625, 2328.940928 
11, -43.113443, -31.047499, 5084375, 2844.403713 
12, -38.543072, -34.443088, 5499375, 3080.566192 
13, -2.975980, 20.165671, 6225625, 3891.480305 
14, 34.353736, 40.330382, 6329375, 4654.117943 
