1, -137.406540, -105.279590, 104375, 31.423450 
2, -93.219912, -74.666598, 208125, 67.082695 
3, -86.651563, -46.530559, 311875, 102.952205 
4, -62.416406, -57.809816, 726875, 262.486683 
5, -58.049286, -47.824526, 2490625, 969.551666 
6, -45.686808, -55.297415, 3113125, 1218.941618 
7, -42.315315, -25.094690, 3631875, 1397.707639 
8, -39.516287, -24.627453, 3735625, 1441.113836 
9, -38.164679, -28.988561, 4150625, 1606.777675 
10, -34.384706, -19.897197, 4358125, 1692.839674 
11, -30.682379, -28.737944, 4773125, 1866.732389 
12, -23.382596, -33.577100, 5395625, 2136.329422 
13, -16.684976, 20.817940, 5706875, 2292.009194 
14, -15.079153, 16.939477, 5810625, 2420.451034 
15, -13.710913, 18.004615, 6018125, 2672.587698 
16, 12.016327, 15.820298, 6121875, 2801.570538 
