1, -129.998788, -105.024568, 104375, 30.581137 
2, -114.963210, -90.243339, 519375, 149.011019 
3, -109.948733, -97.375236, 623125, 179.291122 
4, -100.745953, -81.641301, 934375, 262.239461 
5, -80.723700, -78.181320, 1556875, 438.833945 
6, -76.435508, -56.147700, 1868125, 536.294394 
7, -69.469945, -68.822257, 1971875, 575.605792 
8, -65.769433, -42.281476, 4150625, 1420.599961 
9, -55.652287, -59.624076, 5188125, 1813.897166 
10, -54.535691, -43.715067, 10479375, 3779.992038 
11, -51.863756, -41.625871, 12243125, 5075.682075 
12, -50.162726, -36.795014, 14006875, 5887.303483 
