1, -117.684487, -112.135442, 104375, 56.498111 
2, -73.491343, -31.019276, 726875, 223.850484 
3, -38.474599, -13.462830, 830625, 290.996941 
4, 6.087275, 13.541804, 934375, 374.191830 
5, 8.999535, 47.868183, 1245625, 968.533385 
6, 11.167684, 60.660805, 1349375, 1213.734014 
7, 24.493536, 58.671580, 1453125, 1498.487354 
8, 26.068855, 57.726003, 1764375, 2566.609230 
9, 34.357477, 36.510754, 1971875, 3168.366480 
10, 38.467176, 58.059965, 2075625, 3450.312779 
11, 45.372867, 56.389622, 2386875, 4320.363502 
