1, -122.571681, -105.814169, 104375, 21.231554 
2, -114.203755, -96.494915, 208125, 44.844270 
3, -112.663973, -103.565628, 415625, 92.888103 
4, -96.358581, -39.753024, 726875, 200.147917 
5, -89.975662, -73.309064, 830625, 248.574996 
6, -82.980709, -39.175145, 1349375, 495.274781 
7, -72.973328, -35.166181, 1453125, 560.544200 
8, -71.170022, -42.288177, 1556875, 638.693888 
9, -63.135602, -22.295844, 1868125, 840.218309 
10, -61.729907, -38.223358, 1971875, 897.860990 
11, -55.488915, -37.653190, 2490625, 1298.925932 
12, -55.472866, -43.519993, 2698125, 1419.686881 
13, -51.138252, -45.350357, 4461875, 2604.309838 
14, -39.769469, -28.006097, 5084375, 3038.451975 
15, -36.098841, -22.387427, 7781875, 5187.729193 
