1, -133.869385, -101.986313, 104375, 48.618005 
2, -126.518459, -102.774455, 208125, 91.216084 
3, -101.042812, -106.233733, 415625, 168.896015 
4, -100.057482, -80.733952, 1971875, 779.219453 
5, -99.774516, -73.647881, 2179375, 869.678925 
6, -97.023828, -70.169398, 2283125, 914.750654 
7, -91.762885, -69.214859, 2490625, 1005.763016 
8, -70.654604, -69.855887, 5188125, 2207.373088 
9, -65.554407, -48.741135, 5499375, 2372.882853 
10, -27.986146, 14.722978, 5706875, 3242.965707 
11, -26.803264, 14.780799, 6018125, 5742.996088 
