1, -821.260175, 0.635092, 1250, 42.265982 
2, -787.452661, 0.638791, 2500, 113.655225 
3, -709.660785, 0.638791, 3125, 138.582660 
4, -653.243673, 0.638791, 3750, 242.497301 
5, -353.620081, 0.650209, 6875, 393.574557 
6, -348.276502, 0.650209, 7500, 433.481321 
7, -342.717022, 0.650531, 8750, 490.230114 
8, -341.981682, 0.650531, 11875, 727.888721 
9, -338.229313, 0.650531, 13125, 769.429175 
10, -333.848033, 0.650531, 15625, 892.728804 
11, -315.605985, 0.650531, 16250, 905.908854 
12, -309.501663, 0.651094, 23125, 1229.028525 
13, -289.948439, 0.655918, 23750, 1255.180891 
14, -272.473495, 0.655918, 26250, 1372.612418 
15, -267.666806, 0.655918, 28125, 1453.970700 
16, -240.955842, 0.655918, 46250, 2310.391647 
