1, -480.926754, 0.635846, 7500, 562.710088 
2, -477.635969, 0.635846, 9375, 677.984464 
3, -472.730896, 0.635846, 10625, 788.321060 
4, -469.529358, 0.635846, 11250, 824.439011 
5, -464.486247, 0.635846, 13125, 1023.803897 
6, -458.914242, 0.635846, 13750, 1055.916317 
7, -365.846762, 0.636452, 14375, 1088.889002 
8, -336.796727, 0.636452, 15000, 1120.826704 
9, -331.192087, 0.636452, 15625, 1163.883788 
10, -321.467742, 0.636452, 18125, 1376.597183 
11, -321.284099, 0.636452, 25000, 2035.434230 
12, -317.714865, 0.636452, 33125, 2860.375586 
