0, 9.360000, 0.000000, 101, 0.469184 
1, 44.610000, 1.000000, 201, 25.596165 
2, 193.430000, 0.981436, 301, 84.343349 
0, 9.360000, 0.000000, 101, 0.476664 
1, 9.370000, 0.900000, 201, 4.771256 
2, 22.450000, 0.957761, 301, 8.822164 
3, 37.600000, 0.975564, 401, 18.449037 
4, 39.080000, 0.842060, 501, 38.972604 
5, 41.050000, 0.845990, 801, 133.768262 
6, 193.250000, 0.973428, 1101, 202.786751 
7, 208.790000, 0.896305, 1201, 281.876321 
0, 9.350000, 0.000000, 101, 0.649272 
1, 9.370000, 1.000000, 201, 7.177079 
2, 40.850000, 0.958774, 301, 16.336073 
3, 79.240000, 0.938581, 401, 35.999199 
4, 355.840000, 0.934851, 501, 77.311284 
5, 400.410000, 0.845938, 601, 274.670617 
6, 500.000000, 0.870511, 801, 1085.405375 
0, 9.350000, 0.000000, 101, 0.644842 
1, 9.370000, 1.000000, 201, 7.059023 
2, 40.850000, 0.958774, 301, 16.572015 
3, 79.240000, 0.938581, 401, 36.301128 
4, 355.840000, 0.934851, 501, 78.805072 
5, 400.410000, 0.845938, 601, 273.419731 
6, 500.000000, 0.870511, 801, 1087.438793 
0, 10.790000, 0.000000, 101, 0.843036 
1, 185.710000, 0.990809, 301, 40.442542 
2, 195.710000, 0.812767, 601, 176.861028 
3, 266.730000, 0.881751, 1401, 1853.395034 
4, 500.000000, 0.957904, 1501, 2393.338502 
0, 44.720000, 0.000000, 101, 0.992921 
1, 53.120000, 0.804144, 301, 37.122734 
2, 367.880000, 0.971122, 401, 76.539336 
