1, -132.732204, -115.676710, 104375, 24.268607 
2, -122.406700, -113.606409, 208125, 50.668616 
3, -118.388196, -108.034077, 2490625, 612.987397 
4, -86.262791, -87.617427, 2698125, 670.271703 
5, -80.117218, -69.422922, 3528125, 977.128911 
6, -79.054922, -59.517675, 3735625, 1066.310043 
7, -68.084623, -52.900084, 3943125, 1163.841871 
1, -143.550474, -114.619557, 104375, 40.098385 
2, -120.665674, -102.614785, 208125, 86.354288 
3, -116.036343, -98.975349, 519375, 227.477519 
8, -52.023477, -50.199775, 4773125, 1621.560009 
4, -108.618720, -105.524208, 934375, 408.029281 
5, -108.225572, -101.536321, 1660625, 677.507148 
6, -72.972374, -65.493494, 1764375, 718.781320 
7, -49.020722, 27.955327, 1868125, 901.016346 
8, -11.212007, 38.068043, 1971875, 1253.150849 
9, -42.926856, -35.839306, 6951875, 2799.934538 
10, -37.658871, -24.214224, 7159375, 2906.302248 
11, -37.324999, -13.913416, 7678125, 3189.327760 
12, -29.577237, -24.628842, 8923125, 3872.376843 
13, -28.108748, -27.206469, 12658125, 6101.110946 
14, -27.809280, -27.236837, 12761875, 6172.358571 
9, -10.413667, 63.177285, 3113125, 5370.574220 
1, -143.550474, -114.619557, 104375, 41.268191 
2, -120.665674, -102.614785, 208125, 86.339112 
3, -116.036343, -98.975349, 519375, 232.661057 
4, -108.618720, -105.524208, 934375, 420.466363 
5, -108.225572, -101.536321, 1660625, 702.298682 
6, -72.972374, -65.493494, 1764375, 744.292130 
7, -49.020722, 27.955327, 1868125, 933.389935 
8, -11.212007, 38.068043, 1971875, 1300.293360 
9, -10.413667, 63.177285, 3113125, 5571.827079 
