1, -126.905885, -107.048860, 104375, 38.036512 
2, -121.748001, -105.333016, 415625, 102.750191 
3, -115.281439, -109.156250, 519375, 123.110423 
4, -112.590735, -109.319950, 1971875, 405.539414 
5, -111.194294, -108.572112, 3528125, 751.950799 
6, -107.178375, -106.674625, 3735625, 793.122030 
7, -106.556932, -102.865123, 7055625, 1538.027725 
1, 12.086055, 13.207050, 104375, 245.646252 
8, -106.296526, -76.071327, 7781875, 1808.960344 
9, -92.494411, -74.547465, 7989375, 1915.171897 
10, -79.336304, -64.529742, 8404375, 2128.234020 
11, -49.220973, -19.450764, 8508125, 2255.767456 
12, -17.647281, 7.461199, 8611875, 2411.942451 
13, -11.133288, 28.323422, 8715625, 2777.168186 
14, -4.900220, 27.371291, 8819375, 3141.261187 
15, -3.509755, 29.127956, 8923125, 3531.168141 
16, -2.202156, 37.653390, 9026875, 3831.916597 
17, -1.533439, 47.992163, 9130625, 4070.564302 
18, 17.677387, 61.703545, 9234375, 4336.226195 
19, 29.447508, 54.044245, 9338125, 4653.653354 
20, 36.895765, 85.718924, 9441875, 5172.001006 
21, 99.057150, 82.887038, 9649375, 6483.900497 
1, 12.086055, 13.207050, 104375, 214.866708 
