1, -133.787168, -107.492730, 104375, 145.725564 
2, -122.581451, -111.824610, 208125, 281.435647 
3, -81.204887, -64.381772, 415625, 509.189756 
4, -43.947216, -0.546381, 726875, 829.895110 
5, 2.618279, 27.742109, 934375, 1170.554490 
6, 6.326940, 32.037988, 1141875, 1755.011512 
7, 7.180479, 32.923140, 1245625, 2109.193052 
8, 10.424706, 32.085455, 1349375, 2463.558280 
9, 10.760718, 38.723560, 1764375, 3797.712045 
10, 20.298489, 39.018760, 1971875, 4538.305388 
1, -133.787168, -107.492730, 104375, 177.744044 
2, -122.581451, -111.824610, 208125, 341.426064 
3, -81.204887, -64.381772, 415625, 610.634271 
4, -43.947216, -0.546381, 726875, 993.322293 
5, 2.618279, 27.742109, 934375, 1370.883784 
6, 6.326940, 32.037988, 1141875, 1998.989385 
7, 7.180479, 32.923140, 1245625, 2364.120898 
8, 10.424706, 32.085455, 1349375, 2726.699742 
9, 10.760718, 38.723560, 1764375, 4100.089514 
10, 20.298489, 39.018760, 1971875, 4978.993753 
