1, -139.444070, -107.645926, 104375, 34.977525 
2, -116.220807, -110.433262, 208125, 65.042933 
3, -41.165693, -30.415281, 1453125, 463.584427 
4, -21.344427, -6.881541, 1556875, 530.989910 
5, -16.920310, -4.913636, 1764375, 689.071168 
6, -15.384733, -6.686509, 2490625, 1252.046562 
7, -15.271168, -1.039827, 2905625, 1575.619638 
8, -10.607677, -8.410885, 3216875, 1809.397709 
9, -9.742341, -2.084809, 4565625, 2939.592695 
10, -8.602780, -1.569755, 6433125, 4520.535154 
1, -139.444070, -107.645926, 104375, 36.781311 
2, -116.220807, -110.433262, 208125, 68.715427 
3, -41.165693, -30.415281, 1453125, 477.704136 
4, -21.344427, -6.881541, 1556875, 546.773047 
5, -16.920310, -4.913636, 1764375, 718.623031 
6, -15.384733, -6.686509, 2490625, 1285.682935 
7, -15.271168, -1.039827, 2905625, 1604.151145 
8, -10.607677, -8.410885, 3216875, 1835.372209 
9, -9.742341, -2.084809, 4565625, 2929.629116 
10, -8.602780, -1.569755, 6433125, 4447.427312 
