1, -16.194960, -20.310094, 104375, 118.164955 
2, -11.699844, 67.559763, 208125, 354.139623 
3, 32.199957, 62.567746, 311875, 645.161893 
4, 42.293466, 61.795225, 623125, 1378.382229 
5, 55.012506, 60.227260, 830625, 1885.698576 
6, 87.719966, 141.840002, 1038125, 2837.593229 
7, 106.297336, 147.838409, 1141875, 3805.360780 
8, 106.873605, 137.087143, 1349375, 6212.122116 
1, -16.194960, -20.310094, 104375, 135.328866 
2, -11.699844, 67.559763, 208125, 379.749152 
3, 32.199957, 62.567746, 311875, 675.154820 
4, 42.293466, 61.795225, 623125, 1398.023094 
5, 55.012506, 60.227260, 830625, 1880.204180 
6, 87.719966, 141.840002, 1038125, 2765.323732 
7, 106.297336, 147.838409, 1141875, 3667.791838 
8, 106.873605, 137.087143, 1349375, 6177.327196 
