1, -133.869385, -101.986313, 104375, 50.253019 
2, -126.518459, -102.774455, 208125, 94.198081 
3, -101.042812, -106.233733, 415625, 174.381598 
4, -100.057482, -80.733952, 1971875, 807.734452 
5, -99.774516, -73.647881, 2179375, 902.601470 
6, -97.023828, -70.169398, 2283125, 949.556205 
7, -91.762885, -69.214859, 2490625, 1045.094677 
1, -80.099655, -27.705552, 104375, 195.949395 
2, -49.579164, -2.198188, 208125, 389.089105 
8, -70.654604, -69.855887, 5188125, 2312.942348 
9, -65.554407, -48.741135, 5499375, 2486.182383 
3, 27.551272, 52.709969, 519375, 1639.160090 
10, -27.986146, 14.722978, 5706875, 3386.648477 
11, -26.803264, 14.780799, 6018125, 6047.435084 
1, -80.099655, -27.705552, 104375, 189.954290 
2, -49.579164, -2.198188, 208125, 379.301205 
3, 27.551272, 52.709969, 519375, 1653.401988 
