1, -134.891675, -110.963781, 104375, 43.447660 
2, -128.412453, -103.668345, 208125, 66.960709 
3, -126.607719, -104.933852, 311875, 90.522758 
4, -114.635282, -103.194432, 519375, 151.278115 
5, -111.549878, -104.641852, 623125, 192.131110 
6, -109.524617, -104.946458, 726875, 235.279445 
7, -109.055328, -105.776684, 1556875, 577.019618 
8, -108.178545, -104.854833, 1971875, 746.906882 
9, -107.608289, -105.608128, 2386875, 908.183693 
10, -105.502323, -106.119071, 6018125, 2303.487768 
11, -61.507129, -29.493659, 8508125, 3280.276926 
12, -50.632809, -29.645925, 8611875, 3325.958802 
13, -37.110467, -24.226893, 8715625, 3376.729596 
14, -35.476621, -24.942102, 9753125, 3890.759764 
15, -34.735353, -26.659199, 10064375, 4044.548787 
16, -26.850569, -25.032210, 10375625, 4204.359460 
1, -134.891675, -110.963781, 104375, 43.378558 
2, -128.412453, -103.668345, 208125, 67.004225 
3, -126.607719, -104.933852, 311875, 90.529547 
4, -114.635282, -103.194432, 519375, 151.361402 
5, -111.549878, -104.641852, 623125, 193.640696 
6, -109.524617, -104.946458, 726875, 237.552142 
7, -109.055328, -105.776684, 1556875, 584.505651 
8, -108.178545, -104.854833, 1971875, 759.927904 
9, -107.608289, -105.608128, 2386875, 923.126407 
10, -105.502323, -106.119071, 6018125, 2317.789012 
11, -61.507129, -29.493659, 8508125, 3254.861012 
12, -50.632809, -29.645925, 8611875, 3299.258029 
13, -37.110467, -24.226893, 8715625, 3349.188816 
14, -35.476621, -24.942102, 9753125, 3818.611534 
15, -34.735353, -26.659199, 10064375, 3958.800709 
16, -26.850569, -25.032210, 10375625, 4106.029940 
