1, -123.842185, -113.059179, 104375, 19.561779 
2, -115.886426, -109.644861, 311875, 51.735197 
3, -111.083699, -103.422279, 415625, 74.261666 
4, -107.052489, -105.245705, 519375, 117.646517 
5, -106.132710, -103.550936, 830625, 244.856312 
6, -105.767216, -105.921915, 1349375, 469.340158 
7, -105.071681, -100.408203, 2905625, 1146.829393 
8, -80.305602, -68.666425, 3113125, 1331.527507 
9, -64.448121, -64.345290, 3735625, 2178.547557 
1, -123.842185, -113.059179, 104375, 20.273713 
2, -115.886426, -109.644861, 311875, 54.496263 
3, -111.083699, -103.422279, 415625, 77.853623 
4, -107.052489, -105.245705, 519375, 122.785529 
5, -106.132710, -103.550936, 830625, 253.708570 
6, -105.767216, -105.921915, 1349375, 477.856082 
7, -105.071681, -100.408203, 2905625, 1171.066556 
8, -80.305602, -68.666425, 3113125, 1357.600631 
9, -64.448121, -64.345290, 3735625, 2240.067677 
