1, -122.571681, -105.814169, 104375, 20.587022 
2, -114.203755, -96.494915, 208125, 43.403666 
3, -112.663973, -103.565628, 415625, 91.377028 
4, -96.358581, -39.753024, 726875, 185.664831 
5, -89.975662, -73.309064, 830625, 227.130646 
6, -82.980709, -39.175145, 1349375, 473.106167 
7, -72.973328, -35.166181, 1453125, 540.462138 
8, -71.170022, -42.288177, 1556875, 612.598271 
9, -63.135602, -22.295844, 1868125, 836.511771 
10, -61.729907, -38.223358, 1971875, 898.906950 
11, -55.488915, -37.653190, 2490625, 1298.943769 
12, -55.472866, -43.519993, 2698125, 1427.404219 
1, -41.738591, -42.610420, 104375, 49.691583 
2, -7.315836, 52.225614, 208125, 122.431051 
3, -2.226479, 44.509127, 311875, 198.173542 
4, -2.088143, 44.712130, 830625, 569.186221 
5, 50.021626, 30.382274, 1245625, 876.026080 
13, -51.138252, -45.350357, 4461875, 2611.335666 
14, -39.769469, -28.006097, 5084375, 3033.301777 
15, -36.098841, -22.387427, 7781875, 5121.596731 
6, 63.527282, 147.491157, 4358125, 3629.902373 
7, 78.234882, 103.515205, 4461875, 3824.738484 
8, 91.989554, 149.846272, 5084375, 5236.602888 
9, 100.751746, 139.439330, 5499375, 6316.387647 
1, -41.738591, -42.610420, 104375, 43.633125 
2, -7.315836, 52.225614, 208125, 110.583153 
3, -2.226479, 44.509127, 311875, 182.448139 
4, -2.088143, 44.712130, 830625, 545.279323 
5, 50.021626, 30.382274, 1245625, 849.192100 
6, 63.527282, 147.491157, 4358125, 3743.433850 
7, 78.234882, 103.515205, 4461875, 3946.751271 
8, 91.989554, 149.846272, 5084375, 5375.244652 
9, 100.751746, 139.439330, 5499375, 6478.607069 
