1, -109.935847, -105.037863, 208125, 95.334999 
2, -108.898686, -106.602306, 415625, 193.147153 
3, -107.614405, -103.910376, 1245625, 580.624633 
4, -105.877435, -104.672744, 1764375, 823.531124 
5, -42.998274, -10.741605, 7366875, 3725.848983 
6, -40.812832, -21.137014, 8196875, 4121.643333 
7, -36.293088, -12.397109, 8923125, 4447.349944 
8, -27.940388, -17.789313, 9130625, 4544.640529 
9, -27.003843, -16.948333, 10479375, 5098.376579 
10, -20.687334, -24.619219, 10998125, 5297.503122 
1, -109.935847, -105.037863, 208125, 109.949595 
2, -108.898686, -106.602306, 415625, 221.627563 
3, -107.614405, -103.910376, 1245625, 682.726136 
4, -105.877435, -104.672744, 1764375, 967.267108 
5, -42.998274, -10.741605, 7366875, 3804.195953 
6, -40.812832, -21.137014, 8196875, 4144.580195 
7, -36.293088, -12.397109, 8923125, 4421.822944 
8, -27.940388, -17.789313, 9130625, 4501.823987 
9, -27.003843, -16.948333, 10479375, 5075.339625 
10, -20.687334, -24.619219, 10998125, 5311.849687 
