1, -638.658650, 0.602824, 1251, 87.797733 
2, -449.206500, 0.617750, 1877, 324.571542 
3, -397.923863, 0.618541, 2503, 375.421093 
4, -387.469978, 0.571825, 8763, 1106.186673 
5, -231.611163, 0.620281, 10015, 1400.946909 
6, -212.322368, 0.603620, 11267, 1588.990964 
7, -202.717972, 0.586358, 12519, 2123.879293 
8, -190.394750, 0.588868, 13145, 2230.316293 
9, -185.156525, 0.567170, 16275, 3005.682237 
10, -183.548487, 0.565262, 16901, 3246.288872 
11, -167.256496, 0.587376, 21909, 4716.288430 
