1, -388.592069, 0.398884, 1877, 62.588614 
2, -238.045872, 0.485115, 2503, 145.291848 
3, -211.873629, 0.478144, 6885, 508.459745 
4, -160.176379, 0.487015, 7511, 559.248673 
5, -130.574036, 0.490729, 29421, 2363.345987 
6, -108.804959, 0.561118, 37559, 3462.709782 
7, -94.372130, 0.556022, 38811, 3598.447306 
8, -65.383946, 0.551091, 39437, 3681.988389 
9, -60.198001, 0.541252, 40689, 3828.863260 
10, -41.808202, 0.532618, 41941, 3971.072368 
11, -40.262039, 0.516394, 46323, 4637.127948 
12, -21.596090, 0.511076, 47575, 4781.619031 
13, -19.299970, 0.501034, 50079, 5173.060870 
14, -16.711569, 0.571281, 51957, 5457.763204 
15, -2.750577, 0.550014, 56965, 6239.373630 
