1, -639.188937, 0.458919, 1251, 32.928663 
2, -382.065477, 0.612144, 5633, 328.116248 
3, -359.997836, 0.603200, 6259, 400.981131 
4, -348.151120, 0.591301, 7511, 483.281757 
5, -336.292370, 0.582375, 8137, 519.838248 
6, -334.133127, 0.573021, 10015, 743.569035 
7, -327.869488, 0.544421, 15649, 1382.842598 
8, -315.567678, 0.512283, 20031, 1789.313967 
9, -260.480200, 0.538151, 28169, 2701.027746 
10, -239.151808, 0.550855, 29421, 2997.319218 
11, -227.464526, 0.546764, 30673, 3179.159146 
12, -226.925224, 0.521859, 36933, 4442.975069 
13, -224.515962, 0.498272, 44445, 5802.414348 
14, -167.527645, 0.526335, 45071, 5901.954708 
15, -148.633376, 0.522038, 46323, 6358.204817 
