0, 9.360000, 0.000000, 100, 0.691627 
1, 9.410000, 0.500000, 200, 50.325824 
2, 24.900000, 0.783890, 301, 63.607081 
3, 26.640000, 0.766234, 402, 105.140690 
4, 69.290000, 0.800344, 503, 119.204351 
5, 97.750000, 0.808955, 604, 150.759829 
6, 133.230000, 0.828964, 705, 173.299850 
7, 184.240000, 0.886179, 806, 198.299274 
8, 191.390000, 0.864028, 907, 236.736481 
9, 191.760000, 0.846561, 1008, 301.818272 
10, 192.370000, 0.836424, 1109, 404.239629 
11, 193.200000, 0.837170, 1210, 439.259374 
12, 193.820000, 0.826382, 1311, 481.055849 
13, 500.000000, 0.938353, 1412, 546.720568 
