1, -14.657891, -9.034376, 208125, 197.500151 
2, -14.467235, 3.082814, 311875, 268.120362 
3, -1.743609, 38.372639, 415625, 340.093931 
4, 0.255935, 4.734439, 726875, 554.574715 
5, 1.427571, 8.214082, 934375, 764.598295 
6, 2.001990, 10.536788, 1038125, 829.094894 
7, 4.754106, 14.231338, 1660625, 1311.953953 
8, 9.063278, 19.774854, 1764375, 1399.963908 
9, 9.198932, 17.741345, 1868125, 1484.823172 
10, 12.813923, 31.457459, 3113125, 2498.494954 
11, 14.199053, 20.064313, 5810625, 4748.748809 
12, 35.022652, 68.626283, 7781875, 6389.799616 
13, 41.391386, 88.904829, 7885625, 6675.307914 
14, 71.989815, 117.024500, 8093125, 7151.660784 
15, 71.989815, 136.913235, 8109375, 7205.053486 
