1, -940.068477, 0.000000, 625, 0.791832 
1, -866.494221, 0.501155, 1251, 2.479464 
2, -444.170194, 0.487280, 1877, 5.074665 
3, -245.425011, 0.479574, 2503, 8.616002 
4, -161.766755, 0.581758, 4381, 24.443846 
5, -153.608356, 0.553479, 5007, 29.245221 
6, -149.060801, 0.493100, 6259, 41.765152 
7, -145.080990, 0.497215, 16275, 229.672024 
8, -131.209769, 0.490423, 16901, 238.787747 
9, -121.631163, 0.475593, 18153, 320.819450 
10, -116.308962, 0.504535, 21283, 415.159891 
11, -116.303900, 0.516764, 23161, 481.780256 
12, -112.019550, 0.530894, 25665, 589.612512 
13, -63.922617, 0.549608, 27543, 652.749587 
14, -23.045812, 0.661312, 28169, 666.157281 
15, -11.972570, 0.657125, 28795, 702.639274 
16, -10.578703, 0.722448, 65103, 3640.273392 
17, 47.156032, 0.724916, 65729, 3694.316709 
18, 59.125860, 0.720824, 66981, 3891.005037 
19, 85.709202, 0.705736, 67607, 3952.695456 
20, 92.412255, 0.689509, 69485, 4186.344524 
21, 92.412255, 0.615988, 85761, 7200.241836 
