1, -537.875541, 0.000000, 625, 0.219091 
1, -426.452094, 0.502340, 2503, 5.454522 
2, -111.083925, 0.576010, 3755, 14.152120 
3, -99.880670, 0.545455, 5007, 20.471388 
4, -66.563796, 0.546329, 5633, 24.842802 
5, -65.066697, 0.538146, 9389, 74.448257 
6, -64.791971, 0.547586, 10641, 92.882431 
7, -62.310484, 0.554609, 13145, 135.479598 
8, -54.691153, 0.612927, 13771, 150.473963 
9, -27.542846, 0.591248, 23161, 611.270278 
10, 8.683910, 0.604294, 26291, 800.730618 
11, 8.683910, 0.549659, 61347, 7200.050864 
