1, -827.505314, 0.000000, 625, 0.630067 
1, -337.125113, 0.505774, 1251, 3.278774 
2, -324.102848, 0.586597, 4381, 23.350840 
3, -230.860371, 0.620000, 5007, 28.985509 
4, -227.678988, 0.587597, 5633, 33.857453 
5, -210.847401, 0.580092, 6885, 45.669737 
6, -130.530865, 0.544941, 12519, 103.309868 
7, -110.777602, 0.534823, 15649, 150.114562 
8, -109.231004, 0.549321, 19405, 216.903655 
9, -109.020947, 0.463038, 32551, 622.997621 
10, -28.051382, 0.618804, 55087, 1870.405655 
11, 3.044321, 0.614966, 56339, 2000.952326 
12, 15.711055, 0.612900, 57591, 2146.672638 
13, 42.583347, 0.458696, 85761, 6174.275939 
14, 42.583347, 0.469605, 89517, 7200.588558 
