1, -554.767069, 0.000000, 625, 0.187430 
1, -281.490953, 0.458122, 3755, 10.678889 
2, -280.730474, 0.505164, 5007, 20.171400 
3, -279.742559, 0.498014, 5633, 24.146749 
4, -279.484720, 0.528009, 8763, 57.413003 
5, -152.335819, 0.675883, 10015, 77.978269 
6, -139.157711, 0.594229, 15023, 141.405682 
7, -128.876516, 0.484670, 20657, 259.394922 
8, -125.186539, 0.491013, 21909, 301.240457 
9, -121.635076, 0.484429, 22535, 311.667990 
10, -94.589812, 0.702295, 36933, 750.106085 
11, -78.339831, 0.682725, 38185, 802.502841 
12, -41.845967, 0.620519, 39437, 866.062247 
13, -23.034064, 0.612755, 41941, 1014.240137 
14, -2.980119, 0.605713, 43819, 1131.135273 
15, -0.101322, 0.495824, 80753, 6253.870920 
16, -0.101322, 0.486795, 85761, 7200.204097 
