1, -1001.344701, 0.000000, 625, 0.843622 
1, -912.878951, 0.501155, 1251, 2.423707 
2, -779.648871, 0.528155, 1877, 4.507991 
3, -651.142816, 0.470305, 2503, 5.961123 
4, -110.819283, 0.479943, 3129, 7.585881 
5, -70.141582, 0.589818, 6885, 44.349656 
6, -61.075941, 0.481211, 14397, 288.162730 
7, -60.492622, 0.460625, 16901, 381.800297 
8, -12.906449, 0.508941, 41315, 2170.888400 
9, -8.869386, 0.499381, 50705, 2972.780309 
10, 26.155693, 0.530531, 77623, 6766.030516 
11, 47.327084, 0.540612, 79501, 7146.739147 
12, 47.327084, 0.540465, 79501, 7200.024029 
