3.790442347526550293e-01
6.505187749862670898e-01
3.727500736713409424e-01
1.520898193120956421e-01
3.402431905269622803e-01
6.096326112747192383e-01
3.309590220451354980e-01
6.001229286193847656e-01
3.224655687808990479e-01
5.911061167716979980e-01
8.230924606323242188e-01
6.116137504577636719e-01
3.362418115139007568e-01
6.097093224525451660e-01
8.362108469009399414e-01
6.368473768234252930e-01
3.641864359378814697e-01
6.421657204627990723e-01
3.699486851692199707e-01
6.482592821121215820e-01
8.598316907882690430e-01
6.822506785392761230e-01
4.170349836349487305e-01
1.839455962181091309e-01
4.037438333034515381e-01
6.819875836372375488e-01
8.781623244285583496e-01
7.182906270027160645e-01
4.621895551681518555e-01
2.151980102062225342e-01
4.549320638179779053e-01
2.089848369359970093e-01
4.438640475273132324e-01
7.178616523742675781e-01
8.960106968879699707e-01
7.545750141143798828e-01
5.113542675971984863e-01
2.523873746395111084e-01
9.299731999635696411e-02
2.280536741018295288e-01
4.718403518199920654e-01
7.404749989509582520e-01
4.882900416851043701e-01
2.321964651346206665e-01
4.780419766902923584e-01
7.455503940582275391e-01
4.954210519790649414e-01
2.377213388681411743e-01
4.863274693489074707e-01
2.302652746438980103e-01
4.746467173099517822e-01
7.424557209014892578e-01
4.907259643077850342e-01
7.560717463493347168e-01
5.109741687774658203e-01
2.504020035266876221e-01
9.141338616609573364e-02
2.234957665205001831e-01
4.636465013027191162e-01
7.328399419784545898e-01
4.769657254219055176e-01
7.447485923767089844e-01
4.945017993450164795e-01
2.372373342514038086e-01
4.860462546348571777e-01
7.524689435958862305e-01
9.122779369354248047e-01
9.744424819946289062e-01
9.369849562644958496e-01
8.482079505920410156e-01
6.679995059967041016e-01
8.745101094245910645e-01
7.185571193695068359e-01
4.714645743370056152e-01
2.279727160930633545e-01
8.424389362335205078e-02
2.129106521606445312e-01
7.627823203802108765e-02
1.926705092191696167e-01
4.200181663036346436e-01
1.862309724092483521e-01
4.084976017475128174e-01
1.782729029655456543e-01
3.943333029747009277e-01
1.689759790897369385e-01
3.776286840438842773e-01
1.585120558738708496e-01
3.584698438644409180e-01
1.470511406660079956e-01
3.369439542293548584e-01
1.347678899765014648e-01
3.131618201732635498e-01
5.848190188407897949e-01
3.129214644432067871e-01
5.859886407852172852e-01
3.152387738227844238e-01
1.241785958409309387e-01
2.943025827407836914e-01
1.130938380956649780e-01
2.712587714195251465e-01
5.340881943702697754e-01
2.697231173515319824e-01
1.012163236737251282e-01
3.126871585845947266e-02
8.060656487941741943e-02
2.398159354925155640e-02
6.114747002720832825e-02
1.528479456901550293e-01
3.445351421833038330e-01
1.380919218063354492e-01
3.179495036602020264e-01
5.893092751502990723e-01
3.172330856323242188e-01
5.912134647369384766e-01
3.210716247558593750e-01
5.980916619300842285e-01
3.295448124408721924e-01
1.334804743528366089e-01
3.159947097301483154e-01
1.261644214391708374e-01
3.015134334564208984e-01
5.771157741546630859e-01
3.115463554859161377e-01
1.246066018939018250e-01
2.999157309532165527e-01
5.768809318542480469e-01
3.127220571041107178e-01
5.939537882804870605e-01
3.303129971027374268e-01
1.363415271043777466e-01
3.260021209716796875e-01
1.338032782077789307e-01
3.207858204841613770e-01
1.308186501264572144e-01
3.146854937076568604e-01
1.274072229862213135e-01
4.194103926420211792e-02
1.214240491390228271e-02
3.155362606048583984e-02
8.259654790163040161e-02
2.509467490017414093e-02
6.515463441610336304e-02
1.915422081947326660e-02
4.912923276424407959e-02
1.250490397214889526e-01
2.937617897987365723e-01
5.618202686309814453e-01
2.944961488246917725e-01
1.142337694764137268e-01
2.755055725574493408e-01
5.426288843154907227e-01
2.803342938423156738e-01
1.081891879439353943e-01
2.652211189270019531e-01
5.317417979240417480e-01
2.728294134140014648e-01
5.438525676727294922e-01
8.013226985931396484e-01
9.360056519508361816e-01
8.493987917900085449e-01
6.767521500587463379e-01
4.265675544738769531e-01
2.009218186140060425e-01
4.487047493457794189e-01
2.161444127559661865e-01
4.723466336727142334e-01
7.551795244216918945e-01
5.284908413887023926e-01
2.797153890132904053e-01
1.130548194050788879e-01
2.849241197109222412e-01
1.149905696511268616e-01
2.877771258354187012e-01
1.158193722367286682e-01
2.884429395198822021e-01
1.156067401170730591e-01
2.870659232139587402e-01
1.144171804189682007e-01
2.837632596492767334e-01
1.123113930225372314e-01
2.786246240139007568e-01
1.093450337648391724e-01
2.717149853706359863e-01
1.055691167712211609e-01
2.630785703659057617e-01
1.010319143533706665e-01
2.527455091476440430e-01
5.181843638420104980e-01
7.843610644340515137e-01
5.647869706153869629e-01
3.065848052501678467e-01
1.250727474689483643e-01
3.065620064735412598e-01
5.912792086601257324e-01
3.319492042064666748e-01
1.394857466220855713e-01
4.752065986394882202e-02
1.273989230394363403e-01
4.239420592784881592e-02
1.132173091173171997e-01
2.790398299694061279e-01
1.089447736740112305e-01
2.698972225189208984e-01
1.043086200952529907e-01
3.342289105057716370e-02
8.890151977539062500e-02
2.769665233790874481e-02
7.719176355749368668e-03
1.961812004446983337e-02
5.082648620009422302e-02
1.304029673337936401e-01
4.195207729935646057e-02
1.081120520830154419e-01
3.379355370998382568e-02
8.714734017848968506e-02
2.148900032043457031e-01
4.534586668014526367e-01
7.280646562576293945e-01
4.783100783824920654e-01
2.303973287343978882e-01
8.479296416044235229e-02
2.148690968751907349e-01
4.606143832206726074e-01
2.185352444648742676e-01
4.679951965808868408e-01
2.248884290456771851e-01
8.311405777931213379e-02
2.128862887620925903e-01
4.600257873535156250e-01
7.404059767723083496e-01
5.017257928848266602e-01
7.748544216156005859e-01
5.536708831787109375e-01
2.991443872451782227e-01
5.857186913490295410e-01
3.294550776481628418e-01
1.394708603620529175e-01
3.383593559265136719e-01
6.307116150856018066e-01
3.746226429939270020e-01
1.664113700389862061e-01
3.890346586704254150e-01
1.750237047672271729e-01
6.256837397813796997e-02
1.664997190237045288e-01
3.862728178501129150e-01
6.775333881378173828e-01
4.243437945842742920e-01
1.974235475063323975e-01
4.403597414493560791e-01
7.274938821792602539e-01
4.880847930908203125e-01
7.667772769927978516e-01
5.445574522018432617e-01
2.931298911571502686e-01
1.199344918131828308e-01
4.044584557414054871e-02
1.098670884966850281e-01
2.750724852085113525e-01
5.520309805870056152e-01
2.954858839511871338e-01
5.785271525382995605e-01
3.202861547470092773e-01
6.087384223937988281e-01
8.454231619834899902e-01
6.703938245773315430e-01
4.198968708515167236e-01
1.967702209949493408e-01
4.418946802616119385e-01
2.115795612335205078e-01
7.918369024991989136e-02
2.074796110391616821e-01
4.567058682441711426e-01
7.412818074226379395e-01
5.074663758277893066e-01
2.610794007778167725e-01
1.029824838042259216e-01
3.391680121421813965e-02
9.222687035799026489e-02
2.358790934085845947e-01
4.977128803730010986e-01
2.500542998313903809e-01
9.614584594964981079e-02
2.447715848684310913e-01
9.330060333013534546e-02
2.379211783409118652e-01
8.981518447399139404e-02
2.854149416089057922e-02
8.116938173770904541e-03
2.104561775922775269e-02
5.763524677604436874e-03
1.450567971915006638e-02
3.740271180868148804e-02
9.687762707471847534e-02
2.376067042350769043e-01
8.668116480112075806e-02
2.654502354562282562e-02
6.913726031780242920e-02
1.752504706382751465e-01
3.912674486637115479e-01
6.742421388626098633e-01
4.138551056385040283e-01
1.868404150009155273e-01
4.183158278465270996e-01
1.910710483789443970e-01
6.853359192609786987e-02
1.797788888216018677e-01
4.083772301673889160e-01
1.856444925069808960e-01
6.663707643747329712e-02
1.761794537305831909e-01
6.253532320261001587e-02
1.922066323459148407e-02
5.183081701397895813e-02
1.378820389509201050e-01
3.306392133235931396e-01
6.185209751129150391e-01
8.506448864936828613e-01
6.798951029777526855e-01
4.321048259735107422e-01
2.065570652484893799e-01
4.616512656211853027e-01
2.287638634443283081e-01
4.969878494739532471e-01
2.570853531360626221e-01
1.033240109682083130e-01
3.497247025370597839e-02
9.774699807167053223e-02
2.543671429157257080e-01
1.009293496608734131e-01
3.372530266642570496e-02
9.363190084695816040e-02
3.075693547725677490e-02
8.494991809129714966e-02
2.223794907331466675e-01
4.828302562236785889e-01
2.426093965768814087e-01
5.148435831069946289e-01
2.699820399284362793e-01
1.093014553189277649e-01
3.708919137716293335e-02
1.123176980763673782e-02
3.115911735221743584e-03
8.024764247238636017e-03
2.129446715116500854e-02
5.992888938635587692e-03
1.552962232381105423e-02
4.128132760524749756e-02
1.098256185650825500e-01
2.719313502311706543e-01
1.062878817319869995e-01
2.663888931274414062e-01
1.042771339416503906e-01
3.413815796375274658e-02
9.284236282110214233e-02
2.382283657789230347e-01
9.105847775936126709e-02
2.354353368282318115e-01
5.013408660888671875e-01
2.570903599262237549e-01
1.019224673509597778e-01
2.634956538677215576e-01
5.451499223709106445e-01
2.973377406597137451e-01
1.247392371296882629e-01
4.351803287863731384e-02
1.218942999839782715e-01
3.091927766799926758e-01
1.313695460557937622e-01
3.296950459480285645e-01
6.299844384193420410e-01
3.836889564990997314e-01
1.787656545639038086e-01
6.744918227195739746e-02
2.218324504792690277e-02
6.332200765609741211e-02
1.749796569347381592e-01
6.498131901025772095e-02
2.105085365474224091e-02
5.954002216458320618e-02
1.896443963050842285e-02
5.504020024091005325e-03
1.475831493735313416e-02
4.153787624090909958e-03
1.084591075778007507e-02
2.917228266596794128e-02
7.950285077095031738e-02
2.523895166814327240e-02
6.881863623857498169e-02
1.819959133863449097e-01
4.156179428100585938e-01
1.935580074787139893e-01
7.158219814300537109e-02
2.289306186139583588e-02
6.646153517067432404e-03
1.776113919913768768e-02
4.862327501177787781e-02
1.319620013236999512e-01
4.519507288932800293e-02
1.234453469514846802e-01
4.197625070810317993e-02
1.152323633432388306e-01
2.906130850315093994e-01
1.193367242813110352e-01
4.079342260956764221e-02
1.131820753216743469e-01
3.841432183980941772e-02
1.164627354592084885e-02
3.193550929427146912e-02
8.833827823400497437e-02
2.310946881771087646e-01
4.977628290653228760e-01
7.777234911918640137e-01
5.675723552703857422e-01
8.276231884956359863e-01
6.511294841766357422e-01
4.111950695514678955e-01
7.170126438140869141e-01
4.936255812644958496e-01
7.842069268226623535e-01
5.906615853309631348e-01
3.551143109798431396e-01
1.671841889619827271e-01
6.495110690593719482e-02
1.854201853275299072e-01
4.414162337779998779e-01
2.252164930105209351e-01
9.235437959432601929e-02
3.257451951503753662e-02
1.035356242209672928e-02
3.021568525582551956e-03
8.121545542962849140e-04
2.026805654168128967e-03
5.215593613684177399e-03
1.385824475437402725e-02
3.861228236928582191e-03
9.985842742025852203e-03
2.662432938814163208e-02
7.215736806392669678e-02
2.256360091269016266e-02
6.115138530731201172e-02
1.622971892356872559e-01
5.706390738487243652e-02
1.530496925115585327e-01
5.354548618197441101e-02
1.448559015989303589e-01
3.496777415275573730e-01
1.524388641119003296e-01
3.670293390750885010e-01
1.643902510404586792e-01
5.968270823359489441e-02
1.898137480020523071e-02
5.320418626070022583e-02
1.466191858053207397e-01
3.575955033302307129e-01
6.580380201339721680e-01
4.131626784801483154e-01
1.978826373815536499e-01
4.551108181476593018e-01
2.294261604547500610e-01
5.063453316688537598e-01
2.715133726596832275e-01
1.144336462020874023e-01
3.006889522075653076e-01
1.307094991207122803e-01
4.752495512366294861e-02
1.363884806632995605e-01
3.460029661655426025e-01
1.571604013442993164e-01
5.878241360187530518e-02
1.936469785869121552e-02
5.819868762046098709e-03
1.611097529530525208e-02
4.570968821644783020e-02
1.284639835357666016e-01
4.516773298382759094e-02
1.412069424986839294e-02
3.962279483675956726e-02
1.215700339525938034e-02
3.372873738408088684e-02
1.014364603906869888e-02
2.778127230703830719e-02
7.716874033212661743e-02
2.486059814691543579e-02
6.904798001050949097e-02
1.855153888463973999e-01
6.831842660903930664e-02
1.847768872976303101e-01
6.837265193462371826e-02
2.199934981763362885e-02
6.441510748118162155e-03
1.739589869976043701e-02
4.816715046763420105e-02
1.481968443840742111e-02
4.078057035803794861e-02
1.122539415955543518e-01
2.849040925502777100e-01
5.724710226058959961e-01
8.285987973213195801e-01
6.504167318344116211e-01
