5.385467410087585449e-01
6.299050450325012207e-01
5.328555107116699219e-01
4.199196100234985352e-01
4.989827275276184082e-01
5.900764465332031250e-01
4.885467588901519775e-01
5.801429152488708496e-01
4.783856272697448730e-01
5.702666044235229492e-01
6.699239611625671387e-01
5.890097618103027344e-01
4.907287657260894775e-01
5.857468247413635254e-01
6.869173049926757812e-01
6.110963821411132812e-01
5.174451470375061035e-01
6.151403188705444336e-01
5.221552848815917969e-01
6.200520396232604980e-01
7.206267714500427246e-01
6.531759500503540039e-01
5.674473643302917480e-01
4.641547203063964844e-01
5.539497733116149902e-01
6.520069241523742676e-01
7.496315836906433105e-01
6.887024641036987305e-01
6.095623373985290527e-01
5.111198425292968750e-01
6.033852696418762207e-01
5.028115510940551758e-01
5.936917662620544434e-01
6.897968649864196777e-01
7.820506095886230469e-01
7.282753586769104004e-01
6.568561196327209473e-01
5.650301575660705566e-01
4.541326761245727539e-01
5.351654291152954102e-01
6.253147721290588379e-01
7.183135151863098145e-01
6.418530941009521484e-01
5.446531176567077637e-01
6.346755027770996094e-01
7.268034219741821289e-01
6.520834565162658691e-01
5.564057230949401855e-01
6.462935209274291992e-01
5.488872528076171875e-01
6.381445527076721191e-01
7.293674349784851074e-01
6.545640230178833008e-01
7.448901534080505371e-01
6.743890047073364258e-01
5.827066898345947266e-01
4.705952107906341553e-01
5.503446459770202637e-01
6.384024620056152344e-01
7.286359667778015137e-01
6.526362895965576172e-01
7.423405647277832031e-01
6.703369617462158203e-01
5.769601464271545410e-01
6.657972335815429688e-01
7.543249726295471191e-01
8.340768814086914062e-01
8.980084657669067383e-01
8.781779408454895020e-01
8.508163094520568848e-01
8.125815987586975098e-01
8.784530162811279297e-01
8.485304117202758789e-01
8.059777021408081055e-01
7.454151511192321777e-01
6.608293056488037109e-01
7.361196875572204590e-01
6.456376314163208008e-01
7.196547389030456543e-01
7.912843823432922363e-01
7.192276120185852051e-01
7.901303172111511230e-01
7.167372107505798340e-01
7.872362136840820312e-01
7.120811343193054199e-01
7.824734449386596680e-01
7.050730586051940918e-01
7.756286859512329102e-01
6.954345107078552246e-01
7.663908004760742188e-01
6.827830076217651367e-01
7.543310523033142090e-01
8.218320012092590332e-01
7.610253095626831055e-01
8.279253840446472168e-01
7.696459889411926270e-01
6.876385211944580078e-01
7.592703104019165039e-01
6.735063791275024414e-01
7.457060217857360840e-01
8.144095540046691895e-01
7.510402202606201172e-01
6.628836989402770996e-01
5.469110608100891113e-01
6.151471734046936035e-01
4.894449114799499512e-01
5.530747175216674805e-01
6.247605085372924805e-01
7.014154195785522461e-01
6.034254431724548340e-01
6.816120147705078125e-01
7.606308460235595703e-01
6.852721571922302246e-01
7.654930949211120605e-01
6.929243803024291992e-01
7.736071944236755371e-01
7.045438885688781738e-01
6.126794815063476562e-01
6.956760287284851074e-01
6.018386483192443848e-01
6.852035522460937500e-01
7.678160071372985840e-01
6.982325911521911621e-01
6.060975790023803711e-01
6.903084516525268555e-01
7.730998396873474121e-01
7.057439684867858887e-01
7.873724102973937988e-01
7.248116731643676758e-01
6.405562162399291992e-01
7.244096398353576660e-01
6.396441459655761719e-01
7.232338190078735352e-01
6.378245353698730469e-01
7.212458252906799316e-01
6.350424289703369141e-01
5.250844359397888184e-01
3.972903490066528320e-01
4.578555524349212646e-01
5.294411778450012207e-01
4.050077497959136963e-01
4.701782464981079102e-01
3.444088101387023926e-01
4.005042016506195068e-01
4.696412086486816406e-01
5.517821907997131348e-01
6.437429189682006836e-01
5.513287186622619629e-01
4.426024854183197021e-01
5.270339846611022949e-01
6.226293444633483887e-01
5.301126241683959961e-01
4.229064881801605225e-01
5.085961222648620605e-01
6.065430045127868652e-01
5.141935944557189941e-01
6.140434145927429199e-01
7.174957394599914551e-01
8.126221299171447754e-01
7.757159471511840820e-01
7.269011735916137695e-01
6.628061532974243164e-01
5.806353092193603516e-01
6.803055405616760254e-01
6.006590723991394043e-01
6.989042758941650391e-01
7.915202379226684570e-01
7.421218156814575195e-01
6.759234666824340820e-01
5.895052552223205566e-01
6.821427941322326660e-01
5.951482653617858887e-01
6.863296031951904297e-01
5.986754298210144043e-01
6.886430978775024414e-01
6.001984477043151855e-01
6.891747713088989258e-01
5.997696518898010254e-01
6.879532337188720703e-01
5.973834395408630371e-01
6.849459409713745117e-01
5.929765701293945312e-01
6.800587773323059082e-01
5.864264965057373047e-01
6.731323599815368652e-01
5.775500535964965820e-01
6.639368534088134766e-01
7.506314516067504883e-01
8.295958042144775391e-01
7.848721742630004883e-01
7.235291004180908203e-01
6.410180926322937012e-01
7.263674139976501465e-01
8.065125346183776855e-01
7.511367201805114746e-01
6.754074096679687500e-01
5.756830573081970215e-01
6.570304036140441895e-01
5.517985224723815918e-01
6.314733624458312988e-01
7.144298553466796875e-01
6.256782412528991699e-01
7.087669372558593750e-01
6.185032725334167480e-01
5.049323439598083496e-01
5.812696218490600586e-01
4.618263244628906250e-01
3.320081233978271484e-01
3.815705478191375732e-01
4.427562952041625977e-01
5.163513422012329102e-01
3.962048590183258057e-01
4.651836156845092773e-01
3.451753556728363037e-01
4.073882997035980225e-01
4.841811060905456543e-01
5.746031403541564941e-01
6.734818220138549805e-01
5.945339798927307129e-01
4.988475143909454346e-01
3.907679617404937744e-01
4.730641841888427734e-01
5.696902275085449219e-01
4.734818637371063232e-01
5.718324184417724609e-01
4.772360026836395264e-01
3.719147145748138428e-01
4.550086259841918945e-01
5.535243153572082520e-01
6.612513065338134766e-01
5.873088240623474121e-01
6.957843303680419922e-01
6.299858689308166504e-01
5.480540394783020020e-01
6.544399261474609375e-01
5.768560767173767090e-01
4.828771650791168213e-01
5.822204351425170898e-01
6.872809529304504395e-01
6.152722239494323730e-01
5.257233381271362305e-01
6.262049674987792969e-01
5.374602079391479492e-01
4.327462613582611084e-01
5.204663276672363281e-01
6.187021136283874512e-01
7.195447683334350586e-01
6.519250273704528809e-01
5.658991932868957520e-01
6.645727157592773438e-01
7.612553834915161133e-01
7.035695910453796387e-01
7.953526377677917480e-01
7.468063831329345703e-01
6.816022992134094238e-01
5.961806178092956543e-01
4.900407791137695312e-01
5.743349194526672363e-01
6.650603413581848145e-01
7.550004720687866211e-01
6.877065896987915039e-01
7.751267552375793457e-01
7.131915688514709473e-01
7.971959114074707031e-01
8.685273528099060059e-01
8.377060294151306152e-01
7.946802377700805664e-01
7.346144318580627441e-01
8.116526603698730469e-01
7.556124329566955566e-01
6.777706742286682129e-01
7.559947371482849121e-01
8.277782797813415527e-01
8.876909017562866211e-01
8.576835989952087402e-01
8.146293759346008301e-01
7.527877092361450195e-01
6.657156348228454590e-01
7.374308705329895020e-01
8.058920502662658691e-01
8.661910295486450195e-01
8.229653239250183105e-01
7.603566646575927734e-01
8.249196410179138184e-01
7.620795965194702148e-01
8.257780671119689941e-01
7.624599337577819824e-01
6.723760366439819336e-01
5.516104102134704590e-01
6.129318475723266602e-01
4.787666797637939453e-01
5.330857634544372559e-01
5.953680276870727539e-01
6.641336083412170410e-01
7.360380887985229492e-01
6.438948512077331543e-01
5.255287289619445801e-01
5.940408110618591309e-01
6.693740487098693848e-01
7.470078468322753906e-01
8.204892277717590332e-01
7.668448090553283691e-01
6.933869123458862305e-01
7.729339599609375000e-01
7.024300098419189453e-01
6.086483001708984375e-01
6.904757022857666016e-01
7.714164853096008301e-01
7.015619277954101562e-01
6.087298393249511719e-01
6.915491819381713867e-01
5.963362455368041992e-01
4.787547290325164795e-01
5.524022579193115234e-01
6.343882083892822266e-01
7.197976708412170410e-01
8.012713193893432617e-01
8.710844516754150391e-01
8.407524824142456055e-01
7.988631129264831543e-01
7.409613132476806641e-01
8.187777996063232422e-01
7.670409083366394043e-01
8.403674960136413574e-01
7.954618930816650391e-01
7.325338721275329590e-01
6.462109088897705078e-01
7.251368761062622070e-01
8.002855181694030762e-01
7.364588379859924316e-01
6.485965847969055176e-01
7.255439162254333496e-01
6.331722736358642578e-01
7.096753120422363281e-01
7.843777537345886230e-01
8.513259291648864746e-01
8.062349557876586914e-01
8.692659735679626465e-01
8.308113813400268555e-01
7.758536934852600098e-01
6.982235908508300781e-01
5.929343700408935547e-01
4.616473019123077393e-01
5.194948911666870117e-01
5.856001973152160645e-01
4.551362097263336182e-01
5.147798061370849609e-01
5.836478471755981445e-01
6.597093343734741211e-01
7.385254502296447754e-01
6.550580859184265137e-01
7.358828186988830566e-01
6.532208323478698730e-01
5.470641851425170898e-01
6.269972920417785645e-01
7.111697196960449219e-01
6.239933967590332031e-01
7.095335721969604492e-01
7.920883893966674805e-01
7.333411574363708496e-01
6.545835137367248535e-01
7.407938241958618164e-01
8.204907774925231934e-01
7.718855142593383789e-01
7.054431438446044922e-01
6.169194579124450684e-01
7.021171450614929199e-01
7.844334840774536133e-01
7.211573123931884766e-01
8.011708259582519531e-01
8.696351051330566406e-01
8.367542624473571777e-01
7.906233072280883789e-01
7.260718345642089844e-01
6.378282308578491211e-01
7.169402837753295898e-01
7.929098010063171387e-01
7.264687418937683105e-01
6.355456709861755371e-01
7.127717137336730957e-01
6.166676878929138184e-01
4.949264228343963623e-01
5.623125433921813965e-01
4.320869147777557373e-01
4.918883442878723145e-01
5.615400075912475586e-01
6.392725110054016113e-01
5.288152098655700684e-01
6.062692403793334961e-01
6.896255612373352051e-01
7.724643945693969727e-01
7.061665058135986328e-01
6.186305284500122070e-01
5.091843605041503906e-01
3.844161331653594971e-01
4.473865032196044922e-01
5.225955843925476074e-01
6.083560585975646973e-01
5.030909180641174316e-01
5.893058180809020996e-01
4.827288985252380371e-01
5.688909888267517090e-01
6.632128953933715820e-01
5.756035447120666504e-01
4.702672660350799561e-01
5.584217905998229980e-01
4.519895613193511963e-01
3.367399871349334717e-01
4.029995799064636230e-01
4.843145012855529785e-01
5.791360735893249512e-01
6.813097000122070312e-01
7.800680398941040039e-01
7.330052852630615234e-01
8.251468539237976074e-01
7.911013960838317871e-01
7.457244992256164551e-01
8.338337540626525879e-01
8.000823259353637695e-01
8.757705688476562500e-01
8.532696366310119629e-01
8.222430944442749023e-01
7.791057229042053223e-01
7.192330360412597656e-01
8.007583022117614746e-01
8.696982264518737793e-01
8.377569913864135742e-01
7.922942638397216797e-01
7.277531623840332031e-01
6.383142471313476562e-01
5.214948058128356934e-01
3.845657408237457275e-01
4.319442510604858398e-01
4.881942272186279297e-01
5.534626841545104980e-01
4.211420118808746338e-01
4.782928526401519775e-01
5.455697178840637207e-01
6.217268705368041992e-01
5.075396299362182617e-01
5.829231142997741699e-01
6.657894849777221680e-01
5.667571425437927246e-01
6.514008045196533203e-01
5.511529445648193359e-01
6.371669173240661621e-01
7.264164686203002930e-01
6.499395966529846191e-01
7.401441931724548340e-01
6.687319278717041016e-01
5.768159627914428711e-01
4.655815362930297852e-01
5.470240712165832520e-01
6.374338865280151367e-01
7.301663756370544434e-01
8.159694075584411621e-01
7.715250253677368164e-01
7.116965651512145996e-01
7.988486289978027344e-01
7.471858859062194824e-01
8.288416266441345215e-01
7.862161397933959961e-01
7.276780009269714355e-01
8.093912005424499512e-01
7.570863366127014160e-01
6.852231025695800781e-01
7.677123546600341797e-01
8.413626551628112793e-01
7.973755002021789551e-01
7.356334924697875977e-01
6.506845355033874512e-01
5.396577715873718262e-01
6.133068203926086426e-01
6.913338899612426758e-01
7.685755491256713867e-01
6.928481459617614746e-01
5.916033387184143066e-01
6.683503389358520508e-01
5.604116916656494141e-01
6.358125209808349609e-01
5.207198262214660645e-01
5.937781929969787598e-01
6.730597615242004395e-01
5.700541734695434570e-01
6.496723294258117676e-01
7.319715023040771484e-01
6.491911411285400391e-01
7.326512932777404785e-01
6.511079072952270508e-01
5.465003848075866699e-01
4.229511320590972900e-01
4.901217222213745117e-01
5.682493448257446289e-01
4.512873589992523193e-01
5.264914035797119141e-01
6.120297908782958984e-01
7.027686834335327148e-01
7.903488874435424805e-01
8.656032681465148926e-01
8.374205827713012695e-01
