1, -777.906602, 0.531381, 1251, 1.904351 
2, -309.147983, 0.531111, 2503, 5.388366 
3, -115.805763, 0.749630, 3129, 8.394489 
4, -98.592233, 0.706422, 3755, 15.544927 
5, -91.312199, 0.684517, 4381, 22.186308 
6, -78.361458, 0.596935, 7511, 51.522428 
7, -77.500390, 0.549684, 11267, 110.312386 
8, -37.240192, 0.709948, 12519, 145.412142 
9, 25.647375, 0.707415, 13145, 162.127535 
10, 56.295729, 0.765731, 15023, 241.719953 
11, 66.068028, 0.660154, 16901, 381.988828 
12, 91.061748, 0.608979, 18153, 484.883002 
13, 92.007514, 0.584066, 29421, 2061.752327 
14, 92.007514, 0.559867, 49453, 7200.534161 
