1, -822.040926, 0.556485, 1251, 2.895553 
2, -805.768592, 0.646688, 1877, 5.512439 
3, -758.700124, 0.602564, 2503, 7.855095 
4, -725.012048, 0.621971, 3129, 9.965387 
5, -517.417829, 0.595133, 4381, 15.775863 
6, -114.535431, 0.683845, 5007, 17.481541 
7, -113.444986, 0.551939, 8763, 37.110883 
8, -76.054719, 0.666875, 10015, 55.255181 
9, -72.133161, 0.634239, 11267, 86.951322 
10, -58.965273, 0.562584, 15023, 183.942115 
11, -56.594518, 0.509862, 15649, 207.208780 
12, -4.925217, 0.478873, 16901, 265.904766 
13, 17.073714, 0.445364, 25665, 763.292751 
14, 17.073714, 0.471638, 76997, 7200.930277 
