1, -119.806256, 0.566810, 2503, 5.507684 
2, -117.880740, 0.561106, 6259, 23.225802 
3, -59.004799, 0.676148, 12519, 102.781885 
4, -39.922114, 0.625424, 13145, 120.509424 
5, -34.748974, 0.564375, 14397, 190.433646 
6, -13.688198, 0.714124, 16275, 289.886997 
7, 5.137695, 0.711433, 16901, 311.125330 
8, 6.635792, 0.672706, 23787, 571.254536 
9, 26.459527, 0.664344, 26917, 756.518038 
10, 27.853254, 0.586406, 27543, 783.372112 
11, 41.900202, 0.492945, 42567, 2105.925152 
12, 41.900202, 0.442928, 82005, 7200.329289 
