1, -109.961875, 0.649846, 5633, 23.981289 
2, -99.131976, 0.581277, 7511, 45.683187 
3, -52.539601, 0.625233, 9389, 73.341479 
4, -49.191443, 0.607631, 10015, 82.282326 
5, -46.285505, 0.586426, 11893, 123.124728 
6, -45.242783, 0.656730, 22535, 582.865514 
7, -31.461868, 0.678340, 23161, 624.752941 
8, -13.718894, 0.672256, 23787, 662.187102 
9, 6.492837, 0.614578, 31299, 1211.422912 
10, 39.601977, 0.608723, 31925, 1262.283260 
11, 49.268424, 0.586010, 36307, 1624.293225 
12, 58.412790, 0.582353, 37559, 1734.797893 
13, 65.300908, 0.524465, 42567, 2429.972234 
14, 65.300908, 0.476198, 69485, 7200.153488 
