1, -125.243295, 0.468182, 1877, 2.958389 
2, -104.219875, 0.522259, 8763, 53.911157 
3, -70.355006, 0.552801, 28795, 510.305597 
4, -65.616702, 0.546641, 30047, 554.800457 
5, -51.477705, 0.563742, 35681, 808.910681 
6, -44.060145, 0.552699, 40689, 1054.313320 
7, -40.996059, 0.535285, 43193, 1212.598321 
8, -38.168722, 0.538089, 45697, 1355.974615 
9, -37.872146, 0.531106, 50079, 1568.603880 
10, -37.788165, 0.524022, 59469, 2301.322085 
11, -36.258454, 0.525786, 60721, 2397.077588 
12, -32.580012, 0.529110, 62599, 2558.107673 
13, -22.989380, 0.518606, 63851, 2705.580288 
14, -16.122072, 0.516191, 64477, 2744.857002 
15, -9.391386, 0.533454, 76371, 4089.457474 
16, 7.556837, 0.537166, 79501, 4559.678746 
17, 13.822938, 0.531266, 82005, 4781.009886 
18, 13.822938, 0.529235, 97029, 7200.303422 
