1, -620.975567, 0.724816, 2503, 4.547148 
2, -617.429384, 0.743883, 3755, 10.772057 
3, -416.098503, 0.591565, 4381, 21.594928 
4, -287.263693, 0.684471, 5007, 33.877650 
5, -267.759122, 0.615282, 7511, 94.033705 
6, -134.281358, 0.583049, 10015, 127.386233 
7, -131.629332, 0.570890, 10641, 136.307668 
8, -108.452432, 0.571299, 11267, 147.572361 
9, -107.614319, 0.484008, 18779, 312.136386 
10, -32.739271, 0.598436, 28169, 650.360138 
11, -17.709026, 0.631807, 28795, 665.960501 
12, -14.108191, 0.542730, 34429, 885.545980 
13, 3.261037, 0.644388, 36307, 959.683371 
14, 33.880209, 0.508906, 82631, 5218.496746 
15, 33.880209, 0.599192, 93899, 7200.911080 
