1, -838.016778, 0.686192, 1251, 2.141518 
2, -547.631243, 0.492754, 1877, 3.543326 
3, -232.643731, 0.600506, 3755, 14.034216 
4, -137.131671, 0.582974, 5007, 22.742786 
5, -108.591575, 0.632615, 6259, 29.277822 
6, -71.156544, 0.586089, 32551, 629.325469 
7, 37.918091, 0.619716, 33803, 681.871789 
8, 47.715316, 0.600162, 36307, 819.521214 
9, 48.720426, 0.563898, 42567, 1253.141923 
10, 87.630279, 0.636971, 46323, 1616.670847 
11, 96.580922, 0.625577, 47575, 1725.156824 
12, 110.461639, 0.530464, 51957, 2163.158050 
13, 132.136274, 0.507804, 58217, 2751.336728 
14, 146.927803, 0.507892, 60721, 3067.008609 
15, 157.860362, 0.520556, 71989, 5017.401920 
16, 159.234614, 0.516719, 79501, 6355.361009 
17, 159.234614, 0.513526, 83883, 7200.151839 
