1, -307.187808, 0.686192, 1251, 3.715876 
2, -234.315383, 0.526639, 1877, 6.200332 
3, -131.971421, 0.570128, 2503, 8.418129 
4, -125.967409, 0.524564, 3129, 10.324404 
5, -109.413901, 0.514252, 4381, 17.450655 
6, -107.266146, 0.454171, 5633, 22.855377 
7, -27.838445, 0.672455, 24413, 341.544219 
8, -24.781555, 0.655784, 27543, 435.162832 
9, -20.889773, 0.658893, 28169, 450.632125 
10, -18.439790, 0.720459, 33803, 676.951064 
11, -8.051714, 0.605450, 64477, 2593.450534 
12, 1.324198, 0.591369, 66981, 2922.646228 
13, 25.123081, 0.578160, 68859, 3118.874805 
14, 31.285956, 0.577944, 69485, 3197.276648 
15, 43.297664, 0.523152, 85135, 5372.833148 
16, 43.297664, 0.560763, 96403, 7201.077152 
