1, -587.458091, 0.382550, 1877, 3.199742 
2, -454.439812, 0.393762, 2503, 4.714307 
3, -146.938557, 0.521886, 3129, 8.399842 
4, -138.840250, 0.479134, 3755, 12.388328 
5, -110.663232, 0.579856, 9389, 63.510086 
6, -109.985218, 0.543547, 10641, 90.921007 
7, -109.502870, 0.463221, 13771, 162.699323 
8, -84.052853, 0.517737, 15649, 197.996426 
9, -69.274625, 0.558587, 16901, 214.696716 
10, -65.480657, 0.560936, 26291, 440.094904 
11, -46.405825, 0.561147, 30673, 630.999167 
12, -38.180249, 0.557304, 31925, 726.533193 
13, -35.112813, 0.555322, 33177, 788.587133 
14, -20.354579, 0.554324, 36307, 1021.297847 
15, -9.827261, 0.571160, 55087, 3179.803327 
16, -9.827261, 0.561080, 78875, 7200.151080 
