1, -609.667497, 0.469048, 1877, 3.983680 
2, -161.817223, 0.521595, 3129, 11.203525 
3, -146.904203, 0.656761, 3755, 14.238269 
4, -116.288643, 0.490678, 6259, 31.834399 
5, -91.759220, 0.431466, 8763, 59.236032 
6, -83.692719, 0.505443, 10641, 89.249920 
7, -19.618692, 0.640418, 13771, 127.520574 
8, -19.395484, 0.577403, 15023, 170.172762 
9, -6.370170, 0.447312, 28795, 931.563442 
10, 3.084394, 0.453523, 30673, 1036.617054 
11, 7.703379, 0.442014, 41941, 2454.368126 
12, 11.246431, 0.466904, 46949, 3258.693366 
13, 33.016276, 0.463939, 51957, 3751.476589 
14, 75.160577, 0.460501, 53835, 3980.254589 
15, 75.160577, 0.452548, 72615, 7200.144767 
