1, -647.467577, 0.450794, 1251, 1.617638 
2, -587.573880, 0.542443, 2503, 6.287783 
3, -511.586613, 0.502804, 3129, 9.170638 
4, -107.986082, 0.550587, 6259, 45.212300 
5, -106.458344, 0.521122, 13145, 133.769319 
6, -97.127400, 0.555269, 21909, 291.398356 
7, -95.575377, 0.552351, 23787, 316.634040 
8, -93.322696, 0.574704, 29421, 463.752777 
9, -65.978875, 0.588224, 30047, 470.777455 
10, -59.435820, 0.585167, 30673, 497.883537 
11, -55.396335, 0.587958, 36307, 705.926306 
12, -53.668741, 0.582462, 37559, 740.011069 
13, -53.014356, 0.560632, 58217, 1827.362693 
14, -41.717792, 0.558879, 70111, 2611.545236 
15, -27.689751, 0.560874, 75745, 2975.184094 
16, 2.557574, 0.607181, 100159, 5286.537887 
17, 9.977743, 0.596481, 109549, 6506.918286 
18, 50.958160, 0.632604, 112053, 6862.857581 
19, 50.958160, 0.622455, 113931, 7200.280009 
