1, -539.138403, 0.436275, 1877, 2.909670 
2, -530.385874, 0.404896, 2503, 4.301758 
3, -152.063309, 0.676275, 5007, 19.311290 
4, -147.521014, 0.637877, 5633, 22.775700 
5, -144.595579, 0.603883, 6259, 37.216823 
6, -114.624568, 0.547315, 7511, 76.350875 
7, -111.390729, 0.495088, 10641, 138.357074 
8, -105.365356, 0.476972, 11267, 166.964697 
9, -91.707047, 0.761340, 17527, 360.487738 
10, -79.716593, 0.734223, 19405, 408.525720 
11, -69.304075, 0.729976, 20031, 425.184739 
12, -62.334224, 0.725293, 20657, 440.704356 
13, -55.889202, 0.722618, 21283, 453.143576 
14, -51.728952, 0.640531, 35681, 1120.792264 
15, -32.066130, 0.638459, 37559, 1245.380930 
16, -32.066130, 0.618058, 93899, 7200.312773 
