1, -531.629648, 0.568371, 4381, 12.622609 
2, -511.256615, 0.549669, 5007, 21.328647 
3, -507.142349, 0.525253, 5633, 24.759677 
4, -214.240827, 0.550279, 6259, 29.124310 
5, -111.630744, 0.665309, 7511, 37.944200 
6, -108.926237, 0.532067, 11267, 68.172206 
7, -108.004796, 0.524937, 13771, 94.769713 
8, -107.419972, 0.514756, 20657, 207.858104 
9, -105.816945, 0.500932, 44445, 837.078388 
10, -93.113760, 0.548688, 83883, 3021.120311 
11, -35.315002, 0.745599, 85135, 3128.509359 
12, -30.626658, 0.739975, 86387, 3207.640599 
13, -26.374853, 0.677026, 93273, 4076.115841 
14, -23.328252, 0.686233, 97655, 4624.394348 
15, -8.920501, 0.658138, 108923, 5955.170229 
16, 11.731449, 0.680508, 111427, 6316.861793 
17, 12.255091, 0.679084, 112053, 6465.647396 
18, 16.657371, 0.671792, 115183, 7047.872349 
19, 16.657371, 0.671010, 115183, 7200.758770 
