1, -688.496233, 0.517460, 1251, 1.765103 
2, -625.191034, 0.469349, 2503, 5.908707 
3, -545.295370, 0.467532, 3755, 19.843657 
4, -534.699990, 0.446429, 4381, 22.835946 
5, -456.319257, 0.413403, 5007, 31.660187 
6, -109.628769, 0.633550, 5633, 37.985608 
7, -109.481471, 0.517370, 9389, 74.392417 
8, -107.899943, 0.504762, 10015, 81.701978 
9, -84.351017, 0.562120, 46949, 1057.777491 
10, -84.156179, 0.561999, 48827, 1149.584744 
11, -83.699017, 0.570690, 53835, 1537.532425 
12, -78.043020, 0.566675, 54461, 1594.612315 
13, -68.523927, 0.598801, 73241, 3769.988375 
14, -55.864866, 0.563171, 75745, 4212.615780 
15, -55.864866, 0.540753, 91395, 7200.068634 
