1, -126.523254, 0.622581, 3129, 5.800107 
2, -110.149127, 0.460571, 5633, 18.924185 
3, -108.526570, 0.515129, 8763, 39.953655 
4, -107.337597, 0.521798, 15649, 131.074286 
5, -103.322328, 0.577171, 23787, 243.406458 
6, -89.549271, 0.597873, 27543, 404.392709 
7, -33.308288, 0.608493, 32551, 651.765030 
8, 27.290785, 0.506907, 45071, 1597.658624 
9, 33.599300, 0.510129, 46323, 1707.022997 
10, 39.333396, 0.481093, 55713, 2799.201483 
11, 68.163887, 0.466721, 60095, 3402.401649 
12, 80.211034, 0.427391, 77623, 6684.989318 
13, 80.211034, 0.416863, 79501, 7200.052297 
