1, -96.542633, 0.528620, 5007, 16.382411 
2, -81.348643, 0.501035, 5633, 18.617459 
3, -78.055086, 0.562947, 23787, 279.513498 
4, -76.974453, 0.556165, 24413, 307.563133 
5, -40.771027, 0.578717, 29421, 408.586762 
6, -24.418139, 0.578990, 30673, 462.711732 
7, -20.039008, 0.538407, 32551, 511.956707 
8, -19.985028, 0.538422, 33177, 533.670018 
9, -13.145629, 0.540112, 36933, 725.633063 
10, -12.738500, 0.524712, 71363, 2985.583339 
11, -12.628912, 0.521328, 92021, 5067.759907 
12, -12.628912, 0.524213, 107045, 7200.919275 
