1, -110.303376, 0.680254, 6259, 22.503856 
2, -108.691404, 0.618483, 7511, 31.930548 
3, -105.687665, 0.562500, 13771, 90.207345 
4, -104.323834, 0.557672, 19405, 177.351921 
5, -85.378382, 0.629593, 20657, 210.250589 
6, -81.936144, 0.620019, 21283, 220.937674 
7, -80.076576, 0.596463, 23787, 291.049882 
8, -76.709588, 0.586429, 28169, 419.880803 
9, 6.501209, 0.685113, 36933, 783.566618 
10, 17.340176, 0.655869, 40689, 901.095137 
11, 50.796290, 0.611202, 46949, 1306.099170 
12, 50.796290, 0.588527, 92647, 7201.237680 
