1, -350.268103, 0.565079, 1251, 1.766659 
2, -329.352265, 0.541463, 1877, 3.463716 
3, -107.689990, 0.474194, 3129, 7.801664 
4, -106.845675, 0.512227, 4381, 16.065552 
5, -105.684737, 0.502515, 13771, 109.838679 
6, -43.404561, 0.799819, 92021, 4983.744086 
7, -29.292699, 0.797403, 92647, 5063.479213 
8, -24.949714, 0.793622, 93899, 5152.639049 
9, -24.694365, 0.791508, 94525, 5219.372399 
10, -19.897576, 0.789234, 95151, 5292.731899 
11, -15.701758, 0.780294, 97655, 5561.451613 
12, -13.776424, 0.776124, 98907, 5710.190976 
13, -8.634135, 0.764930, 101411, 6181.483696 
14, 13.610026, 0.751905, 104541, 6846.808478 
15, 13.610026, 0.746256, 106419, 7200.175202 
