1, -491.179211, 0.482436, 1877, 3.138542 
2, -110.415664, 0.562408, 3755, 11.806552 
3, -109.955458, 0.527409, 8137, 39.058977 
4, -108.680261, 0.508716, 8763, 42.912229 
5, -107.270054, 0.535966, 36307, 622.911332 
6, -107.132497, 0.531067, 36933, 634.166645 
7, -89.120499, 0.799228, 40689, 806.901689 
8, -41.458894, 0.782582, 41315, 829.503623 
9, -23.706806, 0.762257, 42567, 864.317780 
10, -22.161767, 0.799605, 46949, 1135.491057 
11, -19.996612, 0.779849, 48201, 1216.437522 
12, 11.770754, 0.687824, 52583, 1641.455610 
13, 19.895886, 0.587550, 68233, 3267.939099 
14, 26.365592, 0.509750, 86387, 6321.200833 
15, 60.442636, 0.544691, 87639, 6597.876055 
16, 60.442636, 0.541281, 90143, 7200.456773 
