1, -478.572788, 0.511568, 1877, 1.769444 
2, -177.514546, 0.560811, 3755, 17.503745 
3, -109.536177, 0.496386, 6885, 53.117746 
4, -108.504551, 0.490251, 8763, 70.381220 
5, -100.947649, 0.632375, 21283, 224.224648 
6, -95.347820, 0.546320, 33177, 731.044172 
7, -85.375175, 0.655774, 36933, 1001.035169 
8, -82.683023, 0.651356, 38811, 1428.144871 
9, -82.635122, 0.638993, 41315, 1726.690552 
10, -79.506983, 0.628349, 44445, 2282.615353 
11, -59.598550, 0.627940, 46949, 2947.549294 
12, -51.354410, 0.629984, 47575, 3090.895749 
13, -30.409173, 0.614932, 53835, 4308.818578 
14, -23.668147, 0.615757, 60095, 5453.266369 
15, -15.156886, 0.610112, 61347, 5760.003631 
16, 28.871792, 0.607659, 63225, 6192.283223 
17, 28.871792, 0.672331, 68859, 7200.879290 
