1, -643.523279, 0.531142, 2503, 4.958509 
2, -631.184961, 0.470320, 3129, 8.561938 
3, -560.589742, 0.547341, 3755, 10.065337 
4, -132.944008, 0.586618, 5633, 24.687013 
5, -126.424677, 0.565292, 6259, 28.486858 
6, -121.508372, 0.503720, 8137, 39.376515 
7, -109.587252, 0.568569, 11893, 73.198643 
8, -66.173087, 0.574065, 12519, 80.700792 
9, -60.855400, 0.552643, 13145, 90.241624 
10, -51.394998, 0.561942, 14397, 102.849877 
11, -50.290487, 0.557656, 15023, 111.805831 
12, -47.304897, 0.485270, 30673, 547.303261 
13, -45.965491, 0.581336, 33177, 674.295018 
14, -35.558948, 0.578436, 35055, 754.282547 
15, -32.724312, 0.558194, 40063, 1037.139066 
16, -9.687183, 0.560841, 49453, 1874.658209 
17, 9.450819, 0.555279, 51957, 2146.863304 
18, 35.592368, 0.547436, 55087, 2573.040109 
19, 41.507221, 0.544713, 59469, 3137.038944 
20, 41.507221, 0.519142, 85135, 7200.187517 
