1, -123.668119, 0.517007, 1877, 2.368916 
2, -113.323617, 0.589728, 16275, 197.745384 
3, -109.960205, 0.580269, 16901, 214.236310 
4, -107.876498, 0.570628, 18153, 260.881839 
5, -107.268980, 0.546593, 22535, 360.766392 
6, -63.975357, 0.763982, 66981, 3170.802680 
7, -57.541476, 0.762083, 67607, 3199.031169 
8, -51.967745, 0.750969, 70737, 3352.849504 
9, -51.125397, 0.739378, 75745, 3810.997409 
10, -48.620783, 0.717467, 82005, 4169.139671 
11, -41.786855, 0.710507, 86387, 4578.958888 
12, -38.224164, 0.712221, 88265, 4743.693414 
13, -27.568279, 0.712215, 90143, 4928.071636 
14, -25.671753, 0.710779, 90769, 4979.601331 
15, -20.822244, 0.732495, 93899, 5252.088360 
16, -8.251357, 0.731204, 94525, 5315.790029 
17, -7.349629, 0.718665, 100785, 5929.933020 
18, 0.092512, 0.709416, 105167, 6316.810055 
19, 2.356243, 0.701667, 110175, 6929.615715 
20, 2.356243, 0.701614, 112679, 7200.386127 
