1, -334.420095, 0.565079, 1251, 1.861295 
2, -109.189120, 0.477376, 1877, 2.897338 
3, -107.118391, 0.528541, 5633, 18.756703 
4, -102.129762, 0.602362, 6259, 21.384739 
5, -94.106036, 0.618950, 8137, 34.261853 
6, -93.170660, 0.596976, 8763, 37.643480 
7, -88.550473, 0.528372, 16275, 154.702244 
8, -3.176090, 0.630837, 19405, 212.080115 
9, 14.479411, 0.623799, 20031, 229.502981 
10, 25.748795, 0.617071, 20657, 243.857155 
11, 26.785722, 0.595390, 26917, 412.345427 
12, 26.785722, 0.594176, 109549, 7200.260782 
