1, -782.677614, 0.552381, 1251, 1.701058 
2, -592.579121, 0.492901, 1877, 2.955170 
3, -576.879644, 0.464158, 2503, 5.288671 
4, -538.998824, 0.594937, 3129, 6.334540 
5, -235.727051, 0.540852, 5007, 12.438971 
6, -111.268914, 0.528723, 5633, 14.900442 
7, -108.832093, 0.523746, 10641, 66.623796 
8, -107.255545, 0.511159, 11267, 75.840675 
9, -107.228243, 0.510597, 20657, 212.110434 
10, -106.913979, 0.501887, 31925, 588.409927 
11, -104.035001, 0.508274, 33177, 658.047037 
12, -73.816057, 0.605645, 51331, 1551.115029 
13, -50.213051, 0.602224, 51957, 1568.284264 
14, -47.451474, 0.591486, 55713, 1849.385658 
15, 43.931525, 0.627233, 61973, 2249.267402 
16, 73.396299, 0.572065, 65103, 2607.552086 
17, 73.396299, 0.435086, 96403, 7200.671291 
