1, -600.558572, 0.419397, 1251, 2.525748 
2, -300.417503, 0.627119, 1877, 5.899145 
3, -284.877224, 0.554065, 5633, 37.475767 
4, -139.894147, 0.611781, 6885, 48.060927 
5, -115.689897, 0.626595, 7511, 52.528960 
6, -113.978268, 0.563388, 10015, 75.647409 
7, -112.670872, 0.534540, 13145, 107.657891 
8, -108.145307, 0.543522, 20031, 230.316376 
9, -106.607285, 0.497814, 27543, 401.323005 
10, -105.122720, 0.507605, 43193, 809.164523 
11, -33.445337, 0.722536, 66355, 1894.864159 
12, -10.265823, 0.698804, 66981, 1928.162581 
13, -3.325689, 0.598674, 82005, 3622.584262 
14, 2.982587, 0.597994, 82631, 3723.797971 
15, 2.982587, 0.547062, 102037, 7200.255288 
