1, -180.007338, 0.607914, 1877, 5.016794 
2, -113.920813, 0.587749, 5007, 31.378704 
3, -97.259730, 0.546196, 11267, 143.442130 
4, -96.048773, 0.596741, 25665, 523.367519 
5, -72.029859, 0.593971, 26291, 538.855052 
6, -71.989886, 0.573641, 33803, 752.798553 
7, -67.676918, 0.539355, 44445, 1211.287480 
8, -63.950163, 0.529912, 47575, 1379.089026 
9, -63.554207, 0.533042, 62599, 2407.798892 
10, -47.605388, 0.560714, 76371, 3516.445407 
11, -10.769027, 0.664606, 80127, 4004.698705 
12, -6.421560, 0.663469, 80753, 4043.886694 
13, -1.179150, 0.654620, 84509, 4450.554007 
14, -0.253391, 0.651548, 85761, 4598.002917 
15, 0.901545, 0.649631, 86387, 4636.831260 
16, 14.240538, 0.627814, 97029, 5983.587613 
17, 15.860960, 0.624132, 100159, 6235.870936 
18, 16.116851, 0.623135, 101411, 6357.786162 
19, 21.482569, 0.609269, 107045, 7198.343958 
20, 21.482569, 0.608546, 107045, 7200.083103 
