1, -644.107523, 0.584535, 1251, 3.021442 
2, -642.384148, 0.523474, 1877, 4.990137 
3, -112.970180, 0.527027, 2503, 7.607728 
4, -112.188032, 0.524052, 5007, 25.798445 
5, -110.180248, 0.505915, 5633, 32.316051 
6, -43.906694, 0.489412, 10015, 91.748597 
7, 2.308080, 0.469451, 11267, 111.861961 
8, 2.412902, 0.636833, 18153, 221.311497 
9, 13.898140, 0.690707, 22535, 352.947667 
10, 16.740460, 0.685194, 23787, 401.200092 
11, 30.449866, 0.651947, 26291, 449.332343 
12, 50.528045, 0.646552, 26917, 468.670311 
13, 58.559416, 0.606084, 29421, 569.516563 
14, 61.522902, 0.530691, 80127, 5657.297346 
15, 61.522902, 0.528907, 89517, 7200.062109 
