1, -128.135734, 0.560850, 6259, 52.162287 
2, -123.964834, 0.550383, 7511, 76.426377 
3, -121.494144, 0.553996, 8763, 90.592030 
4, -16.367697, 0.708183, 9389, 111.118686 
5, 11.204541, 0.651487, 12519, 222.762005 
6, 16.028177, 0.643961, 21909, 759.005128 
7, 26.680829, 0.624620, 25039, 985.751567 
8, 63.627823, 0.674028, 35681, 2144.423215 
9, 96.011354, 0.632300, 38185, 2431.999931 
10, 103.972528, 0.565568, 53209, 4910.959493 
11, 120.189171, 0.544895, 62599, 6965.082394 
12, 120.189171, 0.550030, 63225, 7202.088533 
