1, -526.897927, 0.498638, 3129, 13.138724 
2, -192.138979, 0.616710, 3755, 26.097379 
3, -130.052270, 0.629738, 5007, 38.639218 
4, -128.866252, 0.607044, 5633, 47.824389 
5, -124.081454, 0.568976, 6885, 57.749465 
6, -108.066754, 0.559633, 7511, 65.041707 
7, -107.545477, 0.534805, 8763, 80.328240 
8, -106.147737, 0.540263, 18779, 218.673863 
9, -90.842380, 0.630715, 44445, 958.430529 
10, -90.566415, 0.592658, 49453, 1186.837422 
11, -85.954423, 0.584437, 54461, 1492.888611 
12, -71.102207, 0.556520, 76997, 3208.553861 
13, -60.158130, 0.554504, 77623, 3256.407482 
14, -57.716871, 0.557617, 80127, 3498.285951 
15, -57.716871, 0.566718, 108923, 7200.777461 
