1, -113.953059, 0.680019, 10015, 132.479523 
2, -104.456225, 0.666667, 10641, 145.428282 
3, -97.178317, 0.646148, 12519, 180.699487 
4, -90.777931, 0.629808, 13771, 211.914059 
5, -89.096708, 0.618531, 14397, 230.642784 
6, -87.560488, 0.597246, 15649, 250.150235 
7, -84.042304, 0.574283, 17527, 285.345751 
8, -75.132229, 0.547512, 27543, 588.283709 
9, -70.958542, 0.520146, 37559, 1006.927522 
10, -66.468233, 0.562540, 73241, 3606.392281 
11, -63.603853, 0.560684, 76371, 3911.070161 
12, -46.079954, 0.626730, 85761, 5203.390874 
13, -37.680192, 0.654995, 92021, 6052.250182 
14, -26.406362, 0.695436, 92647, 6169.573586 
15, -26.063339, 0.693763, 94525, 6554.749022 
16, -26.063339, 0.686315, 97029, 7201.509753 
