1, -485.793722, 0.532110, 1251, 1.999122 
2, -113.705803, 0.604790, 4381, 17.373545 
3, -111.102401, 0.558411, 5633, 26.533205 
4, -109.602488, 0.595713, 6259, 29.742581 
5, -107.071523, 0.517272, 25039, 397.591652 
6, -4.494874, 0.617037, 32551, 625.450062 
7, 6.417236, 0.544473, 35681, 726.570547 
8, 8.624854, 0.549582, 43819, 1153.841683 
9, 12.127668, 0.553703, 46323, 1279.063784 
10, 14.456506, 0.549375, 48827, 1376.135451 
11, 24.804994, 0.497055, 58843, 2169.590973 
12, 85.080271, 0.506485, 61973, 2640.765228 
13, 85.080271, 0.443660, 83883, 7201.954920 
