1, -108.449590, 0.591797, 8137, 64.339499 
2, -107.247011, 0.516041, 11267, 103.873258 
3, -107.016303, 0.506498, 17527, 223.779441 
4, -42.812817, 0.709068, 31299, 559.147365 
5, -34.601773, 0.693695, 33177, 620.757157 
6, 7.632953, 0.714205, 34429, 670.846412 
7, 13.250491, 0.704798, 35681, 730.455426 
8, 15.516407, 0.679374, 41315, 1019.031131 
9, 17.706770, 0.669117, 43819, 1153.074297 
10, 20.239568, 0.662300, 46323, 1316.165652 
11, 24.729704, 0.660986, 46949, 1355.628355 
12, 82.506907, 0.732903, 58843, 2482.897292 
13, 101.189911, 0.497430, 77623, 6486.790494 
14, 101.189911, 0.467936, 80753, 7200.264265 
