1, -118.759246, 0.599537, 5007, 23.380457 
2, -110.652509, 0.583888, 5633, 29.701720 
3, -107.128918, 0.566197, 6259, 34.259056 
4, -106.810346, 0.526544, 26291, 368.569468 
5, -104.027343, 0.487641, 31925, 499.636873 
6, -47.999766, 0.653703, 40063, 823.524860 
7, -10.196831, 0.645332, 40689, 878.639336 
8, -0.352363, 0.634751, 51957, 2665.793421 
9, 1.140294, 0.580707, 59469, 4026.852599 
10, 13.380800, 0.578527, 61347, 4351.001426 
11, 28.280067, 0.554954, 65103, 5288.624200 
12, 29.870114, 0.541069, 69485, 6470.899073 
13, 29.870114, 0.538256, 71363, 7200.229228 
