1, -74.842789, -67.376966, 104375, 71.028809 
2, -59.940563, -54.540766, 208125, 121.942875 
3, -57.755765, -52.622522, 311875, 182.881383 
4, -55.578279, -44.448062, 415625, 231.158155 
5, -37.061055, -30.239878, 519375, 311.846790 
6, -36.364068, -27.849292, 1660625, 1238.981743 
7, -35.941153, -24.547601, 2075625, 1540.360959 
8, -30.120903, -25.259096, 2179375, 1621.959237 
9, -28.382704, 15.169761, 3009375, 2263.369237 
10, -19.764412, 12.564206, 3113125, 2351.274056 
11, -15.100120, 1.101176, 3424375, 2606.086256 
12, -1.568707, 32.934615, 3943125, 3040.676141 
13, -0.855557, 3.755494, 4046875, 3132.957529 
14, 3.957929, 28.625969, 4876875, 3871.987035 
15, 15.839119, 47.129066, 4980625, 4018.368221 
16, 16.946932, 71.939542, 5188125, 4318.993480 
17, 35.009105, 62.404235, 5810625, 5344.025021 
