1, -111.740253, -106.815178, 104375, 38.217255 
2, -110.112117, -104.935905, 208125, 73.285803 
3, -110.112083, -102.908952, 415625, 151.617475 
4, -108.929394, -105.832961, 623125, 230.793067 
5, -108.460040, -105.392060, 830625, 309.546286 
6, -106.783095, -104.354374, 2179375, 822.057537 
7, -103.047204, -105.384206, 9545625, 3505.102129 
8, -101.458526, -92.949526, 11309375, 4119.239392 
9, -79.338063, -66.403105, 11413125, 4168.423262 
10, -69.544286, -62.627506, 11620625, 4263.966475 
11, -69.222734, -65.786592, 11724375, 4311.416394 
12, -62.367219, -54.790554, 11828125, 4357.894643 
13, -42.221191, -14.964423, 11931875, 4415.767152 
14, -26.198210, 3.550633, 12035625, 4488.784921 
15, -24.816973, 23.078846, 12243125, 4708.548953 
16, 8.963176, 29.493992, 12346875, 4855.942786 
17, 14.417995, 11.603098, 12450625, 4981.579688 
