1, -132.461750, -103.837833, 104375, 51.393032 
2, -112.098720, -106.451380, 208125, 92.730986 
3, -72.364863, -61.295224, 311875, 176.884089 
4, -25.717156, -30.488021, 415625, 252.599280 
5, -25.497295, -22.755644, 519375, 323.735816 
6, -25.463280, -22.424671, 1971875, 1377.113863 
7, -25.051771, -25.410813, 2698125, 1985.681846 
8, -24.073863, -25.471892, 4254375, 3208.295935 
9, 1.731983, 26.549917, 5188125, 3952.586324 
10, 62.723558, 87.285299, 6951875, 5663.400666 
11, 73.216974, 95.839713, 7366875, 6371.892038 
