1, -136.011366, -109.846274, 104375, 25.985655 
2, -85.283265, -76.004990, 208125, 55.914305 
3, -84.764112, -58.378340, 311875, 86.005225 
4, -84.074078, -62.500101, 415625, 115.525228 
5, -82.599840, -43.437718, 623125, 178.656752 
6, -82.000133, -73.729351, 830625, 240.702810 
7, -49.693243, -65.954689, 1453125, 420.847005 
8, -49.633285, -43.900302, 4150625, 1709.951007 
9, -42.115746, 0.155718, 16185625, 6108.949148 
10, -34.398375, 5.117204, 16289375, 6146.049599 
11, 9.458103, 21.546155, 16808125, 6354.854616 
