1, -130.680473, -107.700867, 104375, 22.931905 
2, -109.977812, -101.533799, 415625, 85.323721 
3, -102.120247, -92.172860, 1660625, 315.590006 
4, -101.923979, -83.133595, 2179375, 417.502498 
5, -100.262817, -84.150690, 2283125, 438.392544 
6, -97.304363, -82.401609, 2386875, 459.209965 
7, -92.352899, -87.165594, 3735625, 732.388480 
8, -88.202222, -72.486314, 3839375, 753.479292 
9, -84.515139, -85.370887, 4046875, 794.688799 
10, -83.504270, -88.692385, 19401875, 3918.352818 
11, -80.066466, -83.646707, 26560625, 5366.575306 
