1, -144.086206, -112.903376, 104375, 34.452347 
2, -134.875210, -110.573999, 208125, 57.688867 
3, -109.183789, -105.886990, 934375, 216.279046 
4, -104.148575, -105.102388, 1245625, 334.758959 
5, -101.733147, -106.212707, 1556875, 460.613794 
6, -87.746815, -72.509202, 1764375, 541.447747 
7, -74.587835, -76.951600, 1971875, 620.740227 
8, -74.285312, -63.081017, 2075625, 666.182712 
9, -66.500661, -67.270504, 2179375, 705.824702 
10, -62.106364, -42.860483, 2698125, 935.336493 
11, -48.589708, -24.092523, 2801875, 1020.848355 
12, -41.201748, -19.737797, 3424375, 1490.964311 
13, -19.454460, -11.249822, 3631875, 1658.250656 
14, -7.342541, 17.264905, 5603125, 3347.785909 
