1, -143.853782, -111.532187, 104375, 31.871584 
2, -127.523272, -101.654567, 311875, 89.886672 
3, -117.013194, -110.211387, 519375, 147.298474 
4, -114.885035, -107.459641, 1038125, 306.633765 
5, -110.540138, -103.660211, 1141875, 344.317268 
6, -106.913411, -105.639781, 1245625, 382.486106 
7, -60.016900, -59.142121, 1971875, 650.969167 
8, -58.906375, -54.922522, 2283125, 780.881700 
9, -57.239937, -58.177805, 2386875, 823.812332 
10, -40.213801, -31.933873, 2801875, 1283.000646 
11, -38.301226, -32.445264, 3216875, 1499.164539 
12, -35.942702, -30.103616, 3424375, 1613.228196 
13, -32.452795, -29.860323, 3528125, 1674.461442 
14, -30.831712, 12.924836, 3631875, 1737.574993 
15, -22.033792, 1.103120, 3735625, 1823.817014 
16, -11.867956, 21.511556, 3839375, 2100.164930 
17, -11.794856, 21.977938, 4046875, 2764.546192 
18, 2.639724, 88.146829, 4150625, 3020.025332 
19, 24.017142, 75.081306, 4254375, 3283.766213 
20, 39.483980, 64.005849, 4669375, 4418.878475 
21, 56.700747, 125.354946, 5291875, 6532.315290 
