1, -142.668168, -109.510355, 104375, 26.677167 
2, -115.172815, -98.009388, 208125, 69.393970 
3, -108.857279, -106.346784, 415625, 160.863713 
4, -99.269623, -103.264693, 623125, 246.822308 
5, -83.420560, -72.960346, 2490625, 1059.112587 
6, -46.086074, -46.280718, 2594375, 1108.568684 
7, -45.895429, -39.224799, 3839375, 1898.343655 
8, -45.530530, -35.402794, 4046875, 2032.281695 
9, -39.543506, -32.500401, 4254375, 2157.913566 
10, 0.797419, 17.675901, 4358125, 2268.695660 
11, 6.165884, 31.552424, 4461875, 2392.814585 
12, 19.245869, 43.250735, 4565625, 2620.246579 
13, 32.608103, 63.284431, 6018125, 5827.094243 
