1, 0.108636, -576.944101, 625, 0.352975 
2, 0.361692, -132.107675, 1250, 0.514499 
3, 0.389434, -764.199743, 1875, 2.797914 
4, 0.395143, -992.287130, 2500, 5.045382 
5, 0.573657, -236.526931, 3125, 7.178828 
6, 0.624558, -684.153369, 3750, 11.490849 
7, 0.624638, -741.751120, 4375, 12.972276 
8, 0.625201, -785.429710, 5000, 14.478042 
9, 0.625442, -954.231741, 5625, 15.289043 
10, 0.635333, -859.587198, 6250, 16.166629 
11, 0.641605, -981.963354, 6875, 26.232700 
12, 0.471676, -552.207050, 7550, 118.999330 
13, 0.475786, -644.824772, 8175, 128.381422 
14, 0.446223, -586.642369, 8825, 151.870619 
15, 0.463597, -564.839402, 9450, 156.443918 
16, 0.475326, -690.113929, 10075, 158.263189 
17, 0.475521, -686.261260, 10700, 159.496314 
18, 0.439641, -187.646813, 11350, 271.843034 
19, 0.440254, -200.305311, 11975, 273.412096 
20, 0.386680, -141.662493, 12650, 534.540850 
21, 0.418008, -116.355418, 13275, 543.446302 
22, 0.418233, -100.688872, 13900, 545.164851 
23, 0.424004, -153.841126, 14525, 551.664570 
24, 0.425030, -144.637304, 15150, 553.694525 
25, 0.425127, -129.282284, 15775, 555.856780 
26, 0.427243, -118.555322, 16400, 560.619678 
27, 0.438466, -191.190432, 17025, 564.403889 
28, 0.444655, -281.382620, 17650, 661.453616 
29, 0.444751, -179.961956, 18275, 664.907743 
30, 0.455204, -115.140270, 18900, 773.845308 
31, 0.461778, -138.299416, 19525, 795.368183 
32, 0.450503, -131.903549, 20175, 861.676165 
33, 0.460772, -136.700359, 20800, 867.047340 
34, 0.472555, -140.736129, 21425, 882.804997 
35, 0.486005, -130.488314, 22050, 899.726485 
36, 0.486974, -127.125015, 22675, 908.361922 
37, 0.487247, -115.013830, 23300, 955.313659 
38, 0.527475, -162.028114, 23925, 965.913408 
39, 0.528747, -163.703781, 24550, 978.147492 
40, 0.516869, -130.111920, 25200, 1040.237771 
41, 0.492831, -149.216400, 25875, 1314.594591 
42, 0.483026, -163.932768, 26525, 1463.040896 
43, 0.484787, -152.705235, 27150, 1464.990568 
44, 0.583257, -104.282301, 27775, 1591.111332 
45, 0.590101, -100.734414, 28400, 1592.219683 
46, 0.601532, -321.970083, 29025, 1596.986835 
47, 0.600590, -335.481497, 29675, 1639.205311 
48, 0.616612, -459.881111, 30300, 1697.678388 
49, 0.629447, -709.829931, 30925, 1730.422698 
50, 0.610938, -826.383451, 31575, 1864.299367 
51, 0.578717, -476.830583, 32250, 2651.613645 
52, 0.588837, -473.429655, 32875, 2655.768081 
53, 0.570225, -100.009233, 33525, 2858.636960 
54, 0.576060, -183.133288, 34150, 2867.954423 
55, 0.590484, -235.915899, 34800, 3082.180824 
56, 0.572376, -248.518132, 35475, 3620.205092 
57, 0.589670, -136.291918, 36100, 3716.641602 
58, 0.571456, -132.898535, 36775, 3944.227092 
59, 0.571986, -132.356320, 37400, 3947.066693 
60, 0.574019, -144.090868, 38025, 3950.107554 
61, 0.574060, -130.697849, 38650, 3954.102422 
62, 0.576344, -118.332178, 39275, 3960.903347 
63, 0.579310, -138.797611, 39900, 4011.841245 
64, 0.582012, -137.512328, 40525, 4074.584999 
65, 0.582165, -133.365955, 41150, 4105.956640 
66, 0.560181, -138.339316, 41850, 4906.078326 
67, 0.560518, -138.084960, 42475, 4907.599572 
68, 0.560894, -128.356624, 43100, 4917.848532 
69, 0.534019, -135.748689, 43825, 5870.314915 
70, 0.528149, -136.217058, 44475, 6343.462878 
71, 0.522678, -137.071540, 45125, 6597.739769 
72, 0.522712, -131.725234, 45750, 6597.742353 
73, 0.522712, -131.708939, 46375, 6600.803411 
