1, 0.467332, -848.091572, 625, 0.970026 
2, 0.621487, -811.450055, 1250, 13.048970 
3, 0.626418, -776.709596, 1875, 45.317909 
4, 0.527864, -632.455797, 2550, 102.518194 
5, 0.533835, -660.410502, 3175, 103.279379 
6, 0.534011, -676.331468, 3800, 138.215749 
7, 0.491611, -637.635927, 4450, 174.893361 
8, 0.498562, -623.429168, 5075, 176.303058 
9, 0.502517, -658.824080, 5700, 182.212471 
10, 0.504075, -644.725345, 6325, 188.738517 
11, 0.464658, -517.881191, 6975, 236.107740 
12, 0.443700, -510.206942, 7625, 335.321833 
13, 0.499212, -653.937107, 8275, 548.032618 
14, 0.578382, -639.397086, 8900, 565.241638 
15, 0.578412, -657.351051, 9525, 578.328834 
16, 0.578769, -657.484462, 10150, 589.078409 
17, 0.578918, -837.387149, 10775, 655.053400 
18, 0.580613, -998.237982, 11400, 660.373271 
19, 0.593050, -671.081295, 12025, 674.902090 
20, 0.612467, -113.599661, 12700, 982.761791 
21, 0.612853, -112.945089, 13325, 984.664275 
22, 0.570129, -115.648510, 14000, 1239.442982 
23, 0.551745, -106.348300, 14650, 1445.574683 
24, 0.536354, -112.634080, 15300, 1671.476576 
25, 0.547181, -85.320738, 15925, 1690.190121 
26, 0.582935, -180.899768, 16550, 1736.137582 
27, 0.596839, -97.202018, 17175, 1742.045094 
28, 0.599219, -122.624032, 17800, 1760.054771 
29, 0.599240, -141.021956, 18425, 1769.314963 
30, 0.599459, -143.717973, 19050, 1778.650888 
31, 0.599480, -132.483725, 19675, 1790.829534 
32, 0.599502, -128.532382, 20300, 1800.005512 
33, 0.603715, -86.337675, 20925, 1810.931876 
34, 0.614302, -85.163745, 21550, 1837.311639 
35, 0.615764, -96.770464, 22175, 1846.282399 
36, 0.623426, -89.661560, 22800, 1862.918983 
37, 0.649925, -187.456410, 23425, 2025.086335 
38, 0.651474, -119.609177, 24050, 2034.154628 
39, 0.653286, -95.911284, 24675, 2058.441063 
40, 0.655862, -145.626882, 25300, 2124.012161 
41, 0.656102, -136.982400, 25925, 2162.053389 
42, 0.606181, -182.262564, 26575, 2305.587067 
43, 0.606256, -121.528805, 27200, 2322.560733 
44, 0.616940, -133.785054, 27825, 2343.528277 
45, 0.617505, -147.447155, 28450, 2353.541636 
46, 0.622706, -133.410164, 29075, 2388.693087 
47, 0.576087, -122.500002, 29725, 3010.499397 
48, 0.599981, -118.750024, 30350, 3031.608467 
49, 0.601194, -112.059115, 30975, 3043.482517 
50, 0.611579, -522.680471, 31600, 3070.567305 
51, 0.561607, -577.136318, 32325, 4231.296731 
52, 0.550034, -563.908048, 32975, 4516.583000 
53, 0.529020, -567.898947, 33650, 5192.108006 
54, 0.529032, -556.708319, 34275, 5195.461745 
55, 0.529416, -584.874249, 34900, 5199.581697 
56, 0.541418, -445.037926, 35550, 5436.134955 
57, 0.587172, -136.357446, 36175, 5502.777399 
58, 0.623919, -124.793459, 36800, 5511.834025 
59, 0.625908, -227.484644, 37500, 6160.071320 
60, 0.660576, -79.582883, 38125, 6176.346147 
61, 0.688891, -24.397455, 38750, 6279.963978 
62, 0.688925, -27.257950, 39375, 6350.128583 
63, 0.688947, -30.907709, 40000, 6378.453036 
64, 0.697930, -94.982873, 40625, 6407.039396 
65, 0.711867, 140.902142, 41250, 6573.103897 
66, 0.671656, 144.005220, 41900, 6601.718787 
