1, 0.389434, -976.821579, 625, 1.160995 
2, 0.404230, -273.572997, 1250, 5.418609 
3, 0.515680, -198.819094, 1875, 19.134657 
4, 0.567305, -318.924693, 2500, 19.871825 
5, 0.635092, -741.845474, 3125, 21.288903 
6, 0.504051, -668.370930, 3775, 82.202444 
7, 0.504306, -740.192173, 4400, 83.829857 
8, 0.511770, -835.742559, 5025, 86.842518 
9, 0.445197, -772.783799, 5675, 118.078648 
10, 0.454782, -1179.469631, 6300, 120.094316 
11, 0.478068, -1078.842073, 6925, 121.831685 
12, 0.481871, -974.664636, 7550, 127.749537 
13, 0.496666, -783.561809, 8175, 131.084941 
14, 0.501407, -709.628088, 8800, 133.137571 
15, 0.517399, -645.979277, 9425, 134.674609 
16, 0.544801, -668.349978, 10050, 139.104228 
17, 0.545114, -617.942742, 10675, 140.514152 
18, 0.551834, -736.685363, 11300, 141.785039 
19, 0.555741, -758.305247, 11925, 166.828878 
20, 0.562461, -787.844528, 12550, 170.879724 
21, 0.568869, -690.653987, 13175, 173.183341 
22, 0.569858, -1051.598506, 13800, 184.321277 
23, 0.514217, -581.387462, 14450, 206.139326 
24, 0.536620, -401.500047, 15075, 279.517016 
25, 0.521845, -398.729813, 15725, 318.987802 
26, 0.513800, -476.506852, 16375, 344.467113 
27, 0.530646, -105.902581, 17000, 398.197821 
28, 0.534707, -112.299625, 17625, 413.320754 
29, 0.537189, -111.969706, 18250, 415.200299 
30, 0.537828, -107.378296, 18875, 419.249724 
31, 0.541137, -111.917405, 19500, 431.360379 
32, 0.614689, -673.989924, 20150, 492.910532 
33, 0.619336, -664.684575, 20775, 514.734858 
34, 0.540421, -257.991808, 21450, 856.969084 
35, 0.544890, -262.653069, 22075, 866.369340 
36, 0.547770, -239.679078, 22700, 872.580252 
37, 0.606203, -172.042492, 23325, 947.866359 
38, 0.592495, -131.562495, 24000, 1129.221609 
39, 0.602398, -295.940437, 24625, 1144.210852 
40, 0.570418, -313.706510, 25325, 1881.148343 
41, 0.556745, -380.104842, 26025, 2479.802068 
42, 0.495429, -398.494269, 26725, 3674.184104 
43, 0.609621, -632.496814, 27350, 3783.753298 
44, 0.572423, -644.080424, 28050, 4135.988616 
45, 0.566708, -113.642550, 28775, 5394.405092 
46, 0.566847, -108.738549, 29400, 5401.451878 
47, 0.571400, -108.490722, 30025, 5408.429005 
48, 0.572399, -109.436006, 30650, 5432.865455 
49, 0.557453, -108.845350, 31325, 6602.061795 
