1, 0.468195, -940.068477, 625, 0.810661 
2, 0.468442, -864.914955, 1250, 18.835230 
3, 0.395462, -809.991912, 1900, 64.742555 
4, 0.450716, -672.466715, 2525, 69.829436 
5, 0.450871, -683.951088, 3150, 79.310286 
6, 0.477756, -114.943501, 3800, 148.910492 
7, 0.483057, -115.178041, 4425, 149.562670 
8, 0.443151, -841.681911, 5100, 241.626556 
9, 0.509727, -840.014516, 5725, 282.466479 
10, 0.522764, -804.286166, 6350, 286.543629 
11, 0.468886, -729.000479, 7000, 348.726523 
12, 0.436649, -690.159223, 7650, 404.069395 
13, 0.450073, -649.377022, 8275, 421.308551 
14, 0.450720, -675.134659, 8900, 426.088132 
15, 0.426336, -652.550455, 9550, 520.055151 
16, 0.436727, -522.264876, 10175, 545.093887 
17, 0.486877, -480.905991, 10800, 546.975749 
18, 0.517057, -608.254953, 11425, 578.621418 
19, 0.517688, -618.370073, 12050, 580.012638 
20, 0.550420, -615.961484, 12675, 595.880542 
21, 0.519522, -579.266093, 13325, 658.861940 
22, 0.524135, -431.227313, 13950, 817.341396 
23, 0.542194, -261.653059, 14575, 821.312792 
24, 0.562278, -190.362072, 15200, 825.199350 
25, 0.563938, -197.494601, 15825, 829.765240 
26, 0.564191, -185.393482, 16450, 836.971739 
27, 0.565767, -125.673911, 17075, 841.786670 
28, 0.605598, -321.610937, 17700, 850.874480 
29, 0.562601, -389.337037, 18375, 1076.373838 
30, 0.595051, -383.230896, 19025, 1230.533170 
31, 0.625315, -347.531379, 19650, 1233.710747 
32, 0.642540, -381.048201, 20325, 1443.712535 
33, 0.632355, -353.799324, 20975, 1551.847766 
34, 0.632593, -335.641598, 21600, 1557.273504 
35, 0.610463, -325.113750, 22275, 1871.899279 
36, 0.628931, -238.146281, 22900, 1884.074619 
37, 0.620538, -192.579178, 23550, 2032.830529 
38, 0.612620, -201.883262, 24200, 2289.760897 
39, 0.607766, -227.618849, 24850, 2506.946265 
40, 0.602550, -204.936910, 25500, 2953.013144 
41, 0.636830, -291.336321, 26200, 4062.014146 
42, 0.611647, -310.904843, 26875, 5209.864605 
43, 0.615881, -255.516837, 27500, 5662.499086 
44, 0.625855, -375.076343, 28125, 5685.327922 
45, 0.614765, -358.931912, 28775, 5777.266212 
46, 0.614784, -314.167520, 29400, 5777.271338 
47, 0.602813, -518.649083, 30050, 6262.319084 
48, 0.603525, -287.896247, 30675, 6275.585334 
49, 0.609366, -298.370860, 31300, 6294.766892 
50, 0.609411, -292.910696, 31925, 6298.627703 
51, 0.609482, -207.349264, 32550, 6302.290946 
52, 0.609482, -307.128719, 33175, 6602.721755 
