1, 0.140238, -566.342763, 625, 0.217763 
2, 0.366436, -627.533789, 1250, 0.285828 
3, 0.644821, -899.388954, 1875, 2.100127 
4, 0.521253, -712.340729, 2525, 29.516038 
5, 0.381322, -200.931971, 3200, 125.808948 
6, 0.395851, -274.599932, 3825, 127.723616 
7, 0.454928, -480.828126, 4450, 129.908718 
8, 0.467538, -280.062067, 5075, 175.797097 
9, 0.446537, -634.247885, 5725, 262.104369 
10, 0.461467, -678.617359, 6350, 262.989668 
11, 0.461976, -661.816797, 6975, 263.850335 
12, 0.462782, -690.686609, 7600, 270.031741 
13, 0.464393, -689.932180, 8225, 273.114208 
14, 0.429226, -664.550599, 8875, 281.472446 
15, 0.486899, -574.393090, 9500, 292.398682 
16, 0.487052, -587.411391, 10125, 294.148674 
17, 0.480832, -106.704638, 10775, 444.180577 
18, 0.485825, -112.695814, 11400, 444.849404 
19, 0.514734, -109.667848, 12025, 446.410153 
20, 0.495851, -111.611331, 12675, 462.215681 
21, 0.507937, -803.982824, 13300, 509.258152 
22, 0.531252, -753.681602, 13925, 517.710664 
23, 0.550748, -666.875320, 14550, 526.578167 
24, 0.518444, -513.497080, 15200, 568.116877 
25, 0.481375, -471.057381, 15850, 712.270024 
26, 0.543375, -420.964701, 16475, 825.036244 
27, 0.547281, -319.845071, 17100, 838.720214 
28, 0.532172, -323.375466, 17750, 843.210338 
29, 0.517164, -308.631884, 18400, 940.503746 
30, 0.526217, -231.433178, 19025, 1071.958628 
31, 0.538346, -104.928981, 19650, 1074.332764 
32, 0.574505, -108.158513, 20275, 1077.083604 
33, 0.575039, -109.559561, 20900, 1085.205559 
34, 0.575319, -110.951454, 21525, 1090.113677 
35, 0.579337, -108.673605, 22150, 1092.339752 
36, 0.563014, -114.366998, 22800, 1102.473866 
37, 0.566282, -109.009043, 23425, 1358.831449 
38, 0.566306, -107.879565, 24050, 1361.846694 
39, 0.551733, -108.869161, 24700, 1412.914481 
40, 0.523966, -111.282234, 25375, 1734.962293 
41, 0.535335, -110.703958, 26025, 1908.701750 
42, 0.544863, -110.314544, 26650, 1924.759967 
43, 0.556471, -107.945452, 27275, 1927.131144 
44, 0.578346, -659.757421, 27925, 2175.719742 
45, 0.578366, -652.015446, 28550, 2183.024832 
46, 0.559531, -655.712457, 29200, 2307.946399 
47, 0.559589, -656.984170, 29825, 2311.692692 
48, 0.576750, -473.756878, 30475, 2517.698972 
49, 0.577157, -450.130904, 31100, 2519.909477 
50, 0.584308, -484.311130, 31725, 2523.529391 
51, 0.589685, -352.461027, 32350, 2532.634535 
52, 0.589796, -411.526059, 32975, 2538.625497 
53, 0.592457, -373.959804, 33600, 2590.566724 
54, 0.581821, -379.240415, 34250, 2818.103825 
55, 0.583564, -433.118921, 34875, 2819.703436 
56, 0.585359, -439.847167, 35500, 2825.744343 
57, 0.609394, -442.359513, 36125, 2830.551342 
58, 0.616192, -490.875942, 36750, 2831.815547 
59, 0.701403, -62.356400, 37450, 3181.039171 
60, 0.701580, -51.038047, 38075, 3203.116315 
61, 0.701594, -76.155105, 38700, 3226.533189 
62, 0.705507, -352.489509, 39325, 3271.246811 
63, 0.712463, -292.288065, 40000, 3901.313339 
64, 0.653189, -132.250298, 40800, 6552.242015 
65, 0.653189, -141.068715, 41425, 6606.286749 
