1, 0.167221, -537.575407, 625, 0.509700 
2, 0.197917, -117.708737, 1250, 0.789531 
3, 0.327170, -523.740564, 1875, 2.365613 
4, 0.468195, -802.202791, 2500, 7.625626 
5, 0.555720, -912.714430, 3125, 26.500964 
6, 0.627281, -798.987289, 3750, 29.029527 
7, 0.627712, -802.552613, 4375, 34.708420 
8, 0.558069, -446.083570, 5025, 111.536980 
9, 0.489857, -525.381036, 5675, 129.552861 
10, 0.512411, -636.656904, 6300, 153.608954 
11, 0.548112, -546.470882, 6925, 157.253336 
12, 0.648326, -664.616455, 7550, 165.802987 
13, 0.675543, -665.629077, 8175, 174.368034 
14, 0.676551, -635.999001, 8800, 192.622423 
15, 0.591179, -659.381695, 9475, 257.740463 
16, 0.591323, -659.715234, 10100, 262.211592 
17, 0.560315, -647.647639, 10750, 423.698525 
18, 0.537494, -625.246338, 11400, 681.761446 
19, 0.583302, -636.077396, 12025, 688.985853 
20, 0.619613, -402.210849, 12650, 690.967848 
21, 0.626401, -259.454543, 13275, 704.549517 
22, 0.557446, -547.082388, 13925, 727.465911 
23, 0.557545, -545.709539, 14550, 729.484363 
24, 0.559337, -158.296992, 15175, 825.022933 
25, 0.559509, -158.763726, 15800, 832.826396 
26, 0.560491, -137.215320, 16425, 836.632964 
27, 0.589908, -108.277287, 17050, 846.121133 
28, 0.589957, -108.520098, 17675, 863.232063 
29, 0.534372, -113.084414, 18375, 1706.061619 
30, 0.519850, -315.899107, 19025, 1797.203441 
31, 0.529460, -114.366887, 19650, 1812.122288 
32, 0.529523, -111.751482, 20275, 1814.327414 
33, 0.530112, -108.525517, 20900, 1839.405474 
34, 0.515014, -108.857278, 21550, 2071.934895 
35, 0.547309, -670.017956, 22200, 2428.792064 
36, 0.527239, -676.395198, 22850, 2433.799757 
37, 0.553032, -133.205278, 23500, 2598.019952 
38, 0.553569, -131.350433, 24125, 2605.443266 
39, 0.557036, -131.132489, 24775, 2662.100267 
40, 0.496558, -132.789887, 25525, 3691.507318 
41, 0.680552, -152.951011, 26200, 4030.103052 
42, 0.699632, -151.346528, 26825, 4056.881104 
43, 0.699646, -163.148577, 27450, 4108.015601 
44, 0.699661, -81.787980, 28075, 4149.172860 
45, 0.699746, -170.089745, 28700, 4210.778227 
46, 0.710948, -595.374345, 29325, 4288.054920 
47, 0.714887, -528.832843, 29950, 4299.511333 
48, 0.714902, -529.849532, 30575, 4307.743917 
49, 0.742763, -218.862323, 31200, 4315.351410 
50, 0.742777, -122.886609, 31825, 4355.184745 
51, 0.745126, -120.674028, 32450, 4378.502722 
52, 0.752575, -286.763105, 33075, 4397.283928 
53, 0.632044, -317.684414, 33750, 4822.917876 
54, 0.596269, -650.416661, 34400, 5465.520962 
55, 0.597443, -664.506505, 35025, 5473.306429 
56, 0.567187, -651.234292, 35725, 6600.153483 
