1, -742.802986, 0.515397, 1250, 14.092532 
2, -726.039901, 0.515397, 3125, 89.649803 
3, -717.320331, 0.641266, 5000, 129.543682 
4, -370.072359, 0.651128, 16250, 495.130630 
5, -346.746903, 0.651270, 18125, 569.950625 
6, -340.125571, 0.662835, 18750, 583.483657 
7, -331.931331, 0.662835, 20625, 642.303584 
8, -294.725402, 0.663687, 28125, 891.713364 
9, -192.369340, 0.674826, 50000, 1721.430188 
10, -192.142075, 0.674826, 60000, 2062.243937 
11, -190.302132, 0.675110, 73750, 2494.929712 
12, -188.639390, 0.675110, 76250, 2580.868262 
13, -164.413432, 0.675110, 78750, 2671.097532 
