1, -387.616287, 0.402300, 3750, 83.895523 
2, -326.300562, 0.643937, 4375, 96.982325 
3, -320.979518, 0.649485, 5000, 111.248815 
4, -293.647061, 0.652461, 6250, 146.723097 
5, -265.177313, 0.652461, 14375, 467.556361 
6, -253.517583, 0.656803, 34375, 1310.398511 
7, -240.297077, 0.657929, 38125, 1447.198641 
8, -238.992468, 0.657929, 40625, 1507.132267 
9, -222.705838, 0.657929, 41250, 1532.152493 
10, -208.457065, 0.658491, 41875, 1557.889012 
11, -182.115991, 0.658491, 46875, 1726.666593 
12, -179.299406, 0.658491, 91250, 3175.993534 
13, -159.566018, 0.658491, 177500, 6130.706015 
