1, -934.293378, 0.621001, 1250, 45.925982 
2, -855.077937, 0.630211, 2500, 111.410301 
3, -799.682296, 0.635543, 3750, 148.321524 
4, -773.289694, 0.635543, 7500, 380.385362 
5, -676.900814, 0.641420, 11250, 543.917376 
6, -662.492693, 0.641420, 11875, 593.723718 
7, -654.099328, 0.642087, 12500, 619.757220 
8, -650.815993, 0.642087, 14375, 682.919746 
9, -650.627193, 0.642087, 15000, 710.802874 
10, -648.140845, 0.642087, 15625, 734.408736 
11, -633.753196, 0.642996, 16250, 755.974306 
12, -608.888836, 0.642996, 17500, 850.208767 
13, -596.153732, 0.642996, 28125, 1365.303563 
