1, -427.572993, 0.454728, 1875, 27.140275 
2, -379.499243, 0.454728, 3125, 65.892318 
3, -370.171306, 0.454728, 6875, 189.290686 
4, -345.385324, 0.637343, 9375, 269.287723 
5, -332.846129, 0.637343, 10000, 291.470106 
6, -313.522239, 0.637343, 10625, 319.070279 
7, -311.794851, 0.637343, 13125, 390.972150 
8, -306.421768, 0.657044, 14375, 477.990896 
9, -293.472678, 0.657044, 15000, 612.120283 
10, -282.522608, 0.659135, 15625, 663.618909 
11, -252.149544, 0.659135, 21250, 1082.938516 
12, -205.097919, 0.660261, 45625, 2450.536256 
13, -197.741176, 0.660663, 48125, 2623.860591 
14, -196.087691, 0.660663, 53750, 2869.489715 
15, -187.432459, 0.660663, 62500, 3364.407200 
16, -173.710085, 0.660663, 76250, 3960.999838 
17, -170.282158, 0.660823, 81250, 4183.882046 
18, -162.048737, 0.660823, 106875, 5594.077788 
