1, -469.354837, 0.322362, 2500, 84.230579 
2, -356.952153, 0.564596, 7500, 289.829564 
3, -340.612241, 0.611317, 8750, 338.288031 
4, -337.276303, 0.611440, 16250, 870.507664 
5, -333.644617, 0.611440, 21250, 1297.515948 
6, -329.587670, 0.614152, 28125, 1901.860923 
7, -277.859136, 0.614152, 28750, 1928.607230 
8, -272.734604, 0.614152, 44375, 3170.174699 
9, -266.149717, 0.616494, 51875, 3770.816365 
10, -263.847890, 0.616802, 58125, 4208.708462 
11, -253.779568, 0.616802, 62500, 4601.498643 
12, -233.476697, 0.622103, 87500, 6598.346648 
