1, 0.468195, 0, 0.227577 
2, 0.514361, -790.604396, 625, 15.534381 
3, 0.534209, -780.879417, 1250, 17.020499 
4, 0.564287, -714.094326, 1875, 18.806180 
5, 0.626418, -354.567036, 2500, 37.569831 
6, 0.628328, -444.460658, 3125, 55.248956 
7, 0.629438, -498.516856, 3750, 1779.993934 
8, 0.630424, -662.376675, 4375, 1892.441229 
9, 0.632705, -646.560067, 5000, 1893.268073 
10, 0.633691, -596.935457, 5625, 2077.546931 
11, 0.634246, -644.083258, 6250, 2204.001366 
12, 0.634615, -686.276518, 6875, 2204.813283 
13, 0.636218, -670.379094, 7500, 2205.695650 
14, 0.636588, -655.546706, 8125, 2707.380185 
15, 0.636834, -670.812385, 8750, 3128.354466 
16, 0.638375, -671.069984, 9375, 3131.096111 
17, 0.638622, -680.776671, 10000, 3134.647732 
18, 0.639300, -669.175161, 10625, 3339.468676 
19, 0.639793, -657.624190, 11250, 3471.044774 
20, 0.640163, -664.056400, 11875, 4762.281324 
21, 0.640163, -671.667905, 12500, 6600.600313 
