1, 0.451951, 0, 0.087408 
2, 0.452072, -827.505314, 625, 0.193176 
3, 0.452315, -764.036885, 1250, 15.419570 
4, 0.452375, -913.618433, 1875, 21.439017 
5, 0.453890, -987.250453, 2500, 22.342899 
6, 0.634089, -743.824936, 3125, 23.269120 
7, 0.634149, -775.782236, 3750, 32.056490 
8, 0.634876, -810.634128, 4375, 124.788850 
9, 0.635361, -577.049262, 5000, 188.929724 
10, 0.635422, -665.204368, 5625, 190.906773 
11, 0.635482, -340.088529, 6250, 203.381125 
12, 0.637542, -799.303924, 6875, 619.680307 
13, 0.637603, -810.718596, 7500, 911.699929 
14, 0.639724, -733.798599, 8125, 917.412856 
15, 0.640996, -767.002333, 8750, 920.452755 
16, 0.641481, -721.370391, 9375, 1034.783407 
17, 0.643177, -735.644170, 10000, 2022.734404 
18, 0.643177, -783.919452, 10625, 6600.134410 
