1, 0.389434, 0, 0.220356 
2, 0.430846, -478.262598, 625, 1.384887 
3, 0.525491, -335.452073, 1250, 12.970637 
4, 0.527099, -612.037606, 1875, 16.429088 
5, 0.527179, -556.182662, 2500, 30.821025 
6, 0.528385, -537.976897, 3125, 33.187971 
7, 0.530637, -588.591609, 3750, 37.238036 
8, 0.538356, -684.480980, 4375, 40.039572 
9, 0.614506, -467.456937, 5000, 107.138634 
10, 0.620055, -521.490172, 5625, 108.258782 
11, 0.624156, -486.581211, 6250, 109.984625 
12, 0.625844, -823.111176, 6875, 112.628456 
13, 0.628498, -767.245739, 7500, 114.298415 
14, 0.628900, -771.284136, 8125, 115.876404 
15, 0.633966, -731.501313, 8750, 125.838769 
16, 0.635333, -760.525794, 9375, 128.336697 
17, 0.637424, -964.042451, 10000, 136.824424 
18, 0.643052, -319.134169, 10625, 430.643398 
19, 0.649727, -349.568905, 11250, 434.084550 
20, 0.655516, -657.531633, 11875, 998.819819 
21, 0.655838, -684.784700, 12500, 1022.455183 
22, 0.656481, -670.836455, 13125, 1664.184139 
23, 0.657687, -686.018399, 13750, 1855.872489 
24, 0.658652, -583.122943, 14375, 2396.023796 
25, 0.658733, -580.765534, 15000, 4185.059663 
26, 0.660261, -555.048800, 15625, 4449.299567 
27, 0.662432, -548.138246, 16250, 5985.134831 
28, 0.663799, -543.284978, 16875, 5987.823035 
29, 0.663959, -573.874349, 17500, 6344.450903 
30, 0.663959, -564.640058, 18125, 6600.550611 
