1, 0.451951, 0, 0.047226 
2, 0.457828, -696.455911, 625, 18.088643 
3, 0.458919, -659.931150, 1250, 18.652987 
4, 0.459101, -674.092855, 1875, 70.948313 
5, 0.515875, -914.796016, 2500, 252.170330 
6, 0.597916, -882.965068, 3125, 254.775034 
7, 0.605853, -850.730264, 3750, 268.137368 
8, 0.605914, -909.433404, 4375, 269.622763 
9, 0.607671, -896.242494, 5000, 270.894971 
10, 0.616941, -689.295990, 5625, 273.310513 
11, 0.627848, -366.447916, 6250, 329.214489 
12, 0.635725, -344.589560, 6875, 337.687187 
13, 0.636149, -319.960950, 7500, 339.905119 
14, 0.637482, -799.817875, 8125, 677.481493 
15, 0.637542, -743.737064, 8750, 864.452385 
16, 0.637603, -797.342001, 9375, 2124.296857 
17, 0.637664, -777.937108, 10000, 2758.753393 
18, 0.637785, -754.224021, 10625, 3229.320129 
19, 0.638027, -758.288765, 11250, 4073.095629 
20, 0.638088, -744.559532, 11875, 4599.567544 
21, 0.643177, -672.981909, 12500, 6338.618136 
22, 0.643177, -649.620682, 13125, 6600.410381 
