1, 0.167221, 0, 0.323360 
2, 0.197917, -121.349425, 625, 0.590801 
3, 0.327170, -472.430295, 1250, 1.987098 
4, 0.468195, -727.760780, 1875, 6.878078 
5, 0.555720, -737.992896, 2500, 24.074121 
6, 0.627281, -913.746088, 3125, 26.270217 
7, 0.627712, -893.392377, 3750, 31.811307 
8, 0.627774, -914.680469, 4375, 467.579865 
9, 0.627897, -760.050829, 5000, 864.875709 
10, 0.633629, -547.933504, 5625, 1323.906096 
11, 0.633691, -550.662990, 6250, 1541.694798 
12, 0.636033, -633.158030, 6875, 1557.964126 
13, 0.636649, -484.251421, 7500, 1924.388341 
14, 0.636711, -517.984941, 8125, 2326.027077 
15, 0.636834, -549.507435, 8750, 2596.606863 
16, 0.637204, -547.204905, 9375, 2964.006221 
17, 0.637266, -543.005697, 10000, 4291.820000 
18, 0.637882, -548.192238, 10625, 4852.473728 
19, 0.637882, -545.109102, 11250, 6600.800705 
