1, 0.451951, 0, 0.082982 
2, 0.456374, -631.010841, 625, 24.442361 
3, 0.494789, -663.019569, 1250, 33.139409 
4, 0.600824, -648.411868, 1875, 37.159558 
5, 0.601854, -311.245340, 2500, 48.153594 
6, 0.602096, -659.134932, 3125, 52.942285 
7, 0.602824, -629.019830, 3750, 65.632743 
8, 0.615608, -695.474849, 4375, 151.529336 
9, 0.618093, -670.655124, 5000, 161.920114 
10, 0.618153, -826.120372, 5625, 164.488101 
11, 0.618396, -664.113235, 6250, 230.291129 
12, 0.619607, -360.293257, 6875, 257.615024 
13, 0.627060, -436.119661, 7500, 269.956493 
14, 0.627424, -418.156646, 8125, 371.622718 
15, 0.628333, -430.579178, 8750, 376.077661 
16, 0.631665, -331.895147, 9375, 418.384794 
17, 0.635846, -685.200534, 10000, 438.784076 
18, 0.636088, -643.766124, 10625, 622.197948 
19, 0.636755, -659.172875, 11250, 630.317907 
20, 0.637664, -674.373010, 11875, 641.991708 
21, 0.637785, -637.882082, 12500, 1102.021702 
22, 0.639057, -663.208143, 13125, 1203.984919 
23, 0.642935, -633.963975, 13750, 1241.618109 
24, 0.644147, -668.650171, 14375, 1910.081859 
25, 0.644389, -641.464935, 15000, 2073.213047 
26, 0.645298, -743.244920, 15625, 2760.490078 
27, 0.646086, -338.967514, 16250, 2761.661694 
28, 0.646328, -498.781238, 16875, 2884.313073 
29, 0.646328, -449.829732, 17500, 6600.762174 
