1, 0.140238, 0, 0.120104 
2, 0.366436, -559.571362, 625, 0.183349 
3, 0.644821, -984.601015, 1250, 2.247053 
4, 0.644902, -762.664891, 1875, 229.852015 
5, 0.646751, -749.234964, 2500, 378.266935 
6, 0.648279, -1107.771058, 3125, 397.491920 
7, 0.650852, -792.021593, 3750, 439.837550 
8, 0.652943, -901.907681, 4375, 1469.009610 
9, 0.653265, -825.534275, 5000, 1997.599123 
10, 0.653345, -940.219609, 5625, 2341.032453 
11, 0.653908, -772.093029, 6250, 2577.622594 
12, 0.654390, -722.188448, 6875, 3443.763572 
13, 0.654551, -856.209316, 7500, 4204.450946 
14, 0.655114, -293.469239, 8125, 4340.399355 
15, 0.655999, -311.234430, 8750, 4345.960266 
16, 0.656722, -317.003315, 9375, 4357.098233 
17, 0.656883, -307.503324, 10000, 4366.805923 
18, 0.656964, -283.600800, 10625, 4368.825085 
19, 0.657607, -370.154008, 11250, 4376.833929 
20, 0.657768, -389.810872, 11875, 4396.967419 
21, 0.658089, -420.111153, 12500, 4399.303692 
22, 0.658894, -367.028807, 13125, 4425.436167 
23, 0.658974, -418.647991, 13750, 4428.190897 
24, 0.659054, -361.722052, 14375, 4887.360126 
25, 0.662030, -341.534404, 15000, 5144.592789 
26, 0.662271, -337.405395, 15625, 5288.191491 
27, 0.662673, -289.001072, 16250, 5290.003872 
28, 0.662914, -370.776877, 16875, 6195.948645 
29, 0.663155, -394.694688, 17500, 6330.230133 
30, 0.663638, -387.293489, 18125, 6470.695275 
31, 0.663638, -414.563557, 18750, 6600.231024 
