1, 0.108636, 0, 0.060029 
2, 0.361692, -117.196452, 625, 0.209163 
3, 0.389434, -893.441972, 1250, 2.753481 
4, 0.395143, -790.591386, 1875, 5.252683 
5, 0.573657, -235.573940, 2500, 7.256889 
6, 0.624558, -673.934422, 3125, 12.225687 
7, 0.624638, -716.204217, 3750, 13.821828 
8, 0.625201, -888.055042, 4375, 15.386892 
9, 0.625442, -810.462433, 5000, 16.377115 
10, 0.635333, -900.793689, 5625, 17.207595 
11, 0.641605, -934.288350, 6250, 28.424915 
12, 0.644982, -943.973136, 6875, 59.147653 
13, 0.645224, -808.095165, 7500, 117.992089 
14, 0.647153, -931.110575, 8125, 271.611830 
15, 0.648199, -812.276537, 8750, 316.975019 
16, 0.650611, -814.687371, 9375, 549.611050 
17, 0.651576, -321.744162, 10000, 1844.490602 
18, 0.655757, -312.443860, 10625, 1845.131978 
19, 0.659054, -294.528010, 11250, 1846.208260 
20, 0.659698, -330.899830, 11875, 1950.639983 
21, 0.661467, -325.726700, 12500, 2179.518444 
22, 0.661708, -300.051186, 13125, 2268.542357 
23, 0.661788, -308.524272, 13750, 4570.090748 
24, 0.661869, -318.152547, 14375, 4813.678086 
25, 0.661949, -283.458499, 15000, 5304.216957 
26, 0.661949, -301.872428, 15625, 6600.277047 
