1, -760.765910, 0.000000, 625, 0.612240 
1, -334.311654, 0.470930, 2503, 4.571404 
2, -278.895703, 0.625436, 3129, 8.649984 
3, -241.753392, 0.708434, 3755, 13.125376 
4, -239.172906, 0.689542, 4381, 17.574779 
5, -230.152050, 0.601222, 7511, 52.857947 
6, -179.355237, 0.634521, 8763, 66.361987 
7, -84.299742, 0.630916, 13145, 134.966677 
8, -66.791863, 0.595806, 15649, 181.013120 
9, -64.874938, 0.714914, 35681, 926.651388 
10, -63.543745, 0.555524, 40063, 1315.014652 
11, -11.579979, 0.546561, 46949, 2233.272638 
12, 32.873139, 0.548416, 48201, 2323.538641 
13, 35.215754, 0.544486, 63851, 4075.831511 
14, 43.346979, 0.572903, 76997, 5675.736105 
15, 47.471065, 0.573262, 79501, 5966.915056 
16, 47.471065, 0.567146, 87639, 7200.904398 
