1, -576.944101, 0.000000, 625, 0.248771 
1, -165.526479, 0.630682, 3755, 11.858159 
2, -124.413092, 0.594134, 6259, 31.563435 
3, -123.413143, 0.593407, 8763, 67.272371 
4, -119.766048, 0.583903, 9389, 74.345179 
5, -98.874375, 0.624791, 18153, 258.855298 
6, 38.132547, 0.675790, 26291, 653.270121 
7, 88.216110, 0.607728, 28169, 855.192131 
8, 96.017812, 0.647621, 32551, 1588.114670 
9, 114.338422, 0.632317, 35055, 2089.202319 
10, 143.212744, 0.589374, 40063, 2836.264102 
11, 143.212744, 0.521755, 53835, 7201.512547 
