1, -940.068477, 0.000000, 625, 0.746272 
1, -866.494221, 0.639889, 1251, 2.852360 
2, -364.611495, 0.489987, 3755, 13.389050 
3, -280.892998, 0.573023, 5633, 26.792388 
4, -275.336164, 0.561450, 6259, 30.036557 
5, -105.836882, 0.656663, 9389, 69.703768 
6, -103.973479, 0.648826, 10641, 80.918348 
7, -95.325529, 0.600296, 12519, 93.820191 
8, -43.040431, 0.639344, 26291, 344.672745 
9, -22.754596, 0.634006, 27543, 363.975111 
10, -13.995368, 0.606462, 31925, 471.537799 
11, -13.930289, 0.557437, 40689, 833.998815 
12, -13.930289, 0.548291, 107045, 7200.452536 
