1, -496.570996, 0.000000, 625, 0.246231 
1, -453.588431, 0.543421, 3755, 13.331641 
2, -400.083777, 0.519651, 5007, 20.073525 
3, -192.802000, 0.722644, 8137, 62.786040 
4, -177.721309, 0.677681, 9389, 93.408197 
5, -161.161600, 0.649789, 10015, 107.931835 
6, -122.615940, 0.601899, 13145, 189.085369 
7, -122.105625, 0.570913, 15649, 233.788332 
8, -92.452209, 0.614573, 20031, 312.826975 
9, -84.177647, 0.605972, 21909, 350.022169 
10, -74.052576, 0.584257, 23161, 385.670897 
11, -62.813670, 0.589705, 29421, 604.755893 
12, -10.357287, 0.636794, 38811, 1020.464961 
13, 47.898969, 0.659111, 44445, 1456.508796 
14, 49.748474, 0.643894, 45071, 1508.792627 
15, 76.845696, 0.579398, 51331, 2130.635407 
16, 84.753604, 0.491998, 76997, 6018.906057 
17, 84.753604, 0.496604, 83257, 7200.065820 
