1, -981.698768, 0.000000, 625, 0.767944 
1, -838.016778, 0.520776, 1251, 2.666012 
2, -320.418187, 0.511170, 3129, 13.359688 
3, -291.984432, 0.511136, 4381, 28.794001 
4, -276.787627, 0.491597, 5007, 33.377907 
5, -158.820003, 0.510714, 8137, 60.350879 
6, -143.278887, 0.531153, 14397, 160.519289 
7, -97.746913, 0.578728, 15023, 175.727723 
8, -95.719862, 0.539357, 17527, 254.367528 
9, -19.856088, 0.622795, 20657, 379.543436 
10, -13.991208, 0.456935, 36933, 1388.002173 
11, 0.533970, 0.456445, 37559, 1483.429648 
12, 22.604359, 0.470052, 48201, 2563.109051 
13, 22.604359, 0.436852, 76997, 7201.065067 
