1, -613.109121, 0.000000, 625, 0.294535 
1, -362.723202, 0.648199, 1251, 1.954179 
2, -343.006155, 0.518847, 1877, 3.685063 
3, -181.180450, 0.614815, 3129, 12.064868 
4, -180.057249, 0.509264, 8763, 121.925688 
5, -134.777555, 0.555871, 11267, 171.687697 
6, -132.256909, 0.545990, 11893, 178.132652 
7, -131.773882, 0.502929, 15023, 209.458867 
8, -119.959449, 0.500873, 22535, 358.502779 
9, -113.490283, 0.496450, 23161, 374.338966 
10, -108.263337, 0.500768, 26291, 470.653801 
11, -102.576474, 0.504601, 28169, 533.337948 
12, -100.451222, 0.501238, 28795, 559.505749 
13, -49.126794, 0.498834, 31299, 691.887094 
14, -22.518119, 0.493467, 32551, 761.727419 
15, -10.162566, 0.597979, 33803, 835.271990 
16, 4.475982, 0.598437, 34429, 863.255853 
17, 6.945643, 0.597948, 35055, 891.956269 
18, 10.661295, 0.602480, 39437, 1071.774199 
19, 13.518365, 0.603515, 43193, 1351.242392 
20, 17.531710, 0.602930, 53835, 2090.590809 
21, 56.598318, 0.624506, 58217, 2468.014991 
22, 56.598318, 0.509809, 86387, 7200.472706 
