1, -137.196400, 0.000000, 625, 0.213790 
1, -114.404280, 0.610008, 6885, 30.648490 
2, -113.331916, 0.555899, 8763, 60.387995 
3, -70.849409, 0.728126, 28169, 494.946486 
4, -70.514045, 0.722781, 28795, 526.071122 
5, -28.557189, 0.692165, 34429, 931.336009 
6, -0.153259, 0.644258, 36307, 1047.979064 
7, 45.823819, 0.633858, 36933, 1086.332779 
8, 54.246555, 0.641879, 38811, 1268.147907 
9, 63.537749, 0.564343, 45697, 2113.858490 
10, 81.185512, 0.527905, 62599, 5341.697825 
11, 85.487824, 0.541307, 67607, 6838.407883 
12, 85.487824, 0.547840, 68233, 7201.135061 
