1, -406.080257, 0.000000, 625, 0.215546 
1, -363.952369, 0.489888, 1877, 4.107184 
2, -275.456862, 0.533333, 5633, 35.575000 
3, -240.103717, 0.517529, 6259, 40.370496 
4, -120.178821, 0.505240, 6885, 44.682957 
5, -112.727796, 0.546917, 8137, 54.501629 
6, -108.773475, 0.530755, 8763, 60.654905 
7, -108.681175, 0.530290, 14397, 118.738229 
8, -108.668167, 0.470226, 16901, 190.000935 
9, -107.187503, 0.463167, 17527, 197.033157 
10, -97.220813, 0.484770, 30047, 474.723901 
11, -93.078154, 0.480607, 37559, 759.407334 
12, -92.985156, 0.475144, 43193, 1024.731499 
13, -66.477750, 0.589464, 45071, 1129.215193 
14, -52.655785, 0.587587, 46949, 1220.178588 
15, 27.309208, 0.645321, 60721, 2039.397562 
16, 68.464570, 0.620492, 64477, 2390.652288 
17, 68.464570, 0.586191, 110175, 7200.300508 
