1, -946.163321, 0.000000, 625, 0.809779 
1, -662.387247, 0.673139, 1877, 5.726421 
2, -651.617064, 0.612666, 2503, 7.133343 
3, -451.011985, 0.711563, 3129, 10.188884 
4, -402.672171, 0.648728, 4381, 18.624697 
5, -240.474845, 0.608621, 5007, 28.240003 
6, -229.357362, 0.578125, 5633, 35.119500 
7, -170.657924, 0.664557, 9389, 118.379337 
8, -126.913099, 0.601827, 10641, 134.159045 
9, -118.036415, 0.576353, 11893, 176.669339 
10, -111.753970, 0.622664, 13771, 207.247424 
11, -61.846537, 0.621531, 18779, 372.935987 
12, -58.618321, 0.610549, 20657, 432.571617 
13, -46.411144, 0.592586, 22535, 516.170064 
14, -42.231058, 0.591426, 23787, 570.769791 
15, -41.808349, 0.594576, 25039, 647.308870 
16, -29.932205, 0.592243, 26291, 702.456644 
17, -13.214607, 0.589974, 26917, 724.573097 
18, 6.116783, 0.584491, 29421, 821.537092 
19, 11.008043, 0.576613, 33177, 1021.341580 
20, 55.338459, 0.608932, 34429, 1109.886940 
21, 75.409373, 0.597645, 36307, 1253.912862 
22, 91.335672, 0.586469, 38811, 1455.918929 
23, 91.335672, 0.447901, 73241, 7200.238145 
