0, 9.360000, 0.000000, 100, 0.735800 
1, 9.410000, 0.500000, 200, 54.403393 
2, 167.760000, 0.640472, 301, 72.288862 
3, 264.530000, 0.873836, 503, 177.381129 
4, 316.850000, 0.912219, 806, 452.463480 
5, 340.960000, 0.912227, 907, 571.725946 
6, 401.750000, 0.929251, 1008, 691.048784 
7, 419.450000, 0.936721, 1109, 802.920330 
8, 441.390000, 0.961083, 1412, 1154.330060 
9, 453.330000, 0.964520, 1715, 1640.447730 
10, 454.380000, 0.965644, 1816, 1747.489665 
11, 455.800000, 0.964025, 1917, 2021.111637 
12, 469.170000, 0.962351, 2119, 2420.245601 
13, 469.170000, 0.961822, 2827, 3601.744529 
