1, 0.468195, 0, 0.200706 
2, 0.468442, -940.068477, 625, 20.504560 
3, 0.522066, -826.162513, 1250, 64.915935 
4, 0.625678, -790.174405, 1875, 81.642711 
5, 0.626048, -769.319682, 2500, 200.430859 
6, 0.626972, -829.694973, 3125, 204.589797 
7, 0.627281, -746.037127, 3750, 341.959755 
8, 0.627897, -743.601611, 4375, 352.521177 
9, 0.629684, -683.602384, 5000, 1002.990063 
10, 0.630671, -662.831699, 5625, 1004.240728 
11, 0.632705, -669.279281, 6250, 1389.788897 
12, 0.632766, -762.081042, 6875, 1393.006071 
13, 0.632951, -632.748091, 7500, 1668.036243 
14, 0.633814, -655.233934, 8125, 2624.810318 
15, 0.636958, -658.857654, 8750, 3361.996393 
16, 0.637574, -700.004773, 9375, 4480.546069 
17, 0.637697, -638.867226, 10000, 5497.129413 
18, 0.637697, -618.800748, 10625, 6600.113984 
