1, 0.395346, 0, 0.134413 
2, 0.516745, -810.793127, 625, 8.376538 
3, 0.519938, -806.761122, 1250, 14.908884 
4, 0.533348, -749.839222, 1875, 19.547442 
5, 0.637647, -785.771794, 2500, 37.398044 
6, 0.639208, -949.513897, 3125, 40.197812 
7, 0.640982, -1071.441180, 3750, 41.237557 
8, 0.661487, -845.371175, 4375, 42.336036 
9, 0.663616, -345.629760, 5000, 452.395422 
10, 0.663758, -323.903864, 5625, 463.618396 
11, 0.664041, -879.161165, 6250, 1366.757243 
12, 0.664112, -810.634639, 6875, 1370.088872 
13, 0.664964, -699.245191, 7500, 1373.370299 
14, 0.665106, -814.634319, 8125, 1375.680135 
15, 0.665815, -900.479273, 8750, 1634.620299 
16, 0.665957, -1008.401295, 9375, 2167.935512 
17, 0.667802, -1068.856819, 10000, 2499.934629 
18, 0.668370, -841.101465, 10625, 2687.507739 
19, 0.668370, -810.169539, 11250, 6600.340061 
