1, 0.389434, 0, 0.392499 
2, 0.404230, -402.812569, 625, 4.818669 
3, 0.515680, -190.683594, 1250, 16.912298 
4, 0.567305, -345.905337, 1875, 17.554821 
5, 0.635092, -885.535086, 2500, 19.104803 
6, 0.636459, -506.429699, 3125, 81.500266 
7, 0.639273, -534.436663, 3750, 84.901993 
8, 0.639514, -543.423849, 4375, 86.839959 
9, 0.643052, -838.176639, 5000, 99.843130 
10, 0.647314, -353.871809, 5625, 158.603127 
11, 0.647475, -459.052744, 6250, 298.692082 
12, 0.647636, -459.023476, 6875, 299.647314 
13, 0.651013, -447.119287, 7500, 301.841946 
14, 0.651496, -454.356539, 8125, 400.849881 
15, 0.652943, -343.725668, 8750, 405.392661 
16, 0.653265, -316.611729, 9375, 406.970251 
17, 0.653345, -351.639995, 10000, 505.433003 
18, 0.653426, -334.841013, 10625, 548.330674 
19, 0.656964, -645.694501, 11250, 549.470631 
20, 0.659376, -339.672024, 11875, 1176.891537 
21, 0.662512, -625.896387, 12500, 1305.823680 
22, 0.663075, -636.298477, 13125, 1306.358019 
23, 0.666372, -638.797440, 13750, 1707.170120 
24, 0.666854, -607.330765, 14375, 2002.732886 
25, 0.666935, -609.239831, 15000, 2051.657191 
26, 0.667578, -611.449589, 15625, 2114.393152 
27, 0.668704, -618.638854, 16250, 2136.435630 
28, 0.669025, -624.554508, 16875, 2201.973817 
29, 0.670794, -653.638797, 17500, 2259.624911 
30, 0.670955, -617.144686, 18125, 2534.633464 
31, 0.671036, -541.258965, 18750, 5913.795333 
32, 0.671036, -536.339984, 19375, 6600.526058 
