1, -866.494221, 0.534545, 1251, 2.905051 
2, -395.283053, 0.548975, 2503, 6.813064 
3, -377.934464, 0.487329, 3129, 7.926140 
4, -130.511829, 0.597534, 5007, 15.056602 
5, -81.712624, 0.675048, 6259, 21.697099 
6, -77.609053, 0.661883, 6885, 24.772323 
7, -67.951506, 0.645292, 7511, 28.354445 
8, -52.769476, 0.610221, 8137, 34.653014 
9, -27.549384, 0.496504, 42567, 1079.097016 
10, -27.343147, 0.518691, 49453, 1572.288744 
11, -24.831253, 0.520225, 53209, 1920.550505 
12, 18.426553, 0.508577, 58843, 2287.759240 
13, 18.426553, 0.486695, 97029, 7200.174033 
