1, -130.350540, 0.433414, 1877, 3.390168 
2, -121.697531, 0.633829, 3129, 8.246835 
3, -109.313990, 0.534506, 3755, 13.566169 
4, -97.018595, 0.554172, 4381, 18.366167 
5, -81.433306, 0.598560, 5633, 29.906509 
6, -62.607883, 0.563121, 6885, 43.716161 
7, -60.261827, 0.554404, 10015, 93.905018 
8, 20.265736, 0.636412, 33177, 780.452445 
9, 42.646754, 0.634410, 33803, 802.549332 
10, 56.762475, 0.621015, 36307, 875.688776 
11, 65.041492, 0.579044, 60721, 2001.681942 
12, 67.313010, 0.568651, 87013, 4303.837649 
13, 82.257254, 0.621840, 88891, 4616.893939 
14, 116.973892, 0.571271, 92647, 5125.558315 
15, 116.973892, 0.510840, 107671, 7200.197223 
