1, -110.213580, 0.622744, 16275, 156.546184 
2, -109.462418, 0.606102, 18153, 201.574508 
3, -105.926659, 0.535568, 24413, 340.955898 
4, -82.933392, 0.544750, 76997, 2489.534520 
5, -73.809305, 0.542754, 77623, 2534.834276 
6, -72.272962, 0.538612, 79501, 2617.931787 
7, -62.667831, 0.517908, 94525, 3789.185745 
8, -62.074044, 0.522006, 102037, 4280.018259 
9, -58.583640, 0.505884, 108297, 4811.343251 
10, 11.482832, 0.538037, 109549, 5052.592470 
11, 13.250378, 0.475674, 123321, 6776.444245 
12, 15.999401, 0.475999, 123947, 6876.017217 
