1, -316.574488, 0.443515, 1877, 4.321288 
2, -226.033924, 0.592857, 2503, 6.583586 
3, -119.027229, 0.552050, 3129, 10.662263 
4, -118.196556, 0.555698, 4381, 19.304590 
5, -115.133876, 0.557040, 5633, 30.480946 
6, -113.375309, 0.542776, 6259, 35.426081 
7, -113.368688, 0.472033, 8763, 60.762606 
8, -110.841083, 0.460892, 9389, 68.995311 
9, -87.381901, 0.484979, 12519, 134.264667 
10, -58.328558, 0.474607, 16901, 235.484078 
11, -32.158326, 0.436835, 28169, 558.403382 
12, -9.426055, 0.426729, 30047, 648.556325 
13, 9.284492, 0.435343, 38185, 1000.258839 
14, 9.284492, 0.440644, 97029, 7200.431183 
