1, -912.878951, 0.534545, 1251, 2.169822 
2, -157.042596, 0.425490, 2503, 5.750505 
3, -135.750944, 0.559928, 6259, 26.892618 
4, -129.007212, 0.502158, 8763, 59.628260 
5, -39.660577, 0.633220, 10641, 97.428447 
6, -39.271089, 0.495012, 12519, 149.128644 
7, -31.331867, 0.456461, 15649, 265.027374 
8, -2.188093, 0.548444, 18779, 387.508324 
9, 44.519529, 0.543528, 25039, 608.808487 
10, 51.365493, 0.473423, 29421, 753.979913 
11, 74.657306, 0.465169, 50705, 2489.836969 
12, 74.657306, 0.461705, 87013, 7200.535100 
