1, -332.547897, 0.538182, 1251, 2.049585 
2, -134.988567, 0.435685, 2503, 8.994933 
3, -112.264496, 0.653922, 6259, 33.514257 
4, -111.303367, 0.616637, 6885, 36.961799 
5, -82.041016, 0.617175, 8137, 46.179958 
6, -75.509830, 0.581741, 9389, 55.593897 
7, -66.239627, 0.554515, 12519, 92.487301 
8, -65.550224, 0.561080, 18153, 266.407352 
9, -46.967892, 0.481222, 19405, 312.336561 
10, 9.451607, 0.413353, 27543, 725.685633 
11, 70.794005, 0.402761, 73241, 5303.559498 
12, 70.794005, 0.399012, 84509, 7200.426366 
