1, -134.270178, 0.635332, 2503, 9.467722 
2, -121.047938, 0.538306, 6259, 62.825114 
3, -116.854532, 0.544191, 8763, 98.725884 
4, -116.080155, 0.518878, 10015, 125.291103 
5, -109.054298, 0.650453, 11267, 144.226800 
6, -97.930009, 0.635392, 11893, 160.691340 
7, -97.052381, 0.581422, 14397, 233.202628 
8, -95.932477, 0.557483, 16901, 274.689029 
9, -94.160199, 0.522209, 20031, 351.036334 
10, -90.157037, 0.502879, 21909, 415.093815 
11, -87.273785, 0.453151, 46949, 1635.332126 
12, -75.734397, 0.468391, 51331, 1956.279753 
13, 6.136028, 0.563901, 56339, 2422.661294 
14, 6.136028, 0.492789, 94525, 7200.275377 
