1, -96.258322, 0.606911, 2503, 5.351081 
2, -95.748784, 0.508486, 6885, 33.888637 
3, -84.771692, 0.529722, 18153, 217.733082 
4, -77.084206, 0.507795, 22535, 315.968487 
5, -63.332840, 0.513133, 23787, 350.365023 
6, -63.189635, 0.494485, 44445, 1039.736047 
7, -62.317108, 0.485514, 46323, 1145.689343 
8, -62.216370, 0.475400, 68233, 2497.332021 
9, -56.014108, 0.474304, 78249, 3272.857951 
10, -51.294982, 0.510604, 87639, 4217.975437 
11, -47.440896, 0.500181, 93273, 4952.665040 
12, -35.601481, 0.499776, 100785, 5793.047827 
13, -35.601481, 0.509652, 113931, 7200.254916 
