1, -901.368319, 0.640000, 1251, 2.730687 
2, -678.261019, 0.670984, 1877, 4.107749 
3, -674.064133, 0.523232, 2503, 6.949570 
4, -622.334358, 0.647244, 3129, 9.603773 
5, -621.847397, 0.601955, 3755, 23.976892 
6, -238.751136, 0.442598, 4381, 28.856447 
7, -173.986184, 0.422431, 5633, 41.029058 
8, -169.168199, 0.460119, 7511, 56.952801 
9, -135.967277, 0.658817, 8137, 61.626082 
10, -134.407420, 0.648724, 8763, 65.066509 
11, -118.355474, 0.592938, 10641, 87.978758 
12, -100.249293, 0.441476, 20657, 329.759459 
13, -84.836433, 0.427020, 22535, 397.415216 
14, -80.762092, 0.364799, 33803, 917.873560 
15, -30.560508, 0.509827, 59469, 2562.502731 
16, -24.361696, 0.508176, 60095, 2597.517171 
17, 42.714274, 0.591048, 62599, 2775.977966 
18, 79.559365, 0.586827, 63225, 2816.081458 
19, 97.503624, 0.574661, 64477, 2904.231323 
20, 124.352333, 0.497847, 78875, 4587.742220 
21, 124.352333, 0.467734, 91395, 7200.326952 
