1, -108.973433, 0.535035, 10015, 96.996724 
2, -105.247014, 0.479145, 19405, 308.026142 
3, -85.344813, 0.613878, 20031, 336.740524 
4, -83.751786, 0.474422, 28795, 751.228271 
5, -82.965632, 0.539685, 31299, 940.762980 
6, -77.469021, 0.530301, 32551, 1011.034047 
7, -64.471682, 0.519265, 33803, 1080.611418 
8, -60.622565, 0.474670, 53209, 2462.393358 
9, -47.596518, 0.482388, 56965, 2764.852719 
10, -41.781997, 0.475086, 58843, 3005.691756 
11, -39.769074, 0.474486, 59469, 3040.122968 
12, -36.663687, 0.473588, 66981, 3816.208629 
13, -26.589714, 0.475156, 70737, 4206.924089 
14, -20.382136, 0.470867, 71989, 4319.562595 
15, -20.354727, 0.467497, 73867, 4714.837317 
16, -17.524853, 0.448455, 85761, 6619.204827 
17, -17.524853, 0.441249, 88891, 7200.288785 
