1, -242.518018, 0.500000, 2503, 5.109183 
2, -201.644463, 0.586847, 3755, 8.833087 
3, -138.734458, 0.595862, 4381, 10.477109 
4, -131.165877, 0.526559, 5633, 18.230984 
5, -129.714918, 0.497821, 6259, 22.431150 
6, -123.325196, 0.516115, 10641, 88.791205 
7, -120.536919, 0.525588, 13145, 132.853280 
8, -119.259682, 0.497989, 15649, 179.304347 
9, -113.627846, 0.469731, 24413, 377.646033 
10, -81.186861, 0.523133, 32551, 613.984324 
11, -75.317153, 0.580387, 42567, 931.413608 
12, -67.908058, 0.571830, 44445, 1021.208525 
13, -64.314153, 0.533165, 48827, 1266.044525 
14, -53.861751, 0.540433, 50079, 1340.482191 
15, -46.120806, 0.488276, 66355, 2319.645974 
16, -21.724533, 0.516390, 87013, 4401.929266 
17, -18.459155, 0.515640, 87639, 4454.612544 
18, -15.685039, 0.518043, 89517, 4636.732127 
19, -14.144371, 0.518411, 90769, 4728.462861 
20, 0.413911, 0.521164, 92021, 4844.967581 
21, 5.822500, 0.537245, 95151, 5252.059457 
22, 13.792272, 0.539077, 95777, 5356.996088 
23, 21.468777, 0.594244, 98281, 5612.083407 
24, 21.468777, 0.524611, 109549, 7200.363164 
