1, -150.519746, 0.468165, 2503, 6.456272 
2, -122.322589, 0.574332, 5633, 28.315123 
3, -116.207579, 0.438029, 6885, 45.587660 
4, -88.212956, 0.449541, 8137, 57.920246 
5, -71.158761, 0.458766, 17527, 198.385548 
6, -61.164070, 0.449835, 55713, 2202.931464 
7, -30.356818, 0.492317, 60721, 2698.821535 
8, -18.953837, 0.477626, 63225, 2940.632768 
9, 17.516593, 0.463665, 63851, 3008.573673 
10, 48.198057, 0.499351, 70737, 3926.951636 
11, 56.647624, 0.469280, 75119, 4536.585391 
12, 79.722475, 0.461160, 88891, 6612.027358 
13, 79.722475, 0.500530, 92021, 7200.814304 
