1, -142.789633, -102.256043, 104375, 21.661570 
2, -122.545886, -98.938183, 208125, 44.187416 
3, -116.094493, -87.184193, 311875, 68.596559 
4, -98.247138, -89.259644, 415625, 98.013699 
5, -83.332729, -77.868753, 934375, 253.391864 
6, -65.944900, -51.930981, 5291875, 1638.753757 
7, -58.364844, -51.780644, 5395625, 1699.811404 
8, -48.886970, -45.365004, 5499375, 1757.660851 
9, -47.697904, -43.705231, 5706875, 1868.033894 
10, -47.273642, -39.559247, 5810625, 1928.626655 
11, -40.492775, -31.526236, 5914375, 1996.353349 
12, -34.158137, -28.693592, 6018125, 2065.121122 
13, -31.377383, -28.960577, 7263125, 2860.754077 
14, -30.994833, -27.086398, 9130625, 4033.020189 
15, -28.709379, -29.113679, 12035625, 5843.457882 
