1, -129.024615, -107.677922, 104375, 32.695977 
2, -117.081644, -107.955875, 311875, 85.163258 
3, -115.340465, -77.922324, 415625, 113.111376 
4, -82.576981, -69.375929, 519375, 141.450242 
5, -73.472876, -71.502651, 934375, 249.741178 
6, -32.333035, 58.765903, 1141875, 470.317790 
7, 6.181847, 54.868579, 1245625, 825.281082 
8, 30.408868, 74.766736, 1349375, 1071.766832 
9, 32.222583, 69.726486, 1556875, 1525.342588 
10, 48.318191, 72.905287, 1971875, 2346.950669 
11, 64.594951, 62.408003, 2801875, 3795.964481 
12, 69.374307, 85.850590, 3320625, 4619.784017 
