1, -71.682632, -47.224278, 104375, 39.888224 
2, -71.064107, -58.065041, 519375, 242.782081 
3, -59.079980, -27.112667, 623125, 289.179828 
4, -53.639069, -22.939599, 726875, 336.763855 
5, -50.329478, -15.049194, 934375, 442.002899 
6, -49.677591, -4.597284, 1141875, 555.517800 
7, -42.187467, -11.035373, 1245625, 628.758285 
8, -19.390096, 21.250945, 1349375, 739.257370 
9, -15.381440, 17.126942, 1453125, 935.895712 
10, -6.096464, 9.662733, 1556875, 1067.966971 
11, 6.585757, 23.594704, 1660625, 1225.354241 
12, 12.074594, 46.967754, 1971875, 1782.572958 
13, 28.204284, 43.940038, 2179375, 2226.138836 
