1, -119.348114, -108.446647, 104375, 38.913005 
2, -115.359485, -89.474387, 1764375, 507.958968 
3, -113.733275, -80.003881, 1971875, 613.697726 
4, -85.321951, -65.190674, 2283125, 745.711310 
5, -81.356764, -46.646985, 2386875, 792.147266 
6, -79.900908, -60.298138, 2490625, 829.092000 
7, -76.706798, -56.032058, 2801875, 987.203139 
8, -47.732166, -52.136506, 3113125, 1163.122936 
9, -39.944306, -26.159128, 4358125, 1827.758547 
10, -35.797844, -21.836215, 4461875, 1885.578511 
11, -34.832017, -18.790534, 4669375, 1962.084661 
12, -27.584415, -17.473842, 5188125, 2177.512833 
13, -22.811812, -17.071998, 6433125, 2677.442448 
14, -18.229445, -12.543207, 7159375, 2974.188357 
