1, -132.411697, -104.803947, 104375, 24.136702 
2, -127.724164, -108.095328, 311875, 77.954076 
3, -113.129189, -104.707380, 415625, 115.628657 
4, -112.280886, -104.832276, 726875, 231.010963 
5, -111.495397, -104.318716, 934375, 311.905925 
6, -110.955980, -104.101926, 1038125, 363.363915 
7, -110.205450, -106.160080, 1349375, 524.701654 
8, -108.818260, -104.590247, 1660625, 688.748437 
9, -106.828512, -105.148561, 2594375, 1106.252406 
10, -106.548697, -104.883451, 3943125, 1662.768756 
11, -105.094414, -104.056890, 4046875, 1714.135102 
