1, -108.540197, -90.494101, 104375, 53.821239 
2, -102.487312, -81.999044, 519375, 209.024213 
3, -97.587285, -75.015328, 1245625, 403.859658 
4, -77.447773, -49.152905, 1349375, 452.250175 
5, -72.983395, -47.736331, 1556875, 556.495141 
6, -68.702235, -49.418411, 1764375, 650.944473 
7, -64.607586, -36.836881, 2386875, 934.374383 
8, -62.242710, -18.683867, 2490625, 1000.799949 
9, -40.976069, -16.142493, 2698125, 1162.256911 
10, -33.036154, -6.639983, 3631875, 1865.402251 
11, -17.245245, 0.929073, 4150625, 2229.283919 
12, -14.966405, 8.560084, 5188125, 3467.017092 
13, -13.912389, -1.769034, 6640625, 5753.012143 
