1, -134.103561, -113.153641, 104375, 33.061056 
2, -89.492996, -74.945701, 311875, 90.294206 
3, -85.858153, -74.908322, 415625, 131.539579 
4, -63.751532, -50.610982, 726875, 251.825881 
5, -43.691867, -39.222385, 934375, 334.743575 
6, -39.153029, -38.075576, 1556875, 605.330573 
7, -16.758988, 11.199961, 2386875, 1808.914995 
8, 2.728366, 60.562438, 2594375, 2786.733308 
9, 10.374578, 69.902596, 2698125, 3150.659547 
10, 24.047136, 54.899930, 2801875, 3530.458476 
11, 42.774520, 48.603730, 3216875, 4830.690104 
