0, -1437.485654, 0.000000, 101, 3.980476 
1, -1251.323937, -0.032051, 201, 99.849013 
2, -1186.805077, -0.051098, 403, 263.341376 
3, -1129.963506, -0.043042, 706, 610.241622 
4, -931.516551, -0.039884, 807, 708.861855 
5, -583.680084, -0.037476, 908, 803.596896 
6, -451.022887, -0.034871, 1110, 1029.885122 
0, -1432.286941, 0.000000, 100, 4.622773 
1, -1328.986863, -0.009052, 300, 100.164583 
2, -1236.189926, -0.044058, 501, 177.940362 
3, -924.913246, -0.057245, 702, 270.534984 
4, -676.014862, -0.046696, 1104, 551.936113 
5, -671.719735, -0.043989, 1305, 741.834801 
6, -571.732817, -0.035852, 2109, 1212.041195 
7, -451.022887, -0.017008, 4747, 7201.518906 
7, -571.732817, -0.015380, 9547, 7200.613963 
0, -1437.485654, 0.000000, 101, 3.158156 
0, -1377.923834, 0.000000, 101, 2.641095 
0, -1377.923834, 0.000000, 101, 2.537088 
1, -1320.393186, -0.049057, 502, 203.781920 
0, -1501.664962, 0.000000, 101, 2.298460 
0, -1376.991988, 0.000000, 101, 2.831766 
0, -1342.499621, 0.000000, 101, 4.689772 
0, -1377.923834, 0.000000, 101, 2.525018 
1, -1320.393186, -0.049057, 502, 185.311440 
2, -915.998232, -0.039584, 703, 281.618082 
0, -1382.384993, 0.000000, 101, 3.676670 
3, -639.343449, -0.042453, 904, 489.157763 
1, -1350.012653, -0.047587, 502, 266.505148 
4, -458.583922, -0.035765, 1105, 672.974096 
2, -1195.359682, -0.050030, 703, 436.434252 
3, -1017.363394, -0.046327, 904, 541.247873 
4, -985.804790, -0.042905, 1105, 649.829154 
5, -445.672805, -0.033596, 1306, 943.396319 
5, -790.088082, -0.039090, 1306, 750.089683 
6, -520.378587, -0.037989, 1507, 843.758962 
6, -316.410691, -0.027540, 2512, 2360.961767 
7, -316.410691, -0.014388, 6734, 7204.430180 
7, -520.378587, -0.014097, 9548, 7204.855724 
