1, -362.733712, 0.587537, 1251, 1.859121 
2, -130.470896, 0.651593, 4381, 16.224502 
3, -113.694269, 0.503621, 7511, 67.674191 
4, -110.179450, 0.508885, 8137, 83.655365 
5, -105.643793, 0.485243, 9389, 130.472749 
6, -100.433297, 0.487569, 30047, 1165.349722 
7, -98.757379, 0.482555, 31299, 1250.117651 
8, -97.058400, 0.482399, 32551, 1360.936107 
9, -76.618816, 0.480865, 33177, 1415.253057 
10, -60.422684, 0.515756, 36307, 1740.307622 
11, -48.123243, 0.512439, 36933, 1830.121567 
12, -47.429153, 0.518396, 40063, 2345.784498 
13, -47.427952, 0.517089, 40689, 2474.432308 
14, -42.492677, 0.504680, 41315, 2548.395172 
15, -32.735696, 0.503050, 42567, 2788.947177 
16, -19.285357, 0.499649, 43193, 2971.733837 
17, -6.419100, 0.470511, 53209, 5844.458134 
18, -6.419100, 0.467650, 56339, 7201.406708 
