1, -121.108526, 0.367871, 5007, 21.889989 
2, -115.922173, 0.528489, 6259, 33.902866 
3, -113.524668, 0.517294, 6885, 46.897679 
4, -112.688911, 0.449312, 9389, 99.379373 
5, -47.681445, 0.552348, 13145, 222.425712 
6, -45.644380, 0.554134, 13771, 249.371001 
7, -40.833853, 0.494072, 20657, 898.187130 
8, -21.711273, 0.489918, 23787, 1131.296621 
9, -20.606080, 0.476471, 30047, 1789.226162 
10, 7.588267, 0.585801, 34429, 2455.326776 
11, 43.504315, 0.542049, 40689, 3436.310794 
12, 43.504315, 0.496783, 54461, 7200.334903 
