1, -362.504990, 0.575377, 4381, 18.304055 
2, -126.294221, 0.568905, 5007, 20.534909 
3, -124.316685, 0.538126, 5633, 24.863816 
4, -124.235672, 0.504355, 7511, 40.121286 
5, -121.388328, 0.529412, 11267, 81.211922 
6, -113.947750, 0.517327, 11893, 88.098237 
7, -88.834139, 0.493773, 65103, 1984.976905 
8, -56.778783, 0.679294, 66355, 2045.151556 
9, -55.667120, 0.677679, 66981, 2152.466919 
10, -45.435426, 0.674442, 68233, 2230.169207 
11, -38.677734, 0.671316, 69485, 2309.152265 
12, -29.285261, 0.670695, 70111, 2341.806406 
13, -26.388289, 0.646699, 80753, 3206.912713 
14, -25.620989, 0.585678, 103289, 5345.387955 
15, -22.197867, 0.582274, 107045, 5572.709034 
16, -22.197867, 0.575117, 118313, 7200.189290 
