1, -803.895254, 0.623145, 1251, 1.914591 
2, -133.721006, 0.649725, 1877, 3.684211 
3, -132.819905, 0.427023, 5007, 26.042556 
4, -116.487974, 0.547393, 9389, 66.824750 
5, -112.037586, 0.602422, 11267, 108.515394 
6, -111.287707, 0.582998, 11893, 119.675716 
7, -107.727507, 0.566064, 13145, 155.528848 
8, -107.659866, 0.539341, 18153, 285.902057 
9, -107.018941, 0.502356, 20657, 358.406130 
10, -18.437299, 0.628057, 34429, 1137.233394 
11, -15.226592, 0.549313, 66981, 6789.500349 
12, -15.226592, 0.568198, 68233, 7200.809093 
