1, -675.753591, 0.487805, 2503, 4.450629 
2, -125.995200, 0.494309, 3129, 6.567424 
3, -124.260950, 0.444444, 3755, 8.605382 
4, -123.581488, 0.410129, 5633, 20.057356 
5, -119.041273, 0.512035, 9389, 69.962947 
6, -118.918159, 0.464008, 11267, 89.288861 
7, -117.624584, 0.447037, 11893, 97.923111 
8, -111.829020, 0.432758, 14397, 121.120874 
9, -111.673002, 0.391585, 50079, 1439.213042 
10, -50.501913, 0.468729, 56965, 1803.411532 
11, -50.032904, 0.479830, 68859, 2741.418568 
12, -44.000709, 0.480586, 70737, 2887.236004 
13, -34.587666, 0.478529, 71989, 2977.160133 
14, -33.638927, 0.491692, 104541, 6886.522222 
15, -33.638927, 0.490644, 106419, 7200.024828 
