1, -110.259258, 0.395737, 5007, 21.240882 
2, -107.628635, 0.417598, 15649, 156.884047 
3, -107.132755, 0.437145, 21283, 266.636452 
4, -53.227437, 0.575780, 43193, 1036.242841 
5, -52.292081, 0.563983, 48201, 1249.172349 
6, -47.676710, 0.561054, 48827, 1302.045724 
7, -36.673007, 0.601397, 52583, 1550.910873 
8, -32.316819, 0.600564, 53209, 1598.609958 
9, -24.737726, 0.597891, 54461, 1682.672102 
10, -18.980077, 0.593124, 56339, 1817.706201 
11, 19.552276, 0.608672, 58217, 1991.076031 
12, 26.978975, 0.594481, 60095, 2219.000118 
13, 27.564518, 0.592976, 61973, 2401.575286 
14, 29.232792, 0.584575, 70737, 3061.249636 
15, 31.600429, 0.579861, 78249, 3613.271994 
16, 31.600429, 0.532855, 107045, 7201.455377 
