1, -563.706404, 0.457143, 1877, 5.379904 
2, -142.195207, 0.411290, 2503, 6.593818 
3, -134.889698, 0.378338, 9389, 54.897278 
4, -130.409955, 0.477953, 12519, 95.227502 
5, -127.881472, 0.458248, 16275, 156.351341 
6, -108.897005, 0.450753, 26917, 402.225423 
7, -107.999507, 0.454249, 46323, 1205.488574 
8, -64.631465, 0.511187, 88265, 4225.850699 
9, -57.480312, 0.510554, 88891, 4268.800191 
10, -49.331729, 0.510099, 89517, 4354.826224 
11, -47.116515, 0.514646, 92021, 4788.647760 
12, -30.560355, 0.533326, 99533, 5701.316575 
13, -24.892988, 0.527062, 107045, 6480.330411 
14, -24.892988, 0.526165, 112679, 7200.583425 
