1, -635.254347, 0.538847, 3755, 10.121382 
2, -550.992151, 0.467480, 5007, 19.774821 
3, -453.142046, 0.424795, 5633, 22.567863 
4, -348.405137, 0.374855, 8137, 51.130580 
5, -194.844992, 0.591899, 9389, 64.549949 
6, -192.824117, 0.635288, 10015, 70.280561 
7, -162.509082, 0.610037, 11267, 81.525645 
8, -82.467760, 0.636119, 11893, 96.881547 
9, -79.919867, 0.636515, 13145, 109.598000 
10, -64.256839, 0.623098, 15649, 155.900853 
11, -24.293637, 0.621173, 16901, 176.708302 
12, -11.783420, 0.594398, 18779, 215.435026 
13, -2.691821, 0.519024, 26917, 520.987828 
14, 10.398594, 0.517555, 27543, 528.883740 
15, 27.160744, 0.522650, 38811, 1137.529568 
16, 28.370130, 0.533961, 88891, 6748.124227 
17, 28.370130, 0.519866, 91395, 7200.785616 
