1, -753.798342, 0.623145, 1251, 2.130903 
2, -111.601948, 0.419173, 2503, 6.225684 
3, -108.671228, 0.512903, 16275, 142.824529 
4, -108.454120, 0.487162, 18153, 167.765229 
5, -101.661693, 0.552292, 28795, 338.648905 
6, -93.988138, 0.538113, 30047, 379.547983 
7, -87.548028, 0.471775, 41315, 786.784471 
8, -85.816298, 0.429202, 53209, 1285.180583 
9, -14.213270, 0.605124, 61973, 1926.480993 
10, 3.452901, 0.584686, 63225, 2078.963439 
11, 23.429733, 0.567024, 63851, 2184.618398 
12, 23.429733, 0.417571, 83257, 7201.762083 
