1, -390.968765, 0.450420, 2503, 5.176429 
2, -228.832219, 0.585666, 3129, 8.872057 
3, -158.109631, 0.567149, 3755, 12.218440 
4, -149.634444, 0.514625, 5007, 22.598248 
5, -124.790386, 0.440678, 6259, 33.868046 
6, -117.942306, 0.547342, 10015, 78.192419 
7, -109.312434, 0.518395, 11267, 90.499182 
8, -105.887573, 0.495634, 52583, 1564.060719 
9, -94.230901, 0.545355, 55713, 1781.701933 
10, -93.384022, 0.535003, 57591, 1914.593124 
11, -88.913747, 0.529101, 58843, 1963.343588 
12, -88.567823, 0.518505, 65729, 2430.622066 
13, -82.820038, 0.497346, 73241, 2996.450477 
14, -82.820038, 0.468287, 106419, 7200.323807 
