1, -438.429130, 0.534125, 1251, 1.881568 
2, -111.705422, 0.478261, 2503, 5.271278 
3, -110.341157, 0.457646, 5007, 13.592345 
4, -105.416872, 0.550444, 7511, 34.411448 
5, -87.428155, 0.544643, 9389, 50.704586 
6, -87.056772, 0.531269, 10641, 60.446633 
7, -82.361667, 0.465826, 12519, 84.999910 
8, -41.062673, 0.624462, 16901, 139.726109 
9, -21.404318, 0.558294, 18779, 202.557705 
10, -18.626648, 0.547663, 19405, 216.699498 
11, 65.400528, 0.591200, 51331, 2267.529609 
12, 92.190677, 0.589608, 51957, 2367.278561 
13, 151.844833, 0.612075, 54461, 3019.520722 
14, 155.811271, 0.589168, 71363, 6405.617260 
15, 155.811271, 0.581630, 74493, 7201.094913 
