1, -548.313167, 0.384309, 3129, 6.823199 
2, -547.367518, 0.568579, 3755, 9.182927 
3, -224.625773, 0.487026, 4381, 13.361250 
4, -117.254332, 0.500000, 5007, 17.741005 
5, -110.152115, 0.503180, 11893, 104.889619 
6, -108.655509, 0.484996, 13145, 117.575061 
7, -38.677758, 0.532003, 26291, 407.260944 
8, -34.387024, 0.496411, 33803, 623.418820 
9, -29.840211, 0.555278, 35055, 655.810401 
10, -24.501855, 0.530520, 68859, 2425.257429 
11, -23.164680, 0.527913, 88265, 3914.917155 
12, -23.164680, 0.532823, 118313, 7200.180271 
