1, -782.677614, 0.513353, 1251, 1.820078 
2, -371.420217, 0.547573, 1877, 4.789741 
3, -134.017580, 0.454427, 2503, 6.097055 
4, -112.922970, 0.496450, 10015, 65.256890 
5, -109.400543, 0.497159, 11267, 79.351964 
6, -108.018608, 0.438723, 20657, 228.177923 
7, -107.211368, 0.438540, 25665, 338.494639 
8, -104.874774, 0.420463, 40063, 763.212519 
9, -93.996673, 0.451738, 50705, 1218.210922 
10, -87.003191, 0.446826, 53209, 1346.693055 
11, -46.972931, 0.510040, 58843, 1712.654756 
12, -45.208678, 0.511318, 62599, 1935.059781 
13, -44.494405, 0.508972, 63851, 2003.840975 
14, -43.736030, 0.508790, 68859, 2404.856508 
15, -7.399956, 0.562927, 69485, 2490.812898 
16, -5.080633, 0.553576, 72615, 2885.334697 
17, 0.013229, 0.554875, 84509, 4529.302381 
18, 0.013229, 0.533664, 100785, 7200.920788 
