1, -137.480705, 0.570526, 1877, 2.966035 
2, -122.115493, 0.547619, 3755, 12.801712 
3, -121.093248, 0.469194, 5633, 22.311712 
4, -118.098942, 0.388578, 19405, 201.924671 
5, -113.270611, 0.368221, 55087, 1574.544234 
6, -106.861481, 0.458561, 56339, 1648.312304 
7, -80.879790, 0.458644, 56965, 1719.448599 
8, -69.442892, 0.457903, 57591, 1808.311110 
9, -62.727862, 0.479947, 59469, 1941.984845 
10, -62.175531, 0.478902, 60095, 1972.203811 
11, -61.895441, 0.479613, 61347, 2057.378140 
12, -55.488064, 0.483890, 65729, 2526.331054 
13, -21.913638, 0.605797, 66355, 2566.500608 
14, -12.570296, 0.592910, 67607, 2671.953525 
15, -3.158937, 0.590975, 68233, 2738.140090 
16, 2.773882, 0.587783, 70737, 2920.105478 
17, 5.058689, 0.556025, 89517, 4896.538942 
18, 5.778531, 0.542885, 103289, 6780.119122 
19, 10.108482, 0.540293, 105167, 7006.503563 
20, 10.108482, 0.548147, 107045, 7200.291847 
