1, -688.496233, 0.623145, 1251, 2.461310 
2, -591.735665, 0.597426, 2503, 6.018683 
3, -400.607718, 0.545151, 3755, 13.159328 
4, -132.369651, 0.575314, 4381, 14.474387 
5, -127.361324, 0.539866, 5007, 17.576100 
6, -114.653652, 0.705660, 7511, 31.744225 
7, -109.722766, 0.672389, 8137, 36.181058 
8, -104.263691, 0.600504, 10015, 53.476902 
9, -98.879213, 0.585113, 10641, 55.768735 
10, -95.759062, 0.552913, 13145, 84.190130 
11, -60.930918, 0.601770, 46949, 1330.205104 
12, -43.926714, 0.559284, 47575, 1409.971575 
13, -30.940597, 0.507124, 51331, 1754.183159 
14, 59.390186, 0.520023, 52583, 1801.769206 
15, 63.857193, 0.427004, 67607, 3618.238872 
16, 63.857193, 0.409611, 90769, 7200.038826 
