1, -132.486175, 0.509380, 2503, 5.014711 
2, -113.666186, 0.566563, 4381, 16.337446 
3, -102.339771, 0.566127, 5007, 19.421677 
4, -84.474867, 0.501712, 12519, 102.279041 
5, -80.548831, 0.489896, 20031, 227.865268 
6, -78.929027, 0.467211, 24413, 324.533350 
7, -61.626957, 0.559038, 30047, 451.239967 
8, -41.551684, 0.557386, 30673, 459.769459 
9, -25.688029, 0.533296, 38811, 750.870987 
10, -20.280907, 0.477187, 46949, 1222.087633 
11, -19.163773, 0.509299, 65729, 2554.134243 
12, -18.172717, 0.508935, 71989, 3289.380526 
13, -14.909440, 0.511745, 85135, 5277.579388 
14, -9.352752, 0.513258, 88891, 5817.783406 
15, -0.794251, 0.521634, 89517, 5896.450873 
16, -0.794251, 0.523971, 96403, 7200.423870 
