1, -196.520334, 0.389365, 3129, 5.313794 
2, -125.404585, 0.351950, 6259, 20.235354 
3, -110.498512, 0.500378, 16275, 150.577670 
4, -106.012421, 0.475999, 18153, 174.667644 
5, -103.138687, 0.418036, 45071, 831.368275 
6, -85.197514, 0.588094, 89517, 2907.341667 
7, -80.687619, 0.581882, 91395, 3034.363772 
8, -79.017394, 0.578015, 92647, 3147.978720 
9, -78.849006, 0.576745, 93273, 3254.168279 
10, -52.478098, 0.573675, 95777, 3456.874615 
11, -45.175715, 0.564224, 97029, 3552.243174 
12, -43.107544, 0.534059, 106419, 4579.823172 
13, -41.021116, 0.528412, 108923, 4746.327636 
14, -40.351354, 0.523496, 113305, 5280.303601 
15, -39.704739, 0.522965, 114557, 5443.738025 
16, -39.704739, 0.519567, 127703, 7200.780966 
