1, -908.609279, 0.581602, 1251, 2.212481 
2, -585.714937, 0.470167, 1877, 3.667260 
3, -447.689838, 0.537367, 3129, 7.733113 
4, -411.251317, 0.456193, 3755, 9.474159 
5, -126.100510, 0.424816, 5007, 14.762680 
6, -112.507931, 0.462604, 23161, 262.557474 
7, -104.252041, 0.438112, 27543, 381.780282 
8, -19.642968, 0.556190, 28795, 421.440197 
9, -16.923946, 0.579494, 34429, 661.610632 
10, -16.717421, 0.483715, 41315, 1181.638395 
11, -16.479211, 0.457473, 60095, 2877.636306 
12, -16.479211, 0.447863, 88891, 7200.051231 
