1, -119.628880, 0.632964, 3755, 9.899278 
2, -115.755989, 0.587484, 4381, 13.869898 
1, -119.628880, 0.632964, 3755, 10.696376 
2, -115.755989, 0.587484, 4381, 14.645549 
1, -119.628880, 0.632964, 3755, 12.304741 
2, -115.755989, 0.587484, 4381, 14.092609 
3, -92.382327, 0.553768, 14397, 143.822717 
4, -83.754195, 0.549020, 16275, 179.675984 
5, -17.889148, 0.627564, 28795, 479.250022 
6, -16.637003, 0.594102, 31299, 633.622952 
7, -16.279424, 0.579481, 33177, 736.323487 
8, 22.886413, 0.564503, 34429, 873.049999 
