1, -645.999883, 0.639881, 1251, 4.216161 
2, -172.879716, 0.562798, 3129, 11.477507 
3, -153.395726, 0.507736, 3755, 13.146859 
4, -124.210154, 0.582721, 5633, 26.636018 
5, -121.243275, 0.602033, 6885, 44.290315 
6, -119.389728, 0.523050, 10015, 73.830794 
7, -111.754596, 0.509081, 10641, 80.570544 
8, -103.789378, 0.534420, 17527, 188.212691 
9, -100.710770, 0.497522, 22535, 325.796681 
10, -77.715101, 0.449223, 41315, 1166.512587 
11, -53.935205, 0.725884, 60721, 2007.901518 
12, -53.566349, 0.650689, 62599, 2194.228193 
13, -50.759303, 0.573699, 65103, 2586.808950 
14, -43.385967, 0.536475, 68859, 3149.182054 
