1, -31.977927, -3.757585, 104375, 59.440144 
2, -23.426288, 4.823152, 208125, 121.451270 
3, -13.148267, -1.231786, 311875, 183.028289 
4, -7.160473, -12.359763, 726875, 437.317242 
5, -6.845005, -2.574760, 934375, 563.737182 
6, 3.603921, 7.543640, 1038125, 630.647677 
7, 8.278026, 15.273220, 2075625, 1285.165484 
8, 12.729642, 24.506385, 3424375, 2139.112689 
9, 18.576015, 30.207199, 3631875, 2319.110199 
10, 19.329768, 32.276098, 3735625, 2410.201333 
11, 54.206465, 71.082450, 3839375, 2548.970645 
12, 77.857220, 115.055310, 3943125, 2974.221733 
13, 97.059352, 117.543207, 4046875, 3544.326077 
14, 104.204110, 147.850853, 4150625, 4435.820297 
15, 134.040490, 167.874705, 4358125, 6196.980480 
16, 134.040490, 152.401820, 4491250, 7208.262816 
