1, -122.571681, -105.814169, 104375, 21.517298 
2, -114.203755, -96.494915, 208125, 46.758532 
3, -112.663973, -103.565628, 415625, 98.354245 
4, -96.358581, -39.753024, 726875, 199.483833 
5, -89.975662, -73.309064, 830625, 244.789449 
6, -82.980709, -39.175145, 1349375, 525.022476 
7, -72.973328, -35.166181, 1453125, 599.786821 
8, -71.170022, -42.288177, 1556875, 678.500762 
9, -63.135602, -22.295844, 1868125, 898.836333 
10, -61.729907, -38.223358, 1971875, 968.029618 
11, -55.488915, -37.653190, 2490625, 1416.537922 
12, -55.472866, -43.519993, 2698125, 1555.296213 
13, -51.138252, -45.350357, 4461875, 2744.600440 
14, -39.769469, -28.006097, 5084375, 3165.416728 
15, -36.098841, -22.387427, 7781875, 5337.451585 
