1, -279.011155, -198.226706, 104375, 90.686463 
2, -126.561130, -116.812844, 208125, 172.600658 
3, -121.568450, -115.230636, 623125, 250.423492 
4, -118.535708, -107.125412, 830625, 288.581910 
5, -116.758895, -108.841180, 2801875, 774.906174 
6, -100.370474, -69.658317, 3009375, 840.758322 
7, -97.823104, -76.561317, 3424375, 993.505320 
8, -90.902764, -63.632388, 4461875, 1345.377262 
9, -86.101273, -74.659179, 6744375, 2157.495933 
10, -72.566396, -45.362014, 7055625, 2279.797148 
11, -56.181258, -29.418469, 7159375, 2347.462847 
12, -52.173847, -33.446227, 7470625, 2624.309919 
13, -41.931501, -17.456356, 7574375, 2735.029549 
14, -37.290919, -10.612137, 7781875, 2933.459070 
15, -31.458834, 12.143463, 8093125, 3272.448554 
16, -27.281555, 17.402334, 8196875, 3416.468038 
17, -19.094381, 21.371136, 8404375, 3735.979930 
18, -2.999107, 62.885307, 9026875, 4925.678766 
