1, -124.429809, -117.355684, 104375, 107.851707 
2, -119.088961, -113.829121, 208125, 152.566617 
3, -112.572830, -108.872943, 623125, 338.814520 
4, -61.482674, -54.001564, 726875, 390.983776 
5, -20.722696, 42.182668, 830625, 511.103745 
6, -13.553185, 46.030254, 934375, 635.075202 
7, 11.652619, 52.947035, 1038125, 766.200179 
8, 13.042855, 70.926794, 1141875, 896.898557 
9, 19.652609, 86.197486, 1245625, 1031.711827 
10, 45.182585, 89.456786, 1349375, 1172.198141 
11, 65.315837, 91.335471, 1868125, 1866.074108 
12, 71.988460, 111.671571, 2179375, 2297.000900 
13, 76.564000, 82.930602, 2698125, 3356.347945 
14, 79.863092, 104.864515, 3009375, 3797.799519 
