1, -120.295058, -112.185215, 104375, 44.814651 
2, -119.528520, -104.415771, 623125, 170.091712 
3, -116.118062, -103.061521, 726875, 194.903756 
4, -115.132115, -99.258063, 1038125, 265.067982 
5, -114.357094, -110.054737, 1245625, 313.689579 
6, -113.705601, -107.126183, 1764375, 434.815405 
7, -110.865100, -107.895037, 4046875, 949.972324 
8, -107.153960, -109.387767, 4254375, 994.770836 
9, -100.357376, -70.828687, 4358125, 1022.010563 
10, -99.392080, -70.178635, 4669375, 1135.285722 
11, -91.167661, -80.260216, 4980625, 1229.787801 
12, -71.964288, -71.242613, 6744375, 1779.488655 
13, -59.226758, -58.388408, 19090625, 5980.406068 
