1, -119.559648, -104.512623, 104375, 24.971661 
2, -100.996339, -65.942512, 208125, 56.439529 
3, -100.123123, -68.724127, 311875, 88.392946 
4, -91.973527, -62.380762, 415625, 120.783088 
5, -82.346249, -66.079001, 519375, 153.196009 
6, -77.047516, -65.655249, 623125, 188.113926 
7, -70.266069, -50.685691, 1660625, 573.862881 
8, -52.760143, -53.805875, 1971875, 697.357468 
9, -39.317850, -42.971052, 2594375, 999.452701 
10, 11.262974, 32.110803, 9130625, 4173.434428 
11, 12.088108, 46.186451, 9753125, 5085.674700 
12, 22.242797, 57.260614, 9856875, 5300.113229 
