1, -109.499206, -106.030397, 104375, 56.770747 
2, -107.856204, -84.960029, 519375, 215.220264 
3, -102.807687, -70.378573, 726875, 298.154205 
4, -94.403642, -69.204075, 830625, 345.227044 
5, -91.249335, -76.335796, 934375, 385.105873 
6, -81.780033, -47.088935, 1660625, 681.042258 
7, -78.249546, -53.896728, 1868125, 780.279119 
8, -69.078629, -44.886849, 2179375, 948.580981 
9, -63.028092, -53.133144, 2386875, 1048.334165 
10, -56.488304, -51.179617, 4254375, 1902.299825 
11, -54.902749, -43.965753, 4773125, 2157.226014 
12, -53.571058, -54.084161, 4980625, 2242.074208 
13, -51.848150, -52.687771, 6329375, 2813.841808 
14, -48.568516, -30.863755, 8508125, 3778.056585 
15, -16.576375, -20.074885, 8611875, 3850.071361 
16, -10.481286, 0.023762, 11724375, 6010.972550 
