1, -122.417155, -105.467432, 104375, 33.473348 
2, -121.705858, -111.255003, 726875, 151.589105 
3, -104.196260, -65.371752, 1453125, 341.796001 
4, -75.329837, -47.564194, 1660625, 532.497284 
5, -72.787601, -36.943848, 1764375, 611.110756 
6, -62.828162, -34.094604, 1868125, 686.012329 
7, -58.850536, -2.672944, 2179375, 955.383716 
8, -48.934976, -29.234203, 2283125, 1064.992075 
9, -43.779437, -30.772530, 2386875, 1180.816668 
10, -33.853927, -8.060746, 2490625, 1326.637248 
11, -23.371893, -7.805710, 2594375, 1505.845642 
12, -22.001967, 2.226296, 2698125, 1721.072094 
13, -15.031187, -8.015818, 3009375, 2490.755061 
14, -13.964835, -3.819111, 3839375, 4781.601364 
15, -12.462311, 12.473538, 4254375, 5617.394344 
