1, -545.773247, 0.000000, 625, 0.202442 
1, -231.275393, 0.526214, 2503, 7.744368 
2, -192.003666, 0.453177, 3129, 10.792736 
3, -109.551266, 0.473858, 9389, 65.326159 
4, -106.983059, 0.587831, 13145, 96.679348 
5, -95.606496, 0.548434, 18779, 185.130616 
6, -86.576615, 0.606120, 26291, 403.200547 
7, -86.443237, 0.668799, 26917, 434.252431 
8, -66.707809, 0.624291, 28169, 484.108671 
9, -46.925042, 0.608283, 28795, 510.297698 
10, -43.951642, 0.598988, 29421, 537.248933 
11, -30.608348, 0.586390, 30047, 559.593522 
12, 11.915836, 0.572542, 32551, 648.830533 
13, 68.017982, 0.566811, 33177, 675.992516 
14, 68.017982, 0.506041, 86387, 7200.921708 
