1, -576.944101, 0.000000, 625, 0.177814 
1, -211.659037, 0.552239, 1877, 2.885540 
2, -192.039613, 0.465736, 4381, 11.064734 
3, -93.514641, 0.648393, 6259, 22.126484 
4, -80.372376, 0.590205, 8763, 43.779636 
5, -69.958965, 0.572451, 9389, 48.740583 
6, -68.281533, 0.555450, 12519, 81.339520 
7, -60.121652, 0.545245, 13145, 91.498842 
8, -54.373595, 0.497798, 20657, 258.482008 
9, -51.221838, 0.483254, 25039, 363.461829 
10, -27.090112, 0.495759, 30047, 565.680998 
11, -24.255591, 0.487596, 32551, 696.747439 
12, -23.542498, 0.484056, 45071, 1342.822857 
13, -22.556152, 0.627080, 59469, 2379.224056 
14, -11.808425, 0.621877, 60721, 2447.709576 
15, 0.052438, 0.530568, 80127, 4696.115020 
16, 0.052438, 0.495609, 94525, 7200.185719 
