1, -540.291766, 0.000000, 625, 0.251182 
1, -516.434499, 0.442359, 1877, 2.805882 
2, -129.363989, 0.481905, 3129, 7.435348 
3, -117.619567, 0.628183, 3755, 10.380218 
4, -111.031151, 0.593220, 4381, 13.738146 
5, -110.999613, 0.520457, 7511, 35.887128 
6, -109.553486, 0.534314, 15649, 119.590928 
7, -108.156241, 0.514960, 16901, 142.913218 
8, -104.955696, 0.560764, 23787, 310.121705 
9, -94.659066, 0.618855, 24413, 322.075944 
10, -46.610212, 0.656033, 26917, 393.308364 
11, -43.190052, 0.545529, 27543, 409.189616 
12, -40.516415, 0.480558, 28795, 442.200631 
13, -38.993362, 0.467444, 33177, 589.312513 
14, -21.741701, 0.446590, 41315, 1107.682060 
15, -19.724462, 0.469570, 70737, 3450.472708 
16, -16.667734, 0.451178, 71363, 3520.157347 
17, -16.667734, 0.530558, 98281, 7200.172897 
