1, -537.875541, 0.000000, 625, 0.198609 
1, -254.685101, 0.640940, 1251, 2.326988 
2, -153.473567, 0.668161, 1877, 5.092330 
3, -149.725511, 0.388832, 5633, 23.581101 
4, -120.861812, 0.406250, 7511, 47.024469 
5, -117.688931, 0.516897, 8137, 54.170190 
6, -116.180361, 0.507506, 11893, 80.712847 
7, -113.963025, 0.523662, 42567, 637.202348 
8, -112.463202, 0.519916, 43193, 660.568553 
9, -109.613984, 0.528878, 51331, 967.100498 
10, -100.995449, 0.718762, 51957, 1018.411169 
11, -79.622492, 0.717282, 52583, 1076.839370 
12, -1.647395, 0.737527, 53209, 1149.620286 
13, 16.655065, 0.734905, 53835, 1219.012806 
14, 22.203634, 0.684803, 58843, 1569.174894 
15, 36.576956, 0.678121, 60095, 1633.213913 
16, 36.654154, 0.636537, 65729, 1957.396657 
17, 61.465271, 0.495806, 98907, 6327.579242 
18, 61.465271, 0.478613, 103289, 7200.540920 
