1, -507.509364, 0.000000, 625, 0.202559 
1, -280.129864, 0.448916, 2503, 6.778457 
2, -266.271973, 0.424929, 3129, 9.214771 
3, -141.192624, 0.665615, 5007, 28.969857 
4, -125.013926, 0.621495, 5633, 34.952743 
5, -88.780735, 0.662842, 6259, 47.147250 
6, -73.871290, 0.644537, 7511, 68.564413 
7, -63.747896, 0.625979, 8137, 79.168658 
8, -25.111453, 0.602366, 11267, 117.666806 
9, -20.385190, 0.535392, 15023, 185.562900 
10, 9.095967, 0.609487, 17527, 239.463871 
11, 58.665641, 0.603789, 20657, 325.197504 
12, 58.665641, 0.433363, 83883, 7200.256746 
