1, -516.520544, 0.000000, 625, 0.222696 
1, -229.196772, 0.734899, 1251, 2.073996 
2, -145.905392, 0.614876, 2503, 7.128140 
3, -125.438277, 0.606452, 3755, 16.546316 
4, -118.355017, 0.671316, 5633, 36.618861 
5, -68.083151, 0.704437, 6259, 47.540472 
6, -47.394396, 0.519428, 7511, 73.841445 
7, -37.359134, 0.440435, 11893, 236.369697 
8, -16.047776, 0.411179, 16901, 440.951968 
9, 0.819198, 0.398034, 36307, 1768.074432 
10, 6.437426, 0.395463, 57591, 4475.388809 
11, 14.876678, 0.403928, 67607, 6184.152594 
12, 14.876678, 0.408066, 72615, 7200.108057 
