1, -802.307470, 0.000000, 625, 0.554866 
1, -360.054113, 0.520134, 1251, 1.382681 
2, -112.938221, 0.472892, 3755, 10.812830 
3, -110.859257, 0.464348, 6885, 38.778308 
4, -107.943617, 0.511346, 11893, 90.380698 
5, -104.730829, 0.500255, 12519, 95.106014 
6, -94.313003, 0.664315, 18153, 217.599842 
7, -83.852668, 0.655917, 18779, 231.848982 
8, -72.967559, 0.654848, 19405, 263.373708 
9, -70.327429, 0.646865, 20031, 270.708664 
10, -65.822804, 0.647524, 20657, 290.200024 
11, -60.075083, 0.640924, 21283, 300.577223 
12, -54.283599, 0.638054, 21909, 339.645346 
13, -42.984526, 0.626171, 23161, 370.692641 
14, -40.778619, 0.620756, 24413, 407.467247 
15, -30.113369, 0.612127, 25039, 431.131790 
16, -24.337020, 0.576907, 40063, 1049.335732 
17, -7.751969, 0.574101, 45071, 1296.034544 
18, 4.292271, 0.555618, 73241, 3514.535254 
19, 4.292271, 0.546464, 102037, 7200.581718 
