1, -604.585329, 0.000000, 625, 0.247082 
1, -586.549489, 0.708054, 1251, 1.806215 
2, -446.080891, 0.740331, 2503, 7.034250 
3, -144.667534, 0.627824, 3755, 15.435415 
4, -127.722330, 0.583138, 7511, 40.815573 
5, -114.482948, 0.584261, 8137, 43.842826 
6, -61.536420, 0.612121, 9389, 55.043284 
7, -49.479728, 0.614819, 11267, 75.603550 
8, -46.107949, 0.574668, 20657, 215.660199 
9, 3.295042, 0.773404, 102037, 5203.929721 
10, 32.657151, 0.764127, 103915, 5357.990097 
11, 38.739900, 0.742019, 106419, 5628.370892 
12, 39.719758, 0.679217, 113305, 6486.204179 
13, 40.343225, 0.675072, 114557, 6601.823662 
14, 40.343225, 0.657407, 118313, 7200.572148 
