1, -530.736218, 0.000000, 625, 0.203426 
1, -135.735672, 0.506711, 1251, 1.015158 
2, -133.762263, 0.344671, 2503, 4.519037 
3, -115.893435, 0.385496, 3129, 5.581710 
4, -113.411645, 0.444297, 5007, 13.155539 
5, -55.830951, 0.690476, 5633, 16.686467 
6, -6.786795, 0.577679, 6885, 29.167041 
7, 12.373106, 0.551788, 14397, 125.844934 
8, 28.298686, 0.599429, 24413, 412.310508 
9, 42.512512, 0.592802, 26917, 494.788591 
10, 46.322887, 0.571788, 33803, 772.626086 
11, 68.022761, 0.570412, 38811, 1007.939820 
12, 78.495488, 0.570025, 41941, 1163.837515 
13, 85.855231, 0.557928, 50705, 1709.673106 
14, 85.855231, 0.512653, 101411, 7200.327072 
