1, -1001.344701, 0.000000, 625, 0.777914 
1, -543.174645, 0.597315, 1251, 2.799579 
2, -195.999390, 0.664820, 1877, 4.433670 
3, -184.415003, 0.507187, 2503, 6.752577 
4, -174.193688, 0.452463, 5007, 17.038179 
5, -108.077867, 0.472076, 5633, 18.985204 
6, -106.076722, 0.508355, 13771, 114.963398 
7, -27.406183, 0.626685, 18153, 171.674035 
8, -20.870839, 0.607741, 19405, 195.711021 
9, -20.584317, 0.520595, 41941, 993.991553 
10, -18.366604, 0.521969, 43193, 1041.276767 
11, -14.922149, 0.520785, 66355, 2563.487416 
12, -13.082561, 0.564342, 70111, 2787.925901 
13, -7.081106, 0.563451, 71363, 2921.340857 
14, -4.950863, 0.566354, 83883, 3913.057378 
15, -3.252447, 0.564779, 85761, 4075.280534 
16, -2.500518, 0.603048, 87639, 4302.413292 
17, 24.542869, 0.601805, 88265, 4332.381040 
18, 33.841247, 0.594233, 108297, 6493.521928 
19, 33.841247, 0.586213, 113305, 7200.411685 
