1, -657.131364, 0.000000, 625, 0.436095 
1, -342.065317, 0.520134, 1251, 2.774516 
2, -125.754600, 0.487603, 1877, 4.257199 
3, -111.884039, 0.581395, 5633, 29.337835 
4, -105.602503, 0.482054, 9389, 73.849967 
5, -45.352267, 0.638796, 32551, 643.466158 
6, -21.446316, 0.540215, 35055, 804.441030 
7, -7.297422, 0.537037, 36307, 856.580583 
8, 18.891644, 0.541776, 42567, 1393.936902 
9, 26.216999, 0.547605, 46323, 1669.395774 
10, 41.894932, 0.600958, 47575, 1777.410619 
11, 42.915572, 0.463183, 78249, 6427.489202 
12, 42.915572, 0.474848, 82005, 7201.432688 
