1, -827.505314, 0.000000, 625, 0.664628 
1, -532.754338, 0.734899, 1251, 1.912114 
2, -480.653119, 0.428743, 5007, 21.755359 
3, -148.750296, 0.485491, 5633, 25.005434 
4, -109.870880, 0.576547, 12519, 85.961317 
5, -109.170195, 0.421111, 20031, 241.206954 
6, -105.764850, 0.414906, 23161, 295.422724 
7, -104.504189, 0.416590, 24413, 325.049685 
8, -100.795090, 0.423565, 54461, 1446.520577 
9, -88.939692, 0.522183, 69485, 2406.545547 
10, -83.543833, 0.520848, 70111, 2422.251516 
11, -82.495454, 0.519077, 71363, 2472.003379 
12, -66.692777, 0.531000, 72615, 2527.880825 
13, -61.981296, 0.529043, 73241, 2564.147005 
14, -45.735243, 0.575928, 73867, 2583.944284 
15, -38.131966, 0.561986, 75119, 2656.129168 
16, -37.903950, 0.544303, 89517, 3766.123064 
17, -28.526546, 0.544833, 93273, 4017.646472 
18, -18.250836, 0.565713, 110175, 5558.799652 
19, -8.366281, 0.562904, 113305, 5970.881532 
20, -6.052998, 0.559717, 117687, 6500.737581 
21, -6.052998, 0.556941, 122695, 7200.010517 
