1, -139.893842, -109.952399, 104375, 23.482235 
2, -122.353745, -105.808129, 208125, 42.396386 
3, -120.129763, -114.120823, 623125, 110.478990 
4, -114.847676, -106.194976, 934375, 178.293730 
5, -108.007270, -107.169664, 1764375, 354.625628 
6, -38.699092, -1.577572, 2386875, 533.521121 
7, -27.094413, -0.827403, 2490625, 594.526884 
8, -26.578070, 57.543990, 2594375, 683.458344 
9, -10.259606, 55.659434, 2698125, 786.744472 
10, 51.462016, 47.305301, 2905625, 987.218387 
11, 56.788975, 64.554714, 5603125, 3523.019578 
12, 65.917067, 79.226039, 7366875, 5816.458107 
