1, -135.539082, -106.871491, 104375, 33.535674 
2, -127.943130, -107.830260, 208125, 57.438059 
3, -118.731748, -113.493382, 311875, 85.429642 
4, -117.747918, -106.821416, 623125, 168.665772 
5, -115.748674, -108.623703, 2801875, 601.906577 
6, -114.354180, -111.217948, 3735625, 822.418456 
7, -69.429662, -80.075353, 5084375, 1114.781591 
8, -54.615794, -26.514791, 5291875, 1215.352263 
9, -49.008747, -24.669152, 5499375, 1283.285952 
10, -32.320883, -29.641916, 5810625, 1387.348757 
11, -28.574020, -21.050146, 6329375, 1564.756032 
12, -26.015685, -17.961472, 8196875, 2238.072542 
13, -23.425048, -16.761187, 10064375, 2872.107615 
14, -16.910185, -20.229253, 19090625, 6148.108641 
