1, -130.600823, -115.666622, 104375, 34.660420 
2, -117.025069, -84.355032, 208125, 73.864698 
3, -116.375870, -67.693950, 519375, 225.186790 
4, -84.069606, -71.180040, 623125, 278.215029 
5, -78.283803, -74.806485, 726875, 333.487454 
6, -76.467766, -70.467457, 830625, 389.886683 
7, -74.094707, -64.055366, 2179375, 1157.795204 
8, -73.868161, -64.031226, 2386875, 1295.077496 
9, -63.010741, -33.874500, 2801875, 1621.122106 
10, -60.618817, -20.654155, 3216875, 2098.846676 
11, -27.616786, 12.287125, 3320625, 2245.257315 
12, -20.675568, -6.776909, 3943125, 3246.031029 
