0, 9.360000, 0.000000, 100, 0.960639 
1, 13.820000, 0.590000, 200, 71.129293 
2, 48.930000, 0.844794, 301, 142.395002 
3, 108.490000, 0.851419, 503, 336.388289 
4, 195.780000, 0.907708, 806, 667.081082 
5, 200.280000, 0.850985, 1109, 1060.196665 
6, 205.780000, 0.847193, 1311, 1620.326974 
7, 238.080000, 0.887482, 1412, 1813.722328 
8, 425.600000, 0.938356, 1614, 2150.523020 
9, 429.290000, 0.969151, 1715, 2277.952705 
10, 440.840000, 0.961834, 1816, 2351.882709 
11, 500.000000, 0.971314, 2220, 3175.425213 
