1, -604.585329, 0.000000, 625, 0.331727 
1, -358.963389, 0.500000, 1251, 2.505580 
2, -127.201636, 0.426129, 3129, 11.903353 
3, -123.580816, 0.475655, 6259, 36.587689 
4, -64.186955, 0.536683, 11267, 86.065334 
5, -60.203785, 0.542358, 13145, 111.687975 
6, -41.418484, 0.594315, 23161, 369.857546 
7, -40.141946, 0.593059, 24413, 407.933418 
8, -37.559156, 0.592497, 25665, 476.957201 
9, -33.524818, 0.596117, 26917, 511.920969 
10, -26.587016, 0.593685, 27543, 545.465153 
11, -16.936546, 0.587161, 36307, 1025.435138 
12, -11.380036, 0.563388, 40063, 1234.149922 
13, 58.937888, 0.574086, 48201, 1835.495898 
14, 72.393665, 0.585728, 53209, 2309.231783 
15, 72.393665, 0.624096, 84509, 7200.603032 
