1, -109.760770, 0.441109, 1877, 2.614030 
2, -108.152826, 0.557082, 5007, 25.164077 
3, -106.012914, 0.528059, 6259, 30.166235 
4, -104.801263, 0.468315, 8137, 48.515936 
5, -53.592266, 0.503052, 96403, 3823.608873 
6, -46.004139, 0.503379, 97655, 3961.369064 
7, -45.355429, 0.506011, 99533, 4069.077271 
8, -39.038666, 0.536264, 100159, 4133.890366 
9, -37.084843, 0.532359, 100785, 4165.542817 
10, -29.304464, 0.533551, 102037, 4234.480438 
11, -14.223231, 0.515954, 103915, 4419.162966 
12, 2.994079, 0.507906, 108297, 4843.378102 
13, 12.396562, 0.477484, 116435, 5852.386430 
14, 12.396562, 0.479847, 125199, 7200.252228 
