1, -803.895254, 0.640000, 1251, 1.845048 
2, -644.921398, 0.792793, 1877, 4.053429 
3, -135.470170, 0.578368, 4381, 15.863928 
4, -133.518287, 0.699074, 6259, 30.441826 
5, -130.332562, 0.680258, 6885, 36.908732 
6, -126.780512, 0.631579, 8137, 48.046523 
7, -122.476813, 0.611931, 8763, 54.157661 
8, -102.681064, 0.473294, 14397, 161.944314 
9, -7.567007, 0.539960, 16275, 205.927330 
10, -6.114437, 0.500000, 18779, 254.251367 
11, -5.512100, 0.505739, 22535, 320.095039 
12, -0.797394, 0.513719, 25039, 390.498504 
13, -0.188239, 0.476119, 34429, 618.244852 
14, 0.347474, 0.505537, 38811, 851.285331 
15, 7.965762, 0.506374, 39437, 863.492203 
16, 11.115649, 0.490855, 70111, 3033.873068 
17, 11.115649, 0.495799, 105793, 7200.275278 
