1, -132.203339, 0.380863, 2503, 7.629272 
2, -116.232583, 0.380519, 4381, 15.786166 
3, -116.084852, 0.377066, 6259, 21.703140 
4, -112.988269, 0.467172, 7511, 32.635831 
5, -112.422678, 0.504444, 8763, 40.198785 
6, -112.154985, 0.428714, 14397, 96.298813 
7, -104.171113, 0.452143, 18153, 146.135347 
8, -86.037661, 0.530809, 57591, 1372.629398 
9, -40.956688, 0.521589, 75119, 2604.202044 
10, -40.027348, 0.521197, 75745, 2653.774884 
11, -39.776107, 0.519002, 77623, 2950.933250 
12, -32.043475, 0.517907, 80753, 3405.166925 
13, -30.834939, 0.498874, 97655, 5491.141138 
14, -30.834939, 0.486694, 106419, 7200.022783 
