1, -400.975037, 0.636364, 1251, 1.618064 
2, -279.782757, 0.581486, 4381, 14.325318 
3, -105.126417, 0.659008, 5007, 16.715149 
4, -83.894349, 0.484428, 31299, 493.082209 
5, -83.811082, 0.482442, 31925, 518.678079 
6, -78.704288, 0.460574, 40063, 832.452570 
7, -78.248007, 0.441647, 53835, 1607.389009 
8, -74.515661, 0.439753, 55087, 1669.647761 
9, -34.225332, 0.589656, 67607, 2490.744129 
10, -22.897940, 0.544498, 68233, 2537.485134 
11, -8.061424, 0.505092, 70737, 2819.129908 
12, -1.644619, 0.505434, 71989, 2956.359493 
13, 5.071465, 0.474020, 80127, 3893.857043 
14, 5.071465, 0.419105, 102037, 7200.190700 
