1, -110.045397, 0.532833, 3129, 4.291193 
2, -109.022400, 0.475146, 4381, 10.320328 
3, -105.277827, 0.568694, 6259, 17.612858 
4, -105.146136, 0.499590, 9389, 38.277443 
5, -61.850169, 0.505564, 17527, 127.374022 
6, -57.659021, 0.501979, 18153, 136.939476 
7, -38.381280, 0.568174, 18779, 154.706335 
8, -35.101148, 0.562479, 19405, 162.451219 
9, -33.672617, 0.558055, 20031, 171.912246 
10, -31.135673, 0.536702, 22535, 209.594685 
11, -30.993770, 0.520742, 24413, 252.066820 
12, -21.344885, 0.519696, 37559, 749.545699 
13, -8.128909, 0.527020, 66355, 2685.273532 
14, -6.018773, 0.552268, 82631, 4073.584183 
15, -2.420254, 0.549645, 83883, 4217.544683 
16, -1.659732, 0.550436, 88265, 4743.446506 
17, 10.705400, 0.543402, 97029, 6259.153679 
18, 10.705400, 0.537577, 101411, 7200.158843 
