1, -212.400115, 0.661853, 5007, 13.742822 
2, -208.522611, 0.667380, 5633, 16.355253 
3, -188.676840, 0.622449, 6885, 29.559028 
4, -167.678322, 0.563107, 8763, 43.503764 
5, -162.644664, 0.527069, 10015, 61.391337 
6, -144.022658, 0.494465, 12519, 106.596291 
7, -137.993575, 0.618736, 16275, 163.868649 
8, -129.520905, 0.550945, 19405, 230.999299 
9, -120.842848, 0.502717, 21283, 287.697880 
10, -118.046918, 0.497184, 22535, 328.994281 
11, -109.312460, 0.480910, 23161, 334.002571 
12, -108.765935, 0.424918, 36307, 759.061002 
13, -77.412711, 0.473261, 44445, 1122.355924 
14, -42.513941, 0.468932, 46949, 1361.691363 
15, -38.049642, 0.394115, 73241, 4070.340226 
16, -38.049642, 0.415084, 93899, 7200.833752 
