1, -95.487248, 0.669231, 4381, 14.946448 
2, -77.492916, 0.570894, 8763, 45.389652 
3, -76.812050, 0.458892, 23161, 264.532620 
4, -63.296304, 0.498349, 27543, 354.364279 
5, -58.779803, 0.500934, 30047, 400.274053 
6, -49.834794, 0.471101, 35055, 579.233078 
7, -49.686971, 0.483182, 36307, 648.765024 
8, -43.252805, 0.485523, 38185, 705.461241 
9, -40.595601, 0.486963, 38811, 720.677600 
10, -38.300536, 0.479266, 47575, 1234.909426 
11, -36.817123, 0.478757, 63225, 2201.062829 
12, 19.533436, 0.558148, 70737, 2892.120753 
13, 30.112159, 0.557241, 71363, 2939.881196 
14, 41.447465, 0.553496, 74493, 3330.760041 
15, 42.078877, 0.552575, 75119, 3416.697896 
16, 63.591926, 0.511533, 76997, 3574.649890 
17, 73.899381, 0.513984, 78875, 3875.908160 
18, 73.899381, 0.471019, 100785, 7200.897094 
