1, -624.797595, 0.574545, 1251, 1.428571 
2, -610.282355, 0.436464, 1877, 2.261550 
3, -367.064354, 0.587127, 3755, 7.409943 
4, -121.272825, 0.601023, 5007, 10.202919 
5, -119.150474, 0.631748, 8763, 31.969660 
6, -116.005482, 0.619640, 9389, 38.794860 
7, -112.971835, 0.600357, 10015, 50.207130 
8, -112.508241, 0.555556, 11267, 60.067147 
9, -111.720452, 0.468028, 20657, 176.943314 
10, -110.140817, 0.455218, 25665, 246.162788 
11, -79.970937, 0.533804, 65729, 1924.237825 
12, -69.329661, 0.561923, 68233, 2141.672935 
13, -67.170340, 0.546601, 72615, 2445.840413 
14, -66.894264, 0.543929, 73867, 2519.626290 
15, -66.527811, 0.503696, 83883, 3328.636433 
16, -27.691413, 0.518966, 88891, 3931.208165 
17, -19.190195, 0.516017, 90143, 4031.943141 
18, -8.205822, 0.512349, 91395, 4200.489147 
19, 1.461253, 0.565260, 95151, 4634.896766 
20, 9.772874, 0.562930, 97029, 4803.542147 
21, 26.431386, 0.564067, 100159, 5198.943185 
22, 27.584875, 0.560593, 102037, 5639.259679 
23, 27.584875, 0.549637, 112053, 7200.060091 
