1, -567.971379, 0.637097, 1877, 2.885016 
2, -492.048072, 0.512821, 3755, 10.911061 
3, -442.468795, 0.475771, 4381, 12.420208 
4, -99.801287, 0.617647, 5007, 15.548959 
5, -99.310155, 0.582233, 5633, 20.874632 
6, -97.022034, 0.580220, 6259, 24.338822 
7, -92.666164, 0.556133, 6885, 28.457310 
8, -45.364080, 0.513791, 49453, 1365.498861 
9, -45.086084, 0.514671, 53835, 1667.569574 
10, -41.752591, 0.513563, 54461, 1692.498341 
11, -40.761108, 0.508023, 57591, 1891.349359 
12, -38.868100, 0.512087, 58217, 1910.821107 
13, -31.839356, 0.510572, 63851, 2294.540059 
14, 30.546083, 0.570637, 64477, 2315.990298 
15, 53.699248, 0.531143, 70737, 2721.947590 
16, 53.699248, 0.450548, 110801, 7200.851625 
