1, -129.074103, 0.250909, 1251, 0.799256 
2, -126.030946, 0.623967, 4381, 11.627988 
3, -125.138570, 0.640994, 5007, 15.990182 
4, -122.197796, 0.606977, 5633, 20.382414 
5, -119.418447, 0.578209, 6259, 23.555465 
6, -119.087151, 0.460293, 9389, 44.891298 
7, -118.650411, 0.453412, 16275, 153.554611 
8, -114.330887, 0.447761, 16901, 162.660920 
9, -113.661647, 0.420985, 36307, 724.201911 
10, -51.313053, 0.586732, 38185, 779.547379 
11, -43.983061, 0.515110, 44445, 1087.479529 
12, -40.025039, 0.451481, 50079, 1397.340473 
13, -27.946388, 0.427053, 58843, 2016.524061 
14, -22.728935, 0.438900, 79501, 3878.736387 
15, -17.368470, 0.452433, 80127, 3952.823373 
16, -17.368470, 0.458344, 103915, 7200.922134 
