1, -123.232658, 0.573460, 3755, 9.310975 
2, -112.112853, 0.527778, 5633, 16.834636 
3, -111.722204, 0.470192, 7511, 28.024514 
4, -109.517473, 0.461121, 8137, 32.895537 
5, -109.234263, 0.433860, 17527, 120.937204 
6, -105.988197, 0.430189, 20657, 158.494205 
7, -105.622823, 0.413857, 38811, 638.249576 
8, -73.902596, 0.499422, 40063, 678.827104 
9, -19.710016, 0.615334, 40689, 707.979556 
10, -19.663420, 0.609983, 41315, 737.766908 
11, -16.449979, 0.605781, 41941, 758.501872 
12, -13.098240, 0.597663, 43819, 832.553872 
13, -12.393839, 0.593289, 45071, 882.877842 
14, -4.560401, 0.583528, 47575, 1031.376677 
15, -4.344787, 0.599365, 48201, 1082.066807 
16, 1.387332, 0.589511, 49453, 1148.344820 
17, 17.772621, 0.585085, 50079, 1179.611820 
18, 53.165670, 0.542130, 63225, 2320.124901 
19, 82.301210, 0.541055, 63851, 2361.635763 
20, 99.700519, 0.452481, 80127, 4842.668925 
21, 99.700519, 0.476289, 91395, 7200.151923 
