1, -109.055764, 0.584639, 3755, 10.020938 
2, -106.265082, 0.463400, 12519, 77.914494 
3, -35.645850, 0.432502, 22535, 214.794433 
4, -32.082873, 0.444870, 24413, 245.238977 
5, -31.190121, 0.499805, 33803, 584.018591 
6, -30.425110, 0.487865, 36933, 715.232539 
7, -27.388051, 0.489542, 37559, 734.728912 
8, -25.841294, 0.495559, 38811, 801.715121 
9, -23.608268, 0.494114, 40689, 887.861559 
10, -18.877302, 0.524026, 60095, 1991.514609 
11, -18.406119, 0.529227, 65729, 2412.297581 
12, -14.944671, 0.528176, 73241, 3143.147916 
13, -14.944671, 0.539898, 102037, 7200.594834 
