1, -123.089283, 0.447251, 3755, 8.360571 
2, -117.600150, 0.576316, 4381, 10.111817 
3, -113.302890, 0.556949, 6259, 19.812121 
4, -107.880065, 0.497479, 7511, 26.250532 
5, -104.401667, 0.488565, 13771, 82.349312 
6, -35.045446, 0.542914, 33177, 538.074501 
7, -27.413353, 0.448537, 47575, 1124.849503 
8, -10.951052, 0.393865, 77623, 3498.051836 
9, 45.203807, 0.482995, 85135, 4517.590473 
10, 74.216869, 0.480109, 85761, 4550.721359 
11, 77.630361, 0.464970, 86387, 4697.977707 
12, 89.199288, 0.419785, 100159, 7006.672985 
13, 89.199288, 0.430623, 100785, 7200.225226 
