1, -203.655115, 0.560811, 3129, 6.339712 
2, -109.752076, 0.578295, 3755, 10.069038 
3, -104.531197, 0.488080, 5007, 13.406814 
4, -103.136529, 0.532105, 21283, 301.831440 
5, -100.747828, 0.486082, 27543, 500.659814 
6, -99.653070, 0.474371, 30673, 585.022113 
7, -94.084688, 0.605213, 35055, 726.776544 
8, -50.611903, 0.603767, 35681, 747.169933 
9, -25.375430, 0.583436, 39437, 864.670300 
10, -19.224450, 0.565923, 43819, 1034.369417 
11, -14.212277, 0.503076, 99533, 5212.577358 
12, 12.125118, 0.538689, 107671, 5986.320477 
13, 20.585984, 0.538339, 108297, 6020.873689 
14, 24.130913, 0.537716, 108923, 6130.042077 
15, 24.130913, 0.547571, 117687, 7200.056122 
