1, -110.807933, 0.539877, 1877, 2.953676 
2, -108.977837, 0.457192, 9389, 51.162193 
3, -108.285461, 0.450083, 10015, 62.604023 
4, -105.980325, 0.443782, 24413, 278.058979 
5, -103.749935, 0.414129, 48827, 976.103830 
6, -93.954363, 0.480958, 50705, 1034.901800 
7, -88.357292, 0.476701, 51331, 1062.114481 
8, -67.969847, 0.470788, 51957, 1082.222859 
9, -64.294058, 0.519838, 81379, 2951.897918 
10, -57.930777, 0.518286, 82005, 3011.270456 
11, -56.574590, 0.517047, 82631, 3044.980390 
12, 18.193678, 0.538770, 85761, 3435.487322 
13, 37.247878, 0.536506, 86387, 3492.057879 
14, 52.462313, 0.525455, 90143, 3833.968426 
15, 52.462313, 0.402946, 112679, 7200.363227 
