1, -669.283905, 0.652542, 1877, 3.165008 
2, -355.347782, 0.555294, 2503, 4.840916 
3, -319.233447, 0.489987, 3755, 9.117387 
4, -168.756332, 0.676435, 4381, 16.260710 
5, -159.391261, 0.540159, 5007, 22.087752 
6, -110.636485, 0.612763, 6885, 37.107108 
7, -108.081887, 0.592084, 8763, 66.202296 
8, -107.039259, 0.566576, 11893, 112.949105 
9, -90.957560, 0.512948, 24413, 317.712766 
10, -35.333437, 0.464853, 30047, 477.556744 
11, -32.774845, 0.462894, 35681, 722.929499 
12, -25.121932, 0.451457, 39437, 1030.750721 
13, -6.324260, 0.620903, 48201, 1587.807013 
14, 20.194208, 0.620542, 48827, 1623.225848 
15, 24.125935, 0.619464, 50705, 1801.084276 
16, 25.193208, 0.617482, 51957, 1984.484877 
17, 33.871543, 0.615973, 53209, 2139.319701 
18, 39.640684, 0.614610, 53835, 2164.123536 
19, 50.925294, 0.581735, 66355, 3981.284506 
20, 50.925294, 0.538834, 87639, 7200.112704 
