1, -120.082960, 0.622764, 3129, 6.525343 
2, -117.552610, 0.556028, 3755, 8.734521 
3, -117.164772, 0.524200, 6259, 45.870855 
4, -112.430227, 0.498255, 6885, 54.922046 
5, -112.159000, 0.484344, 7511, 62.821622 
6, -91.439946, 0.514887, 9389, 77.130259 
7, -88.368436, 0.479708, 18779, 292.160130 
8, -42.374916, 0.587827, 25665, 506.213123 
9, 6.000810, 0.585494, 26291, 555.316551 
10, 20.670957, 0.543236, 31925, 918.842040 
11, 30.589830, 0.534371, 33177, 999.437500 
12, 36.240475, 0.536201, 44445, 1816.768162 
13, 91.399622, 0.517381, 47575, 2088.111190 
14, 91.399622, 0.388303, 80753, 7200.795692 
