1, -753.798342, 0.640000, 1251, 2.031223 
2, -598.342292, 0.697228, 2503, 4.898233 
3, -587.725257, 0.601103, 3129, 7.312160 
4, -467.632219, 0.609907, 3755, 10.031301 
5, -453.645625, 0.624103, 4381, 14.185456 
6, -171.664096, 0.449242, 5633, 25.618099 
7, -127.743062, 0.629366, 7511, 34.974782 
8, -127.402991, 0.469755, 14397, 111.821137 
9, -123.720521, 0.477644, 18153, 162.977288 
10, -122.305378, 0.481303, 27543, 342.726366 
11, -54.925088, 0.550566, 32551, 499.555508 
12, -20.577123, 0.541659, 33177, 538.784810 
13, -19.560869, 0.426378, 40063, 976.264026 
14, 13.256132, 0.376313, 42567, 1267.192027 
15, 15.613063, 0.381777, 45071, 1508.102806 
16, 47.345031, 0.403337, 66355, 4294.797870 
17, 47.345031, 0.426155, 78875, 7200.513406 
