1, -688.496233, 0.589091, 1251, 1.786365 
2, -115.689174, 0.605852, 3129, 8.486553 
3, -113.870121, 0.562305, 3755, 9.820836 
4, -109.516654, 0.517693, 5007, 12.985391 
5, -109.267531, 0.461725, 9389, 41.971158 
6, -109.002998, 0.463372, 10015, 46.762390 
7, -106.181966, 0.480097, 13145, 86.638674 
8, -106.170651, 0.434099, 26291, 261.903607 
9, -106.016493, 0.458669, 35055, 481.178861 
10, -69.929649, 0.601899, 41941, 771.004815 
11, -66.457260, 0.598735, 42567, 810.610246 
12, -31.584581, 0.597013, 43819, 888.586346 
13, -28.036848, 0.589823, 44445, 929.638415 
14, -17.220886, 0.546165, 49453, 1306.702558 
15, -12.441814, 0.541137, 50079, 1342.058373 
16, -6.305660, 0.525536, 51331, 1409.849056 
17, 11.682492, 0.475990, 53209, 1517.900389 
18, 12.079358, 0.413140, 77623, 4089.156352 
19, 12.235121, 0.403975, 91395, 5970.657013 
20, 12.235121, 0.408321, 100785, 7200.264873 
