1, -380.842410, 0.636842, 1877, 5.001645 
2, -132.210212, 0.468531, 3129, 11.637215 
3, -128.718163, 0.431250, 3755, 13.237337 
4, -119.691661, 0.574978, 6885, 48.131581 
5, -106.908195, 0.555464, 7511, 59.808015 
6, -59.094160, 0.547392, 8763, 89.989929 
7, -24.392522, 0.503354, 20031, 299.754565 
8, -20.985027, 0.466312, 27543, 573.439376 
9, -20.273495, 0.477044, 49453, 1581.440987 
10, -3.496949, 0.692137, 84509, 4703.062664 
11, 15.732670, 0.689886, 85135, 4729.132183 
12, 23.889444, 0.673469, 91395, 5445.156158 
13, 23.889444, 0.641676, 107671, 7200.910767 
