0, 15.820000, 0.000000, 10000, 1637366126.592608 
1, 129.280000, 0.976000, 20001, 204.717918 
0, 15.820000, 0.000000, 10000, 1637366765.065744 
0, 15.820000, 0.000000, 10000, 1637366817.221599 
0, 9.380000, 0.000000, 100, 0.091141 
1, 178.640000, 0.976000, 200, 54.370199 
0, 9.380000, 0.000000, 100, 0.067957 
1, 178.640000, 0.976000, 200, 51.112084 
2, 183.460000, 0.840480, 400, 436.731611 
3, 255.620000, 0.885749, 500, 816.321477 
4, 318.400000, 0.868070, 700, 2297.130170 
5, 318.400000, 0.866700, 700, 3543.179622 
