1, -136.647089, -116.442459, 104375, 63.212819 
2, -124.922025, -108.983029, 208125, 87.686958 
3, -119.430904, -109.862653, 415625, 145.265222 
4, -88.124106, -55.234714, 519375, 176.101013 
5, -84.092290, -59.298315, 623125, 206.623453 
6, -82.263236, -54.429617, 934375, 293.259936 
7, -81.286423, -57.689751, 1349375, 413.270646 
8, -75.107846, -63.051340, 1556875, 472.394569 
9, -72.993014, -56.421919, 3009375, 856.148656 
10, -72.584006, -59.985059, 4358125, 1275.455862 
11, -68.327442, -66.689631, 9753125, 3139.937472 
12, -64.729474, -62.826536, 17119375, 6112.609678 
