1, -119.446235, -110.964252, 104375, 25.211509 
2, -98.874346, -58.778544, 208125, 54.260810 
3, -87.475282, -42.091551, 311875, 83.188716 
4, -79.022259, -49.753883, 415625, 115.175915 
5, -72.548287, -45.214082, 519375, 145.597600 
6, -55.528078, -45.893592, 726875, 210.938415 
7, -52.707931, -59.740976, 1141875, 349.902426 
8, -50.583312, -48.497527, 9338125, 2976.600490 
9, -41.899869, -46.247562, 10894375, 3484.824948 
10, -40.536790, -15.332855, 17741875, 5671.939038 
11, -32.220387, -16.409826, 18156875, 5828.974560 
