1, -123.629187, -107.425551, 104375, 30.110696 
2, -123.320525, -116.006509, 208125, 59.114361 
3, -111.067679, -106.186171, 415625, 115.028296 
4, -108.992386, -101.182091, 1038125, 355.551467 
5, -108.442992, -106.249036, 2386875, 790.446317 
6, -107.963813, -106.838020, 3113125, 1073.704545 
7, -87.028726, -80.836629, 3216875, 1114.065918 
8, -39.277322, -27.674891, 3320625, 1158.424305 
9, -37.981366, -22.094650, 3424375, 1210.207649 
10, -31.386256, -21.505967, 3735625, 1373.567792 
11, -23.895814, -9.726122, 3839375, 1430.609293 
12, -20.126369, -14.643005, 4254375, 1658.978209 
13, -16.087229, -0.156229, 4773125, 1950.490454 
14, -3.449522, -1.054156, 5188125, 2209.625549 
15, 3.189388, 6.098653, 8404375, 4207.244371 
16, 36.958546, 45.250843, 11205625, 6503.816663 
