1, -109.859508, -111.639935, 104375, 40.321970 
2, -109.690223, -107.291125, 519375, 218.586881 
3, -108.376462, -107.532193, 1660625, 752.255763 
4, -96.762896, -72.108482, 1764375, 803.439437 
5, -69.237229, -68.746055, 1868125, 844.371438 
6, -65.269659, -50.731312, 2283125, 1028.667942 
7, -43.478739, -11.219123, 2490625, 1187.498020 
8, -29.997731, -14.413348, 2594375, 1292.651153 
9, 26.213812, 73.334664, 2698125, 1517.362114 
10, 60.790545, 117.464044, 2801875, 1983.091627 
11, 89.568019, 113.102035, 3113125, 3392.788300 
12, 109.686023, 134.193596, 3320625, 4729.040355 
