1, -171.026280, -113.656388, 104375, 55.551208 
2, -115.420481, -105.704424, 208125, 106.486743 
3, -108.007269, -104.654092, 311875, 154.199706 
4, -40.313095, -28.232677, 415625, 206.075448 
5, -39.894037, -13.101984, 519375, 319.284211 
6, -24.337079, -6.894903, 623125, 441.389044 
7, -12.763424, 1.003066, 830625, 697.172621 
8, 43.271029, 53.927516, 1141875, 1074.757617 
9, 45.624030, 70.477773, 1556875, 2038.888772 
10, 48.233919, 116.480734, 2386875, 4141.323471 
11, 55.085301, 94.420971, 2594375, 4873.677923 
12, 57.153819, 102.593571, 2801875, 5631.398410 
