1, -131.317183, -112.689690, 104375, 23.685700 
2, -130.691312, -104.812354, 415625, 95.324231 
3, -129.921040, -103.191925, 519375, 129.807109 
4, -124.209890, -111.503841, 934375, 256.066556 
5, -117.341403, -106.025349, 1038125, 283.591666 
6, -87.313108, -70.906397, 4358125, 1165.155374 
7, -61.473561, -43.376820, 4461875, 1213.798616 
8, -54.397680, -46.921478, 4565625, 1260.625376 
9, -39.594178, -25.819623, 5084375, 1530.690734 
10, -29.632991, 2.689206, 5395625, 1841.395818 
11, -22.188199, -5.828746, 7989375, 4416.626661 
