1, -133.756074, -118.138194, 104375, 46.820733 
2, -119.787330, -107.846588, 519375, 140.719504 
3, -91.321584, -79.261175, 726875, 203.962645 
4, -88.964531, -54.100247, 1141875, 393.914421 
5, -76.524356, -37.695854, 1660625, 702.698556 
6, -62.414223, -35.182211, 1868125, 814.708195 
7, -60.471030, -43.169543, 2698125, 1266.271348 
8, -59.977360, -36.616488, 3009375, 1471.721426 
9, -47.129496, -47.975916, 3424375, 1712.487050 
10, -44.089947, -17.454569, 5395625, 2692.624519 
11, -4.480344, 8.757089, 5603125, 2836.490664 
