1, -821.431165, 0.635092, 1251, 42.466831 
2, -730.774632, 0.612533, 3129, 170.345688 
3, -698.807677, 0.609323, 6885, 516.573841 
4, -662.346265, 0.605539, 7511, 561.787017 
5, -660.165281, 0.556607, 19405, 1794.227575 
6, -655.781192, 0.542895, 24413, 2315.563503 
7, -131.488601, 0.596008, 31925, 3239.958936 
8, -97.930723, 0.587989, 33177, 3464.048023 
9, -96.815824, 0.565730, 40063, 4360.526475 
10, -14.426113, 0.560690, 48827, 5812.451589 
11, 6.072853, 0.559484, 50079, 6059.033845 
12, 73.178415, 0.556792, 51957, 6473.228447 
13, 152.870794, 0.556495, 52583, 6576.089205 
