1, -330.025520, 0.525491, 1251, 15.727422 
2, -328.781122, 0.490187, 5007, 252.022759 
3, -278.480485, 0.511428, 11267, 725.219472 
4, -209.495489, 0.463785, 19405, 1247.116083 
5, -201.206258, 0.448760, 22535, 1477.218746 
6, -191.341105, 0.443276, 23787, 1552.283690 
7, -116.622597, 0.474383, 41315, 3199.955603 
8, -114.421980, 0.473437, 41941, 3250.490201 
9, -114.213627, 0.472536, 42567, 3291.014201 
10, -111.132498, 0.471421, 43193, 3379.486622 
11, -109.600468, 0.465892, 47575, 3973.609775 
12, -108.736983, 0.462512, 50079, 4319.140408 
13, -106.847958, 0.458052, 61973, 5652.314032 
