1, -803.895254, 0.626418, 1251, 45.346829 
2, -498.263029, 0.613913, 3129, 228.004517 
3, -466.547647, 0.610954, 3755, 261.142296 
4, -444.058441, 0.602268, 5633, 439.709638 
5, -417.563379, 0.543803, 13145, 1150.683988 
6, -399.589160, 0.542268, 13771, 1181.013744 
7, -376.143285, 0.494654, 26291, 2468.833941 
8, -318.782710, 0.503764, 35681, 3624.697044 
9, -308.191314, 0.496641, 40063, 4340.343073 
10, -110.482722, 0.510217, 40689, 4415.349673 
11, -109.872206, 0.513557, 50705, 5692.968324 
12, -108.112023, 0.510677, 54461, 6166.734917 
