1, -342.273364, 0.512622, 1877, 57.591233 
2, -340.109745, 0.628829, 2503, 80.462368 
3, -306.384043, 0.629563, 3129, 99.816783 
4, -244.726132, 0.623296, 4381, 155.872195 
5, -243.796327, 0.618255, 5007, 187.079058 
6, -240.300452, 0.613543, 5633, 226.121901 
7, -220.270016, 0.622682, 6885, 289.001111 
8, -208.169424, 0.601811, 10015, 565.216644 
9, -203.325368, 0.580717, 13145, 831.215169 
10, -182.617148, 0.545785, 19405, 1266.493222 
11, -110.795481, 0.523795, 23787, 1615.665618 
12, -108.199224, 0.522773, 24413, 1675.121248 
13, -105.978324, 0.521573, 36933, 3363.036609 
14, -105.819709, 0.517776, 38811, 3759.415376 
