1, -597.480389, 0.000000, 625, 0.260835 
1, -526.802714, 0.554566, 1251, 2.298487 
2, -270.594715, 0.579624, 4381, 19.851035 
3, -141.724526, 0.586431, 5007, 31.637451 
4, -128.819220, 0.587748, 6259, 44.721207 
5, -128.709419, 0.544467, 8763, 62.408840 
6, -126.176692, 0.519525, 11267, 96.082760 
7, -114.210991, 0.507278, 11893, 102.054911 
8, -111.462368, 0.513345, 31925, 528.454958 
9, -111.243463, 0.520040, 35681, 633.118062 
10, -83.052921, 0.582639, 44445, 1012.343897 
11, -79.302876, 0.567123, 50705, 1357.997885 
12, -56.973001, 0.662518, 53209, 1534.560827 
13, -40.815514, 0.657761, 53835, 1596.804834 
14, -12.602182, 0.653227, 54461, 1642.249835 
15, 5.699361, 0.638495, 58843, 1913.997269 
16, 37.365710, 0.497622, 92647, 5453.043362 
17, 63.191981, 0.516628, 95777, 5965.555632 
18, 75.687039, 0.516500, 96403, 6125.429784 
19, 75.687039, 0.533627, 101411, 7201.487011 
