1, -604.585329, 0.000000, 625, 0.288953 
1, -329.147156, 0.602837, 3129, 12.785903 
2, -140.443604, 0.593750, 3755, 18.674663 
3, -132.821128, 0.567623, 4381, 25.854614 
4, -88.263573, 0.672935, 6259, 54.409676 
5, -8.530908, 0.659250, 10641, 124.936110 
6, -5.025608, 0.615811, 15023, 176.238678 
7, -2.250490, 0.601609, 18153, 266.958363 
8, -1.300376, 0.625458, 20031, 314.113106 
9, 21.269719, 0.601946, 26291, 523.501522 
10, 99.175698, 0.626352, 88891, 6586.709418 
11, 99.175698, 0.616848, 92021, 7200.135183 
