1, -848.271944, 0.000000, 625, 0.655511 
1, -655.036402, 0.566787, 1877, 6.357219 
2, -359.457635, 0.609001, 3129, 12.371452 
3, -309.361814, 0.614014, 3755, 18.376240 
4, -290.295253, 0.595254, 5007, 36.466658 
5, -159.025472, 0.601145, 5633, 45.422963 
6, -156.000024, 0.580282, 6885, 59.569937 
7, -148.678376, 0.564144, 7511, 65.507142 
8, -142.452383, 0.584494, 10015, 97.606981 
9, -130.157266, 0.561710, 11267, 114.229569 
10, -112.408265, 0.554140, 11893, 121.304996 
11, -43.745116, 0.584499, 15023, 170.933527 
12, -15.335243, 0.591030, 16901, 213.002845 
13, -14.798941, 0.532845, 25665, 494.857429 
14, -1.168548, 0.529760, 27543, 575.879775 
15, 4.031728, 0.703391, 37559, 1039.748581 
16, 27.751609, 0.700153, 38185, 1075.136683 
17, 50.247660, 0.704291, 39437, 1147.949269 
18, 86.482848, 0.568836, 55087, 3118.498200 
19, 86.482848, 0.594564, 77623, 7200.681196 
