1, -537.875541, 0.000000, 625, 0.212050 
1, -459.173389, 0.523224, 3129, 9.218642 
2, -285.630947, 0.548387, 4381, 17.229784 
3, -129.050023, 0.583974, 5633, 28.229594 
4, -127.701991, 0.569496, 6259, 35.822207 
5, -125.475499, 0.556548, 6885, 40.222333 
6, -63.307056, 0.614404, 8137, 47.542646 
7, -61.031165, 0.592806, 10015, 66.659980 
8, -44.090124, 0.590948, 11893, 85.019545 
9, -42.608321, 0.584986, 13145, 105.845548 
10, -34.236963, 0.582293, 13771, 110.630826 
11, -8.954242, 0.600508, 16901, 206.639312 
12, 31.686301, 0.623268, 31925, 881.706743 
13, 40.046451, 0.605223, 33803, 993.161939 
14, 62.791186, 0.601915, 36307, 1169.936896 
15, 64.636805, 0.601221, 45697, 1987.925753 
16, 73.088510, 0.513697, 58843, 3204.265685 
17, 73.088510, 0.477526, 85135, 7200.369903 
