1, -760.765910, 0.000000, 625, 0.585365 
1, -581.177706, 0.619048, 1877, 4.807548 
2, -521.558404, 0.519256, 3129, 11.836459 
3, -142.659120, 0.504474, 3755, 14.775753 
4, -60.628282, 0.630699, 6259, 33.390375 
5, -60.101227, 0.552713, 12519, 128.223169 
6, -55.008362, 0.548775, 13145, 137.352661 
7, -53.727050, 0.539517, 13771, 148.981568 
8, 13.114902, 0.617350, 20031, 326.419245 
9, 14.171183, 0.544742, 24413, 451.133490 
10, 23.287616, 0.526483, 33177, 911.924876 
11, 26.945375, 0.520805, 35681, 1081.474543 
12, 54.462291, 0.594881, 47575, 2183.824856 
13, 68.657751, 0.593358, 48201, 2222.273924 
14, 72.425033, 0.589771, 49453, 2321.580183 
15, 80.249410, 0.576908, 53835, 2592.162266 
16, 80.725524, 0.540923, 62599, 3192.853873 
17, 84.032648, 0.535411, 66355, 3604.685484 
18, 84.032648, 0.487118, 95151, 7200.467800 
