1, -425.314084, 0.000000, 625, 0.192276 
1, -167.128527, 0.745432, 3755, 17.339115 
2, -143.838090, 0.702915, 4381, 27.786138 
3, -41.189115, 0.684720, 5007, 32.393669 
4, -31.995669, 0.600431, 9389, 86.663635 
5, -28.885520, 0.553883, 12519, 124.738096 
6, -28.216114, 0.557446, 31299, 706.951216 
7, -23.414709, 0.552342, 33803, 823.422686 
8, 39.869077, 0.705704, 35055, 908.887298 
9, 49.848399, 0.683724, 35681, 956.516216 
10, 65.548363, 0.578407, 40689, 1444.969758 
11, 72.217196, 0.591873, 45071, 1916.354181 
12, 116.112353, 0.585420, 45697, 1980.241767 
13, 143.808996, 0.565640, 48827, 2328.889349 
14, 143.808996, 0.483594, 75745, 7200.181906 
