1, -129.828485, 0.000000, 625, 0.131562 
1, -121.122138, 0.599527, 10015, 88.493813 
2, -110.701561, 0.641200, 10641, 97.780766 
3, -109.760048, 0.619852, 11893, 107.574549 
4, -108.551561, 0.589866, 13771, 137.643411 
5, -106.423161, 0.549771, 18779, 225.937672 
6, 51.405636, 0.672957, 50705, 1333.579289 
7, 85.744599, 0.628152, 66981, 2920.269721 
8, 107.595585, 0.625291, 67607, 2979.207859 
9, 107.970645, 0.606762, 70737, 3275.219348 
10, 108.097470, 0.601906, 78249, 4544.465295 
11, 110.782408, 0.592367, 80127, 4906.021370 
12, 113.239768, 0.577396, 88265, 6269.001671 
13, 113.239768, 0.569728, 92647, 7200.729119 
