1, -782.677614, 0.665354, 1251, 1.800352 
2, -638.424876, 0.731481, 1877, 4.196214 
3, -366.446933, 0.565603, 3129, 10.157205 
4, -119.831800, 0.606618, 5007, 22.200765 
5, -112.418177, 0.605609, 5633, 26.608389 
6, -111.791531, 0.583129, 6259, 31.746125 
7, -110.532961, 0.513793, 8763, 56.473270 
8, -109.283514, 0.500287, 11267, 81.739472 
9, -108.902855, 0.494806, 13771, 117.651453 
10, -106.907774, 0.543331, 17527, 158.806693 
11, -83.378582, 0.534941, 18153, 173.539373 
12, -75.498621, 0.438576, 50705, 1385.452921 
13, -72.278816, 0.436736, 54461, 1611.790785 
14, -57.257496, 0.435128, 70111, 2555.545790 
15, -38.449410, 0.442777, 95151, 4548.951119 
16, -38.390464, 0.446347, 117687, 6731.301270 
17, -38.390464, 0.479287, 121443, 7200.526519 
