1, -125.244958, 0.521226, 1877, 2.503889 
2, -109.591147, 0.482540, 5007, 15.991203 
3, -109.519727, 0.434473, 8763, 36.510878 
4, -108.974786, 0.415605, 21283, 251.053974 
5, -108.563265, 0.430260, 23161, 291.225518 
6, -103.787473, 0.440585, 26917, 368.147290 
7, -77.999115, 0.566030, 54461, 1405.166996 
8, -66.428928, 0.523327, 60095, 1793.045216 
9, -63.907832, 0.498174, 63851, 2141.782719 
10, -61.639659, 0.453218, 75119, 3190.843760 
11, -47.162275, 0.480781, 82631, 4072.603127 
12, -20.637427, 0.479424, 83257, 4149.474022 
13, -20.637427, 0.444895, 99533, 7200.128330 
