1, -293.774057, 0.550000, 1877, 1.926994 
2, -277.088919, 0.495556, 2503, 3.992969 
3, -114.967768, 0.536122, 3129, 5.201422 
4, -72.056081, 0.563050, 9389, 38.848788 
5, -70.873531, 0.540973, 10015, 44.865562 
6, -70.303962, 0.524710, 10641, 48.983819 
7, -58.142819, 0.505949, 11893, 61.196059 
8, -26.223267, 0.454615, 23161, 301.881308 
9, -23.622542, 0.482330, 41941, 943.171338 
10, -21.336469, 0.467843, 60095, 1858.097475 
11, -18.695800, 0.466899, 110801, 5954.381466 
12, -18.695800, 0.467945, 123321, 7200.092011 
