1, -385.794333, 0.661417, 1251, 1.628901 
2, -205.583379, 0.498630, 1877, 3.060732 
3, -158.863875, 0.503394, 5633, 20.031623 
4, -111.794422, 0.511538, 6885, 27.735329 
5, -109.557885, 0.479464, 7511, 32.447456 
6, -106.754171, 0.464453, 11267, 68.049877 
7, -106.444806, 0.452489, 11893, 81.053585 
8, -97.436470, 0.613768, 51957, 1340.680619 
9, -90.188484, 0.609844, 52583, 1448.137252 
10, -51.699170, 0.578261, 62599, 1951.635414 
11, -40.199517, 0.557595, 64477, 2161.747600 
12, -24.582349, 0.569452, 65103, 2208.096244 
13, -17.418668, 0.517639, 66981, 2344.959563 
14, 14.872704, 0.486249, 73241, 2763.399511 
15, 17.338841, 0.468957, 74493, 2935.002889 
16, 48.629133, 0.455728, 75119, 3022.662755 
17, 48.629133, 0.422214, 102663, 7200.432132 
