1, -777.906602, 0.480315, 1251, 1.683558 
2, -309.597714, 0.593548, 2503, 4.239471 
3, -157.808643, 0.639626, 3755, 9.176395 
4, -152.132937, 0.593315, 4381, 11.942985 
5, -124.666001, 0.580367, 6259, 25.032043 
6, -118.902885, 0.536932, 7511, 33.543204 
7, -114.514037, 0.524362, 9389, 60.532026 
8, -112.960534, 0.503671, 10015, 69.467652 
9, -105.792315, 0.473349, 16901, 228.667084 
10, -64.949815, 0.544738, 53209, 2216.441830 
11, -60.312862, 0.542850, 53835, 2254.005656 
12, -57.408360, 0.500653, 71989, 4132.228784 
13, -46.426408, 0.509889, 73867, 4344.292254 
14, -36.209167, 0.505816, 75745, 4628.732236 
15, -30.531200, 0.508061, 89517, 6718.656808 
16, -30.531200, 0.507991, 93899, 7200.053584 
