1, -157.619497, 0.429054, 2503, 4.800419 
2, -113.518362, 0.545347, 4381, 15.926178 
3, -110.615226, 0.503247, 5007, 19.942406 
4, -96.761764, 0.579921, 18779, 188.542222 
5, -57.957628, 0.568373, 19405, 200.309470 
6, -16.694611, 0.596296, 21909, 277.008130 
7, -6.364214, 0.443148, 32551, 811.724777 
8, -3.260382, 0.447311, 33803, 867.271129 
9, -1.253691, 0.448043, 42567, 1319.834405 
10, 43.480750, 0.555338, 65103, 3728.041398 
11, 61.986859, 0.526932, 65729, 3828.767540 
12, 90.095522, 0.526558, 66355, 3903.849888 
13, 101.624264, 0.517289, 66981, 3960.767971 
14, 112.649558, 0.483731, 68233, 4130.243830 
15, 115.261499, 0.439490, 72615, 4906.863158 
16, 117.874592, 0.418421, 81379, 6448.760759 
17, 117.874592, 0.408163, 85761, 7200.127325 
