1, -139.493279, 0.421875, 1877, 2.246701 
2, -134.507255, 0.329159, 3129, 4.662992 
3, -108.147267, 0.555556, 7511, 34.773978 
4, -107.428228, 0.551570, 9389, 49.872152 
5, -105.183216, 0.520566, 11267, 67.087749 
6, -38.593316, 0.610469, 11893, 73.432258 
7, -34.548698, 0.463290, 25039, 408.005468 
8, -21.774086, 0.454684, 40689, 1235.571826 
9, -0.297725, 0.441273, 50079, 1793.320713 
10, 0.509073, 0.444018, 53835, 2030.235934 
11, 5.905538, 0.471742, 81379, 4645.918252 
12, 42.160430, 0.435920, 99533, 6499.112663 
13, 42.160430, 0.455995, 103915, 7200.232764 
