1, -621.873129, 0.623932, 1877, 2.734225 
2, -475.954705, 0.665331, 2503, 3.877743 
3, -474.033464, 0.535370, 3755, 8.292198 
4, -271.167782, 0.510057, 4381, 10.511527 
5, -184.894365, 0.559524, 5007, 13.721775 
6, -173.920574, 0.481865, 6259, 21.104718 
7, -173.619765, 0.520055, 9389, 54.212377 
8, -149.931231, 0.506631, 10015, 58.308703 
9, -110.112596, 0.508291, 10641, 63.610383 
10, -106.477018, 0.474329, 11893, 77.123699 
11, -100.778570, 0.473726, 104541, 4878.312723 
12, -98.591350, 0.471593, 105793, 4981.269358 
13, -96.111944, 0.470060, 107045, 5038.699064 
14, -78.096400, 0.469513, 108297, 5189.555901 
15, -78.096400, 0.463878, 123321, 7200.001541 
