1, -360.395853, 0.513514, 1877, 2.319526 
2, -347.004223, 0.430017, 2503, 5.222029 
3, -133.374408, 0.541985, 3129, 8.814768 
4, -125.210331, 0.539216, 3755, 11.743765 
5, -124.045569, 0.527739, 10015, 52.118239 
6, -124.041202, 0.500472, 15649, 98.840344 
7, -66.311977, 0.581144, 21909, 189.217371 
8, -62.716692, 0.572073, 22535, 201.278542 
9, -62.272311, 0.571555, 23161, 211.898145 
10, -61.453324, 0.563410, 26291, 286.969495 
11, -59.737239, 0.564520, 26917, 305.621965 
12, -58.831437, 0.544430, 34429, 579.901390 
13, -56.148547, 0.542717, 36933, 653.510021 
14, -47.366484, 0.508034, 52583, 1492.872978 
15, -40.380676, 0.489926, 58217, 1960.679880 
16, -38.794181, 0.468977, 102037, 6450.322165 
17, -38.794181, 0.470872, 107671, 7200.049428 
