1, -545.649255, 0.625698, 1877, 2.058641 
2, -479.763332, 0.511579, 3129, 4.263937 
3, -406.813228, 0.553982, 3755, 7.272785 
4, -349.872175, 0.521127, 4381, 9.178632 
5, -104.165126, 0.594790, 5007, 10.329145 
6, -90.907273, 0.595717, 44445, 777.287211 
7, -82.433342, 0.543789, 47575, 905.070205 
8, -80.616205, 0.538316, 51957, 1067.170742 
9, -75.118605, 0.587742, 70737, 2232.170439 
10, -72.190117, 0.559518, 77623, 2978.240053 
11, -70.732496, 0.548833, 80753, 3365.723499 
12, -66.898897, 0.547032, 81379, 3415.402953 
13, -66.898897, 0.499321, 105793, 7201.233287 
