1, -116.729795, 0.488327, 10015, 54.277825 
2, -114.629511, 0.562500, 10641, 60.093315 
3, -113.301795, 0.548406, 11267, 64.154317 
4, -112.352624, 0.533682, 11893, 72.069598 
5, -111.895422, 0.509804, 13145, 90.330476 
6, -108.871766, 0.509684, 14397, 112.693756 
7, -106.700822, 0.503929, 21909, 381.075776 
8, -103.998367, 0.502736, 33803, 974.481058 
9, -85.322932, 0.498675, 35055, 1063.080902 
10, -83.131279, 0.497534, 36307, 1165.311800 
11, -51.109607, 0.499909, 38811, 1294.686155 
12, -46.163422, 0.502544, 40689, 1413.567525 
13, -28.095930, 0.486031, 52583, 2415.401271 
14, -17.686759, 0.487979, 55713, 2648.281391 
15, -17.686759, 0.460872, 83257, 7200.680503 
