1, -497.930186, 0.657480, 1251, 1.973859 
2, -129.757660, 0.582902, 1877, 3.321258 
3, -104.356208, 0.628255, 9389, 39.202843 
4, -98.452957, 0.611765, 10015, 45.728599 
5, -95.978303, 0.511151, 13771, 84.367814 
6, -50.552154, 0.526612, 20031, 198.549974 
7, -48.041998, 0.519458, 21283, 218.866673 
8, -47.764851, 0.520511, 24413, 285.077925 
9, -47.472043, 0.509538, 28169, 369.994026 
10, -44.742574, 0.512764, 33177, 500.347373 
11, -27.249542, 0.574788, 66355, 1861.769523 
12, -27.233156, 0.568922, 69485, 2078.011539 
13, -19.283585, 0.565661, 71989, 2256.065029 
14, -17.047203, 0.525917, 92021, 3958.119311 
15, -17.047203, 0.507017, 118313, 7200.143879 
