1, -838.016778, 0.480315, 1251, 2.024452 
2, -602.100116, 0.552778, 1877, 3.975957 
3, -263.614786, 0.604255, 2503, 6.782482 
4, -193.678955, 0.500000, 4381, 15.063866 
5, -128.238384, 0.513018, 7511, 40.189554 
6, -125.002959, 0.474507, 8763, 56.311589 
7, -124.492846, 0.460047, 9389, 61.754479 
8, -109.984911, 0.452788, 10015, 67.525710 
9, -107.832677, 0.459982, 15023, 116.268363 
10, -106.160700, 0.453866, 31925, 616.765027 
11, -105.371764, 0.487876, 41941, 935.384590 
12, -97.715595, 0.473168, 42567, 958.537072 
13, -67.839239, 0.479507, 53209, 1499.908791 
14, -49.295801, 0.455618, 69485, 2805.782817 
15, -49.295801, 0.427860, 111427, 7200.662343 
