1, -296.972018, 0.497748, 2503, 3.824014 
2, -189.019585, 0.537582, 3755, 8.326421 
3, -178.512872, 0.550054, 5633, 21.465178 
4, -147.996903, 0.500957, 8137, 50.996294 
5, -139.857121, 0.445743, 10015, 72.427044 
6, -111.718217, 0.514179, 10641, 78.698478 
7, -110.079742, 0.461507, 14397, 152.012119 
8, -108.523628, 0.393802, 29421, 648.854549 
9, -84.861697, 0.537140, 31925, 753.145949 
10, -79.892599, 0.532602, 35055, 908.766160 
11, -74.008255, 0.536175, 36933, 1052.329020 
12, -70.648991, 0.534880, 38185, 1145.183993 
13, -67.459355, 0.525254, 45071, 1514.862062 
14, -64.517864, 0.523987, 45697, 1560.982478 
15, -35.541176, 0.533842, 59469, 2575.366782 
16, -22.756220, 0.484720, 80127, 4958.243622 
17, -18.245732, 0.476307, 88265, 5951.018018 
18, 15.162770, 0.594975, 95777, 7185.130217 
19, 15.162770, 0.594254, 95777, 7200.047647 
