1, -123.267058, 0.570973, 6885, 44.234888 
2, -122.323456, 0.528302, 8763, 56.161608 
3, -120.971346, 0.497512, 10015, 65.494812 
4, -117.448494, 0.458859, 22535, 241.301273 
5, -104.031671, 0.463540, 24413, 275.412140 
6, -103.697334, 0.459589, 25039, 287.380970 
7, -100.327540, 0.453588, 25665, 297.852934 
8, -98.128591, 0.491215, 35681, 534.877907 
9, -96.524485, 0.488230, 57591, 1481.220057 
10, -95.456380, 0.480048, 68233, 2196.117795 
11, -95.271930, 0.480659, 84509, 3403.720558 
12, -95.243952, 0.481957, 112679, 5971.537910 
13, -95.243952, 0.480484, 123947, 7200.331035 
