1, -912.878951, 0.480315, 1251, 1.983642 
2, -109.621656, 0.484589, 2503, 6.669910 
3, -108.758977, 0.560827, 4381, 14.933630 
4, -108.429130, 0.445118, 10015, 45.926449 
5, -105.930123, 0.480588, 32551, 360.906508 
6, -104.439266, 0.473279, 35681, 435.658318 
7, -69.888161, 0.590855, 102037, 3996.772587 
8, -66.074777, 0.563133, 110175, 5334.407797 
9, -65.790100, 0.558976, 111427, 5553.064192 
10, -62.628510, 0.552648, 112679, 5821.113257 
11, -58.794702, 0.542708, 115809, 6292.514179 
12, -58.794702, 0.530344, 120817, 7200.370902 
